time,electricity
2022-01-01 08:00:00,13.27
2022-01-01 09:00:00,23.563
2022-01-01 10:00:00,30.21
2022-01-01 11:00:00,34.085
2022-01-01 12:00:00,35.69
2022-01-01 13:00:00,34.03
2022-01-01 14:00:00,30.12
2022-01-01 15:00:00,21.622
2022-01-01 16:00:00,8.711
2022-01-01 17:00:00,1.378
2022-01-01 18:00:00,0.0
2022-01-01 19:00:00,0.0
2022-01-01 20:00:00,0.0
2022-01-01 21:00:00,0.0
2022-01-01 22:00:00,0.0
2022-01-01 23:00:00,0.0
2022-01-02 00:00:00,0.0
2022-01-02 01:00:00,0.0
2022-01-02 02:00:00,0.0
2022-01-02 03:00:00,0.0
2022-01-02 04:00:00,0.0
2022-01-02 05:00:00,0.0
2022-01-02 06:00:00,0.0
2022-01-02 07:00:00,1.96
2022-01-02 08:00:00,11.105
2022-01-02 09:00:00,21.252
2022-01-02 10:00:00,28.9
2022-01-02 11:00:00,33.759
2022-01-02 12:00:00,34.313
2022-01-02 13:00:00,33.607
2022-01-02 14:00:00,29.468
2022-01-02 15:00:00,22.176
2022-01-02 16:00:00,10.187
2022-01-02 17:00:00,1.887
2022-01-02 18:00:00,0.0
2022-01-02 19:00:00,0.0
2022-01-02 20:00:00,0.0
2022-01-02 21:00:00,0.0
2022-01-02 22:00:00,0.0
2022-01-02 23:00:00,0.0
2022-01-03 00:00:00,0.0
2022-01-03 01:00:00,0.0
2022-01-03 02:00:00,0.0
2022-01-03 03:00:00,0.0
2022-01-03 04:00:00,0.0
2022-01-03 05:00:00,0.0
2022-01-03 06:00:00,0.0
2022-01-03 07:00:00,2.872
2022-01-03 08:00:00,14.503
2022-01-03 09:00:00,24.702
2022-01-03 10:00:00,31.334
2022-01-03 11:00:00,33.999
2022-01-03 12:00:00,35.081
2022-01-03 13:00:00,33.514
2022-01-03 14:00:00,29.226
2022-01-03 15:00:00,21.483
2022-01-03 16:00:00,10.911
2022-01-03 17:00:00,2.327
2022-01-03 18:00:00,0.0
2022-01-03 19:00:00,0.0
2022-01-03 20:00:00,0.0
2022-01-03 21:00:00,0.0
2022-01-03 22:00:00,0.0
2022-01-03 23:00:00,0.0
2022-01-04 00:00:00,0.0
2022-01-04 01:00:00,0.0
2022-01-04 02:00:00,0.0
2022-01-04 03:00:00,0.0
2022-01-04 04:00:00,0.0
2022-01-04 05:00:00,0.0
2022-01-04 06:00:00,0.0
2022-01-04 07:00:00,2.277
2022-01-04 08:00:00,11.483
2022-01-04 09:00:00,23.337
2022-01-04 10:00:00,31.106
2022-01-04 11:00:00,33.926
2022-01-04 12:00:00,35.086
2022-01-04 13:00:00,33.531
2022-01-04 14:00:00,29.203
2022-01-04 15:00:00,21.327
2022-01-04 16:00:00,11.414
2022-01-04 17:00:00,2.466
2022-01-04 18:00:00,0.0
2022-01-04 19:00:00,0.0
2022-01-04 20:00:00,0.0
2022-01-04 21:00:00,0.0
2022-01-04 22:00:00,0.0
2022-01-04 23:00:00,0.0
2022-01-05 00:00:00,0.0
2022-01-05 01:00:00,0.0
2022-01-05 02:00:00,0.0
2022-01-05 03:00:00,0.0
2022-01-05 04:00:00,0.0
2022-01-05 05:00:00,0.0
2022-01-05 06:00:00,0.0
2022-01-05 07:00:00,2.348
2022-01-05 08:00:00,12.907
2022-01-05 09:00:00,22.933
2022-01-05 10:00:00,26.311
2022-01-05 11:00:00,30.228
2022-01-05 12:00:00,33.433
2022-01-05 13:00:00,31.722
2022-01-05 14:00:00,27.648
2022-01-05 15:00:00,19.908
2022-01-05 16:00:00,8.746
2022-01-05 17:00:00,1.368
2022-01-05 18:00:00,0.0
2022-01-05 19:00:00,0.0
2022-01-05 20:00:00,0.0
2022-01-05 21:00:00,0.0
2022-01-05 22:00:00,0.0
2022-01-05 23:00:00,0.0
2022-01-06 00:00:00,0.0
2022-01-06 01:00:00,0.0
2022-01-06 02:00:00,0.0
2022-01-06 03:00:00,0.0
2022-01-06 04:00:00,0.0
2022-01-06 05:00:00,0.0
2022-01-06 06:00:00,0.0
2022-01-06 07:00:00,1.215
2022-01-06 08:00:00,8.646
2022-01-06 09:00:00,19.543
2022-01-06 10:00:00,27.336
2022-01-06 11:00:00,32.556
2022-01-06 12:00:00,34.714
2022-01-06 13:00:00,33.31
2022-01-06 14:00:00,28.397
2022-01-06 15:00:00,21.147
2022-01-06 16:00:00,11.051
2022-01-06 17:00:00,1.709
2022-01-06 18:00:00,0.0
2022-01-06 19:00:00,0.0
2022-01-06 20:00:00,0.0
2022-01-06 21:00:00,0.0
2022-01-06 22:00:00,0.0
2022-01-06 23:00:00,0.0
2022-01-07 00:00:00,0.0
2022-01-07 01:00:00,0.0
2022-01-07 02:00:00,0.0
2022-01-07 03:00:00,0.0
2022-01-07 04:00:00,0.0
2022-01-07 05:00:00,0.0
2022-01-07 06:00:00,0.0
2022-01-07 07:00:00,2.605
2022-01-07 08:00:00,13.82
2022-01-07 09:00:00,24.231
2022-01-07 10:00:00,31.271
2022-01-07 11:00:00,34.25
2022-01-07 12:00:00,35.422
2022-01-07 13:00:00,33.874
2022-01-07 14:00:00,28.739
2022-01-07 15:00:00,21.459
2022-01-07 16:00:00,11.191
2022-01-07 17:00:00,1.751
2022-01-07 18:00:00,0.0
2022-01-07 19:00:00,0.0
2022-01-07 20:00:00,0.0
2022-01-07 21:00:00,0.0
2022-01-07 22:00:00,0.0
2022-01-07 23:00:00,0.0
2022-01-08 00:00:00,0.0
2022-01-08 01:00:00,0.0
2022-01-08 02:00:00,0.0
2022-01-08 03:00:00,0.0
2022-01-08 04:00:00,0.0
2022-01-08 05:00:00,0.0
2022-01-08 06:00:00,0.0
2022-01-08 07:00:00,2.401
2022-01-08 08:00:00,12.85
2022-01-08 09:00:00,23.307
2022-01-08 10:00:00,30.454
2022-01-08 11:00:00,33.706
2022-01-08 12:00:00,34.788
2022-01-08 13:00:00,33.133
2022-01-08 14:00:00,29.137
2022-01-08 15:00:00,19.537
2022-01-08 16:00:00,8.752
2022-01-08 17:00:00,1.259
2022-01-08 18:00:00,0.0
2022-01-08 19:00:00,0.0
2022-01-08 20:00:00,0.0
2022-01-08 21:00:00,0.0
2022-01-08 22:00:00,0.0
2022-01-08 23:00:00,0.0
2022-01-09 00:00:00,0.0
2022-01-09 01:00:00,0.0
2022-01-09 02:00:00,0.0
2022-01-09 03:00:00,0.0
2022-01-09 04:00:00,0.0
2022-01-09 05:00:00,0.0
2022-01-09 06:00:00,0.0
2022-01-09 07:00:00,0.272
2022-01-09 08:00:00,3.762
2022-01-09 09:00:00,13.439
2022-01-09 10:00:00,24.902
2022-01-09 11:00:00,25.794
2022-01-09 12:00:00,24.956
2022-01-09 13:00:00,19.792
2022-01-09 14:00:00,12.812
2022-01-09 15:00:00,6.538
2022-01-09 16:00:00,2.524
2022-01-09 17:00:00,0.293
2022-01-09 18:00:00,0.0
2022-01-09 19:00:00,0.0
2022-01-09 20:00:00,0.0
2022-01-09 21:00:00,0.0
2022-01-09 22:00:00,0.0
2022-01-09 23:00:00,0.0
2022-01-10 00:00:00,0.0
2022-01-10 01:00:00,0.0
2022-01-10 02:00:00,0.0
2022-01-10 03:00:00,0.0
2022-01-10 04:00:00,0.0
2022-01-10 05:00:00,0.0
2022-01-10 06:00:00,0.0
2022-01-10 07:00:00,0.252
2022-01-10 08:00:00,4.169
2022-01-10 09:00:00,15.049
2022-01-10 10:00:00,25.913
2022-01-10 11:00:00,31.365
2022-01-10 12:00:00,28.504
2022-01-10 13:00:00,21.737
2022-01-10 14:00:00,15.19
2022-01-10 15:00:00,10.837
2022-01-10 16:00:00,4.961
2022-01-10 17:00:00,0.5750000000000001
2022-01-10 18:00:00,0.0
2022-01-10 19:00:00,0.0
2022-01-10 20:00:00,0.0
2022-01-10 21:00:00,0.0
2022-01-10 22:00:00,0.0
2022-01-10 23:00:00,0.0
2022-01-11 00:00:00,0.0
2022-01-11 01:00:00,0.0
2022-01-11 02:00:00,0.0
2022-01-11 03:00:00,0.0
2022-01-11 04:00:00,0.0
2022-01-11 05:00:00,0.0
2022-01-11 06:00:00,0.0
2022-01-11 07:00:00,1.773
2022-01-11 08:00:00,12.292
2022-01-11 09:00:00,23.761
2022-01-11 10:00:00,31.337
2022-01-11 11:00:00,35.074
2022-01-11 12:00:00,36.397
2022-01-11 13:00:00,34.915
2022-01-11 14:00:00,31.358
2022-01-11 15:00:00,23.905
2022-01-11 16:00:00,13.264
2022-01-11 17:00:00,2.304
2022-01-11 18:00:00,0.0
2022-01-11 19:00:00,0.0
2022-01-11 20:00:00,0.0
2022-01-11 21:00:00,0.0
2022-01-11 22:00:00,0.0
2022-01-11 23:00:00,0.0
2022-01-12 00:00:00,0.0
2022-01-12 01:00:00,0.0
2022-01-12 02:00:00,0.0
2022-01-12 03:00:00,0.0
2022-01-12 04:00:00,0.0
2022-01-12 05:00:00,0.0
2022-01-12 06:00:00,0.0
2022-01-12 07:00:00,2.708
2022-01-12 08:00:00,13.45
2022-01-12 09:00:00,23.66
2022-01-12 10:00:00,30.554
2022-01-12 11:00:00,34.44
2022-01-12 12:00:00,35.52
2022-01-12 13:00:00,33.661
2022-01-12 14:00:00,28.721
2022-01-12 15:00:00,19.22
2022-01-12 16:00:00,8.537
2022-01-12 17:00:00,1.112
2022-01-12 18:00:00,0.0
2022-01-12 19:00:00,0.0
2022-01-12 20:00:00,0.0
2022-01-12 21:00:00,0.0
2022-01-12 22:00:00,0.0
2022-01-12 23:00:00,0.0
2022-01-13 00:00:00,0.0
2022-01-13 01:00:00,0.0
2022-01-13 02:00:00,0.0
2022-01-13 03:00:00,0.0
2022-01-13 04:00:00,0.0
2022-01-13 05:00:00,0.0
2022-01-13 06:00:00,0.0
2022-01-13 07:00:00,0.277
2022-01-13 08:00:00,2.826
2022-01-13 09:00:00,6.279
2022-01-13 10:00:00,10.812
2022-01-13 11:00:00,14.737
2022-01-13 12:00:00,18.008
2022-01-13 13:00:00,18.696
2022-01-13 14:00:00,15.491
2022-01-13 15:00:00,9.622
2022-01-13 16:00:00,4.132
2022-01-13 17:00:00,0.614
2022-01-13 18:00:00,0.0
2022-01-13 19:00:00,0.0
2022-01-13 20:00:00,0.0
2022-01-13 21:00:00,0.0
2022-01-13 22:00:00,0.0
2022-01-13 23:00:00,0.0
2022-01-14 00:00:00,0.0
2022-01-14 01:00:00,0.0
2022-01-14 02:00:00,0.0
2022-01-14 03:00:00,0.0
2022-01-14 04:00:00,0.0
2022-01-14 05:00:00,0.0
2022-01-14 06:00:00,0.0
2022-01-14 07:00:00,1.279
2022-01-14 08:00:00,7.109
2022-01-14 09:00:00,13.919
2022-01-14 10:00:00,23.06
2022-01-14 11:00:00,29.827
2022-01-14 12:00:00,30.501
2022-01-14 13:00:00,25.407
2022-01-14 14:00:00,18.265
2022-01-14 15:00:00,11.432
2022-01-14 16:00:00,5.048
2022-01-14 17:00:00,0.588
2022-01-14 18:00:00,0.0
2022-01-14 19:00:00,0.0
2022-01-14 20:00:00,0.0
2022-01-14 21:00:00,0.0
2022-01-14 22:00:00,0.0
2022-01-14 23:00:00,0.0
2022-01-15 00:00:00,0.0
2022-01-15 01:00:00,0.0
2022-01-15 02:00:00,0.0
2022-01-15 03:00:00,0.0
2022-01-15 04:00:00,0.0
2022-01-15 05:00:00,0.0
2022-01-15 06:00:00,0.0
2022-01-15 07:00:00,0.644
2022-01-15 08:00:00,4.998
2022-01-15 09:00:00,9.897
2022-01-15 10:00:00,14.842
2022-01-15 11:00:00,18.301
2022-01-15 12:00:00,20.728
2022-01-15 13:00:00,21.815
2022-01-15 14:00:00,21.89
2022-01-15 15:00:00,14.246
2022-01-15 16:00:00,6.545
2022-01-15 17:00:00,0.966
2022-01-15 18:00:00,0.0
2022-01-15 19:00:00,0.0
2022-01-15 20:00:00,0.0
2022-01-15 21:00:00,0.0
2022-01-15 22:00:00,0.0
2022-01-15 23:00:00,0.0
2022-01-16 00:00:00,0.0
2022-01-16 01:00:00,0.0
2022-01-16 02:00:00,0.0
2022-01-16 03:00:00,0.0
2022-01-16 04:00:00,0.0
2022-01-16 05:00:00,0.0
2022-01-16 06:00:00,0.0
2022-01-16 07:00:00,1.394
2022-01-16 08:00:00,8.172
2022-01-16 09:00:00,16.248
2022-01-16 10:00:00,23.278
2022-01-16 11:00:00,30.311
2022-01-16 12:00:00,32.321
2022-01-16 13:00:00,31.109
2022-01-16 14:00:00,26.302
2022-01-16 15:00:00,18.901
2022-01-16 16:00:00,9.385
2022-01-16 17:00:00,1.061
2022-01-16 18:00:00,0.0
2022-01-16 19:00:00,0.0
2022-01-16 20:00:00,0.0
2022-01-16 21:00:00,0.0
2022-01-16 22:00:00,0.0
2022-01-16 23:00:00,0.0
2022-01-17 00:00:00,0.0
2022-01-17 01:00:00,0.0
2022-01-17 02:00:00,0.0
2022-01-17 03:00:00,0.0
2022-01-17 04:00:00,0.0
2022-01-17 05:00:00,0.0
2022-01-17 06:00:00,0.0
2022-01-17 07:00:00,1.627
2022-01-17 08:00:00,9.263
2022-01-17 09:00:00,17.227
2022-01-17 10:00:00,22.981
2022-01-17 11:00:00,26.005
2022-01-17 12:00:00,25.667
2022-01-17 13:00:00,24.027
2022-01-17 14:00:00,20.76
2022-01-17 15:00:00,14.616
2022-01-17 16:00:00,6.905
2022-01-17 17:00:00,0.978
2022-01-17 18:00:00,0.0
2022-01-17 19:00:00,0.0
2022-01-17 20:00:00,0.0
2022-01-17 21:00:00,0.0
2022-01-17 22:00:00,0.0
2022-01-17 23:00:00,0.0
2022-01-18 00:00:00,0.0
2022-01-18 01:00:00,0.0
2022-01-18 02:00:00,0.0
2022-01-18 03:00:00,0.0
2022-01-18 04:00:00,0.0
2022-01-18 05:00:00,0.0
2022-01-18 06:00:00,0.0
2022-01-18 07:00:00,1.228
2022-01-18 08:00:00,7.01
2022-01-18 09:00:00,14.816
2022-01-18 10:00:00,20.945
2022-01-18 11:00:00,21.672
2022-01-18 12:00:00,22.184
2022-01-18 13:00:00,20.374
2022-01-18 14:00:00,17.617
2022-01-18 15:00:00,12.04
2022-01-18 16:00:00,6.881
2022-01-18 17:00:00,1.256
2022-01-18 18:00:00,0.0
2022-01-18 19:00:00,0.0
2022-01-18 20:00:00,0.0
2022-01-18 21:00:00,0.0
2022-01-18 22:00:00,0.0
2022-01-18 23:00:00,0.0
2022-01-19 00:00:00,0.0
2022-01-19 01:00:00,0.0
2022-01-19 02:00:00,0.0
2022-01-19 03:00:00,0.0
2022-01-19 04:00:00,0.0
2022-01-19 05:00:00,0.0
2022-01-19 06:00:00,0.0
2022-01-19 07:00:00,3.05
2022-01-19 08:00:00,15.227
2022-01-19 09:00:00,25.507
2022-01-19 10:00:00,33.394
2022-01-19 11:00:00,38.013
2022-01-19 12:00:00,39.007
2022-01-19 13:00:00,37.401
2022-01-19 14:00:00,33.289
2022-01-19 15:00:00,26.115
2022-01-19 16:00:00,15.743
2022-01-19 17:00:00,3.499
2022-01-19 18:00:00,0.0
2022-01-19 19:00:00,0.0
2022-01-19 20:00:00,0.0
2022-01-19 21:00:00,0.0
2022-01-19 22:00:00,0.0
2022-01-19 23:00:00,0.0
2022-01-20 00:00:00,0.0
2022-01-20 01:00:00,0.0
2022-01-20 02:00:00,0.0
2022-01-20 03:00:00,0.0
2022-01-20 04:00:00,0.0
2022-01-20 05:00:00,0.0
2022-01-20 06:00:00,0.0
2022-01-20 07:00:00,4.337
2022-01-20 08:00:00,16.493
2022-01-20 09:00:00,26.548
2022-01-20 10:00:00,30.851
2022-01-20 11:00:00,35.03
2022-01-20 12:00:00,37.23
2022-01-20 13:00:00,36.293
2022-01-20 14:00:00,31.392
2022-01-20 15:00:00,24.522
2022-01-20 16:00:00,14.288
2022-01-20 17:00:00,2.739
2022-01-20 18:00:00,0.0
2022-01-20 19:00:00,0.0
2022-01-20 20:00:00,0.0
2022-01-20 21:00:00,0.0
2022-01-20 22:00:00,0.0
2022-01-20 23:00:00,0.0
2022-01-21 00:00:00,0.0
2022-01-21 01:00:00,0.0
2022-01-21 02:00:00,0.0
2022-01-21 03:00:00,0.0
2022-01-21 04:00:00,0.0
2022-01-21 05:00:00,0.0
2022-01-21 06:00:00,0.0
2022-01-21 07:00:00,3.872
2022-01-21 08:00:00,15.205
2022-01-21 09:00:00,24.331
2022-01-21 10:00:00,30.878
2022-01-21 11:00:00,34.947
2022-01-21 12:00:00,36.291
2022-01-21 13:00:00,34.758
2022-01-21 14:00:00,28.6
2022-01-21 15:00:00,19.7
2022-01-21 16:00:00,10.145
2022-01-21 17:00:00,1.761
2022-01-21 18:00:00,0.0
2022-01-21 19:00:00,0.0
2022-01-21 20:00:00,0.0
2022-01-21 21:00:00,0.0
2022-01-21 22:00:00,0.0
2022-01-21 23:00:00,0.0
2022-01-22 00:00:00,0.0
2022-01-22 01:00:00,0.0
2022-01-22 02:00:00,0.0
2022-01-22 03:00:00,0.0
2022-01-22 04:00:00,0.0
2022-01-22 05:00:00,0.0
2022-01-22 06:00:00,0.0
2022-01-22 07:00:00,1.021
2022-01-22 08:00:00,6.883
2022-01-22 09:00:00,14.667
2022-01-22 10:00:00,21.013
2022-01-22 11:00:00,26.372
2022-01-22 12:00:00,23.892
2022-01-22 13:00:00,25.615
2022-01-22 14:00:00,23.391
2022-01-22 15:00:00,17.327
2022-01-22 16:00:00,7.964
2022-01-22 17:00:00,1.184
2022-01-22 18:00:00,0.0
2022-01-22 19:00:00,0.0
2022-01-22 20:00:00,0.0
2022-01-22 21:00:00,0.0
2022-01-22 22:00:00,0.0
2022-01-22 23:00:00,0.0
2022-01-23 00:00:00,0.0
2022-01-23 01:00:00,0.0
2022-01-23 02:00:00,0.0
2022-01-23 03:00:00,0.0
2022-01-23 04:00:00,0.0
2022-01-23 05:00:00,0.0
2022-01-23 06:00:00,0.0
2022-01-23 07:00:00,1.793
2022-01-23 08:00:00,8.579
2022-01-23 09:00:00,16.889
2022-01-23 10:00:00,23.982
2022-01-23 11:00:00,26.505
2022-01-23 12:00:00,22.75
2022-01-23 13:00:00,16.292
2022-01-23 14:00:00,9.759
2022-01-23 15:00:00,6.778
2022-01-23 16:00:00,2.766
2022-01-23 17:00:00,0.22
2022-01-23 18:00:00,0.0
2022-01-23 19:00:00,0.0
2022-01-23 20:00:00,0.0
2022-01-23 21:00:00,0.0
2022-01-23 22:00:00,0.0
2022-01-23 23:00:00,0.0
2022-01-24 00:00:00,0.0
2022-01-24 01:00:00,0.0
2022-01-24 02:00:00,0.0
2022-01-24 03:00:00,0.0
2022-01-24 04:00:00,0.0
2022-01-24 05:00:00,0.0
2022-01-24 06:00:00,0.0
2022-01-24 07:00:00,0.224
2022-01-24 08:00:00,3.361
2022-01-24 09:00:00,8.037
2022-01-24 10:00:00,11.877
2022-01-24 11:00:00,12.556
2022-01-24 12:00:00,11.525
2022-01-24 13:00:00,10.195
2022-01-24 14:00:00,10.981
2022-01-24 15:00:00,9.903
2022-01-24 16:00:00,6.061
2022-01-24 17:00:00,1.203
2022-01-24 18:00:00,0.0
2022-01-24 19:00:00,0.0
2022-01-24 20:00:00,0.0
2022-01-24 21:00:00,0.0
2022-01-24 22:00:00,0.0
2022-01-24 23:00:00,0.0
2022-01-25 00:00:00,0.0
2022-01-25 01:00:00,0.0
2022-01-25 02:00:00,0.0
2022-01-25 03:00:00,0.0
2022-01-25 04:00:00,0.0
2022-01-25 05:00:00,0.0
2022-01-25 06:00:00,0.0
2022-01-25 07:00:00,2.143
2022-01-25 08:00:00,12.47
2022-01-25 09:00:00,22.923
2022-01-25 10:00:00,30.617
2022-01-25 11:00:00,35.22
2022-01-25 12:00:00,35.469
2022-01-25 13:00:00,32.826
2022-01-25 14:00:00,28.891
2022-01-25 15:00:00,23.379
2022-01-25 16:00:00,12.224
2022-01-25 17:00:00,2.075
2022-01-25 18:00:00,0.0
2022-01-25 19:00:00,0.0
2022-01-25 20:00:00,0.0
2022-01-25 21:00:00,0.0
2022-01-25 22:00:00,0.0
2022-01-25 23:00:00,0.0
2022-01-26 00:00:00,0.0
2022-01-26 01:00:00,0.0
2022-01-26 02:00:00,0.0
2022-01-26 03:00:00,0.0
2022-01-26 04:00:00,0.0
2022-01-26 05:00:00,0.0
2022-01-26 06:00:00,0.0
2022-01-26 07:00:00,3.268
2022-01-26 08:00:00,13.188
2022-01-26 09:00:00,22.44
2022-01-26 10:00:00,26.973
2022-01-26 11:00:00,28.502
2022-01-26 12:00:00,29.713
2022-01-26 13:00:00,28.281
2022-01-26 14:00:00,26.031
2022-01-26 15:00:00,20.746
2022-01-26 16:00:00,12.037
2022-01-26 17:00:00,1.97
2022-01-26 18:00:00,0.0
2022-01-26 19:00:00,0.0
2022-01-26 20:00:00,0.0
2022-01-26 21:00:00,0.0
2022-01-26 22:00:00,0.0
2022-01-26 23:00:00,0.0
2022-01-27 00:00:00,0.0
2022-01-27 01:00:00,0.0
2022-01-27 02:00:00,0.0
2022-01-27 03:00:00,0.0
2022-01-27 04:00:00,0.0
2022-01-27 05:00:00,0.0
2022-01-27 06:00:00,0.0
2022-01-27 07:00:00,2.742
2022-01-27 08:00:00,11.485
2022-01-27 09:00:00,18.622
2022-01-27 10:00:00,20.965
2022-01-27 11:00:00,27.014
2022-01-27 12:00:00,32.591
2022-01-27 13:00:00,31.566
2022-01-27 14:00:00,27.892
2022-01-27 15:00:00,20.745
2022-01-27 16:00:00,11.501
2022-01-27 17:00:00,1.911
2022-01-27 18:00:00,0.0
2022-01-27 19:00:00,0.0
2022-01-27 20:00:00,0.0
2022-01-27 21:00:00,0.0
2022-01-27 22:00:00,0.0
2022-01-27 23:00:00,0.0
2022-01-28 00:00:00,0.0
2022-01-28 01:00:00,0.0
2022-01-28 02:00:00,0.0
2022-01-28 03:00:00,0.0
2022-01-28 04:00:00,0.0
2022-01-28 05:00:00,0.0
2022-01-28 06:00:00,0.0
2022-01-28 07:00:00,4.255
2022-01-28 08:00:00,15.894
2022-01-28 09:00:00,25.615
2022-01-28 10:00:00,31.648
2022-01-28 11:00:00,33.862
2022-01-28 12:00:00,32.912
2022-01-28 13:00:00,29.407
2022-01-28 14:00:00,24.678
2022-01-28 15:00:00,18.009
2022-01-28 16:00:00,9.245
2022-01-28 17:00:00,1.427
2022-01-28 18:00:00,0.0
2022-01-28 19:00:00,0.0
2022-01-28 20:00:00,0.0
2022-01-28 21:00:00,0.0
2022-01-28 22:00:00,0.0
2022-01-28 23:00:00,0.0
2022-01-29 00:00:00,0.0
2022-01-29 01:00:00,0.0
2022-01-29 02:00:00,0.0
2022-01-29 03:00:00,0.0
2022-01-29 04:00:00,0.0
2022-01-29 05:00:00,0.0
2022-01-29 06:00:00,0.0
2022-01-29 07:00:00,2.09
2022-01-29 08:00:00,9.892
2022-01-29 09:00:00,19.245
2022-01-29 10:00:00,27.55
2022-01-29 11:00:00,32.201
2022-01-29 12:00:00,30.568
2022-01-29 13:00:00,28.34
2022-01-29 14:00:00,22.328
2022-01-29 15:00:00,12.437
2022-01-29 16:00:00,5.699
2022-01-29 17:00:00,1.0
2022-01-29 18:00:00,0.0
2022-01-29 19:00:00,0.0
2022-01-29 20:00:00,0.0
2022-01-29 21:00:00,0.0
2022-01-29 22:00:00,0.0
2022-01-29 23:00:00,0.0
2022-01-30 00:00:00,0.0
2022-01-30 01:00:00,0.0
2022-01-30 02:00:00,0.0
2022-01-30 03:00:00,0.0
2022-01-30 04:00:00,0.0
2022-01-30 05:00:00,0.0
2022-01-30 06:00:00,0.0
2022-01-30 07:00:00,3.262
2022-01-30 08:00:00,14.078
2022-01-30 09:00:00,25.519
2022-01-30 10:00:00,32.41
2022-01-30 11:00:00,35.959
2022-01-30 12:00:00,34.331
2022-01-30 13:00:00,31.466
2022-01-30 14:00:00,26.178
2022-01-30 15:00:00,20.96
2022-01-30 16:00:00,12.383
2022-01-30 17:00:00,2.665
2022-01-30 18:00:00,0.0
2022-01-30 19:00:00,0.0
2022-01-30 20:00:00,0.0
2022-01-30 21:00:00,0.0
2022-01-30 22:00:00,0.0
2022-01-30 23:00:00,0.0
2022-01-31 00:00:00,0.0
2022-01-31 01:00:00,0.0
2022-01-31 02:00:00,0.0
2022-01-31 03:00:00,0.0
2022-01-31 04:00:00,0.0
2022-01-31 05:00:00,0.0
2022-01-31 06:00:00,0.0
2022-01-31 07:00:00,0.421
2022-01-31 08:00:00,1.48
2022-01-31 09:00:00,5.033
2022-01-31 10:00:00,10.688
2022-01-31 11:00:00,11.104
2022-01-31 12:00:00,10.172
2022-01-31 13:00:00,8.68
2022-01-31 14:00:00,9.152
2022-01-31 15:00:00,8.117
2022-01-31 16:00:00,3.721
2022-01-31 17:00:00,0.552
2022-01-31 18:00:00,0.0
2022-01-31 19:00:00,0.0
2022-01-31 20:00:00,0.0
2022-01-31 21:00:00,0.0
2022-01-31 22:00:00,0.0
2022-01-31 23:00:00,0.0
2022-02-01 00:00:00,0.0
2022-02-01 01:00:00,0.0
2022-02-01 02:00:00,0.0
2022-02-01 03:00:00,0.0
2022-02-01 04:00:00,0.0
2022-02-01 05:00:00,0.0
2022-02-01 06:00:00,0.0
2022-02-01 07:00:00,0.739
2022-02-01 08:00:00,5.3
2022-02-01 09:00:00,10.612
2022-02-01 10:00:00,15.375
2022-02-01 11:00:00,16.696
2022-02-01 12:00:00,23.8
2022-02-01 13:00:00,26.804
2022-02-01 14:00:00,22.65
2022-02-01 15:00:00,16.0
2022-02-01 16:00:00,8.202
2022-02-01 17:00:00,1.308
2022-02-01 18:00:00,0.0
2022-02-01 19:00:00,0.0
2022-02-01 20:00:00,0.0
2022-02-01 21:00:00,0.0
2022-02-01 22:00:00,0.0
2022-02-01 23:00:00,0.0
2022-02-02 00:00:00,0.0
2022-02-02 01:00:00,0.0
2022-02-02 02:00:00,0.0
2022-02-02 03:00:00,0.0
2022-02-02 04:00:00,0.0
2022-02-02 05:00:00,0.0
2022-02-02 06:00:00,0.0
2022-02-02 07:00:00,0.329
2022-02-02 08:00:00,5.582
2022-02-02 09:00:00,11.207
2022-02-02 10:00:00,11.739
2022-02-02 11:00:00,10.076
2022-02-02 12:00:00,17.527
2022-02-02 13:00:00,20.023
2022-02-02 14:00:00,18.502
2022-02-02 15:00:00,11.865
2022-02-02 16:00:00,5.57
2022-02-02 17:00:00,0.834
2022-02-02 18:00:00,0.0
2022-02-02 19:00:00,0.0
2022-02-02 20:00:00,0.0
2022-02-02 21:00:00,0.0
2022-02-02 22:00:00,0.0
2022-02-02 23:00:00,0.0
2022-02-03 00:00:00,0.0
2022-02-03 01:00:00,0.0
2022-02-03 02:00:00,0.0
2022-02-03 03:00:00,0.0
2022-02-03 04:00:00,0.0
2022-02-03 05:00:00,0.0
2022-02-03 06:00:00,0.0
2022-02-03 07:00:00,0.766
2022-02-03 08:00:00,4.4
2022-02-03 09:00:00,7.505
2022-02-03 10:00:00,8.773
2022-02-03 11:00:00,10.737
2022-02-03 12:00:00,18.296
2022-02-03 13:00:00,24.837
2022-02-03 14:00:00,23.331
2022-02-03 15:00:00,17.449
2022-02-03 16:00:00,9.789
2022-02-03 17:00:00,2.047
2022-02-03 18:00:00,0.0
2022-02-03 19:00:00,0.0
2022-02-03 20:00:00,0.0
2022-02-03 21:00:00,0.0
2022-02-03 22:00:00,0.0
2022-02-03 23:00:00,0.0
2022-02-04 00:00:00,0.0
2022-02-04 01:00:00,0.0
2022-02-04 02:00:00,0.0
2022-02-04 03:00:00,0.0
2022-02-04 04:00:00,0.0
2022-02-04 05:00:00,0.0
2022-02-04 06:00:00,0.0
2022-02-04 07:00:00,1.084
2022-02-04 08:00:00,4.096
2022-02-04 09:00:00,6.776
2022-02-04 10:00:00,8.753
2022-02-04 11:00:00,10.165
2022-02-04 12:00:00,14.372
2022-02-04 13:00:00,15.842
2022-02-04 14:00:00,15.946
2022-02-04 15:00:00,13.511
2022-02-04 16:00:00,10.191
2022-02-04 17:00:00,2.713
2022-02-04 18:00:00,0.0
2022-02-04 19:00:00,0.0
2022-02-04 20:00:00,0.0
2022-02-04 21:00:00,0.0
2022-02-04 22:00:00,0.0
2022-02-04 23:00:00,0.0
2022-02-05 00:00:00,0.0
2022-02-05 01:00:00,0.0
2022-02-05 02:00:00,0.0
2022-02-05 03:00:00,0.0
2022-02-05 04:00:00,0.0
2022-02-05 05:00:00,0.0
2022-02-05 06:00:00,0.0
2022-02-05 07:00:00,4.011
2022-02-05 08:00:00,14.77
2022-02-05 09:00:00,23.809
2022-02-05 10:00:00,28.383
2022-02-05 11:00:00,31.312
2022-02-05 12:00:00,35.089
2022-02-05 13:00:00,31.854
2022-02-05 14:00:00,25.52
2022-02-05 15:00:00,16.543
2022-02-05 16:00:00,7.903
2022-02-05 17:00:00,1.52
2022-02-05 18:00:00,0.0
2022-02-05 19:00:00,0.0
2022-02-05 20:00:00,0.0
2022-02-05 21:00:00,0.0
2022-02-05 22:00:00,0.0
2022-02-05 23:00:00,0.0
2022-02-06 00:00:00,0.0
2022-02-06 01:00:00,0.0
2022-02-06 02:00:00,0.0
2022-02-06 03:00:00,0.0
2022-02-06 04:00:00,0.0
2022-02-06 05:00:00,0.0
2022-02-06 06:00:00,0.0
2022-02-06 07:00:00,1.726
2022-02-06 08:00:00,7.268
2022-02-06 09:00:00,12.596
2022-02-06 10:00:00,15.816
2022-02-06 11:00:00,18.818
2022-02-06 12:00:00,19.277
2022-02-06 13:00:00,20.297
2022-02-06 14:00:00,19.395
2022-02-06 15:00:00,14.146
2022-02-06 16:00:00,8.497
2022-02-06 17:00:00,1.59
2022-02-06 18:00:00,0.0
2022-02-06 19:00:00,0.0
2022-02-06 20:00:00,0.0
2022-02-06 21:00:00,0.0
2022-02-06 22:00:00,0.0
2022-02-06 23:00:00,0.0
2022-02-07 00:00:00,0.0
2022-02-07 01:00:00,0.0
2022-02-07 02:00:00,0.0
2022-02-07 03:00:00,0.0
2022-02-07 04:00:00,0.0
2022-02-07 05:00:00,0.0
2022-02-07 06:00:00,0.0
2022-02-07 07:00:00,1.151
2022-02-07 08:00:00,5.311
2022-02-07 09:00:00,9.588
2022-02-07 10:00:00,13.806
2022-02-07 11:00:00,17.956
2022-02-07 12:00:00,23.868
2022-02-07 13:00:00,23.124
2022-02-07 14:00:00,19.139
2022-02-07 15:00:00,11.712
2022-02-07 16:00:00,6.686
2022-02-07 17:00:00,1.535
2022-02-07 18:00:00,0.0
2022-02-07 19:00:00,0.0
2022-02-07 20:00:00,0.0
2022-02-07 21:00:00,0.0
2022-02-07 22:00:00,0.0
2022-02-07 23:00:00,0.0
2022-02-08 00:00:00,0.0
2022-02-08 01:00:00,0.0
2022-02-08 02:00:00,0.0
2022-02-08 03:00:00,0.0
2022-02-08 04:00:00,0.0
2022-02-08 05:00:00,0.0
2022-02-08 06:00:00,0.0
2022-02-08 07:00:00,4.519
2022-02-08 08:00:00,14.907
2022-02-08 09:00:00,22.602
2022-02-08 10:00:00,22.817
2022-02-08 11:00:00,21.713
2022-02-08 12:00:00,21.001
2022-02-08 13:00:00,17.348
2022-02-08 14:00:00,11.848
2022-02-08 15:00:00,7.839
2022-02-08 16:00:00,4.449
2022-02-08 17:00:00,1.199
2022-02-08 18:00:00,0.0
2022-02-08 19:00:00,0.0
2022-02-08 20:00:00,0.0
2022-02-08 21:00:00,0.0
2022-02-08 22:00:00,0.0
2022-02-08 23:00:00,0.0
2022-02-09 00:00:00,0.0
2022-02-09 01:00:00,0.0
2022-02-09 02:00:00,0.0
2022-02-09 03:00:00,0.0
2022-02-09 04:00:00,0.0
2022-02-09 05:00:00,0.0
2022-02-09 06:00:00,0.0
2022-02-09 07:00:00,2.811
2022-02-09 08:00:00,10.052
2022-02-09 09:00:00,14.244
2022-02-09 10:00:00,14.112
2022-02-09 11:00:00,15.15
2022-02-09 12:00:00,17.875
2022-02-09 13:00:00,19.11
2022-02-09 14:00:00,16.951
2022-02-09 15:00:00,12.717
2022-02-09 16:00:00,7.429
2022-02-09 17:00:00,2.031
2022-02-09 18:00:00,0.0
2022-02-09 19:00:00,0.0
2022-02-09 20:00:00,0.0
2022-02-09 21:00:00,0.0
2022-02-09 22:00:00,0.0
2022-02-09 23:00:00,0.0
2022-02-10 00:00:00,0.0
2022-02-10 01:00:00,0.0
2022-02-10 02:00:00,0.0
2022-02-10 03:00:00,0.0
2022-02-10 04:00:00,0.0
2022-02-10 05:00:00,0.0
2022-02-10 06:00:00,0.0
2022-02-10 07:00:00,2.522
2022-02-10 08:00:00,10.874
2022-02-10 09:00:00,20.392
2022-02-10 10:00:00,27.357
2022-02-10 11:00:00,29.597
2022-02-10 12:00:00,28.506
2022-02-10 13:00:00,26.775
2022-02-10 14:00:00,23.282
2022-02-10 15:00:00,16.729
2022-02-10 16:00:00,9.038
2022-02-10 17:00:00,2.118
2022-02-10 18:00:00,0.0
2022-02-10 19:00:00,0.0
2022-02-10 20:00:00,0.0
2022-02-10 21:00:00,0.0
2022-02-10 22:00:00,0.0
2022-02-10 23:00:00,0.0
2022-02-11 00:00:00,0.0
2022-02-11 01:00:00,0.0
2022-02-11 02:00:00,0.0
2022-02-11 03:00:00,0.0
2022-02-11 04:00:00,0.0
2022-02-11 05:00:00,0.0
2022-02-11 06:00:00,0.0
2022-02-11 07:00:00,2.712
2022-02-11 08:00:00,12.118
2022-02-11 09:00:00,21.543
2022-02-11 10:00:00,30.403
2022-02-11 11:00:00,34.051
2022-02-11 12:00:00,35.092
2022-02-11 13:00:00,33.597
2022-02-11 14:00:00,29.683
2022-02-11 15:00:00,22.989
2022-02-11 16:00:00,10.766
2022-02-11 17:00:00,1.868
2022-02-11 18:00:00,0.0
2022-02-11 19:00:00,0.0
2022-02-11 20:00:00,0.0
2022-02-11 21:00:00,0.0
2022-02-11 22:00:00,0.0
2022-02-11 23:00:00,0.0
2022-02-12 00:00:00,0.0
2022-02-12 01:00:00,0.0
2022-02-12 02:00:00,0.0
2022-02-12 03:00:00,0.0
2022-02-12 04:00:00,0.0
2022-02-12 05:00:00,0.0
2022-02-12 06:00:00,0.0
2022-02-12 07:00:00,2.005
2022-02-12 08:00:00,8.73
2022-02-12 09:00:00,17.601
2022-02-12 10:00:00,25.222
2022-02-12 11:00:00,31.102
2022-02-12 12:00:00,31.431
2022-02-12 13:00:00,29.999
2022-02-12 14:00:00,25.743
2022-02-12 15:00:00,19.128
2022-02-12 16:00:00,10.698
2022-02-12 17:00:00,2.657
2022-02-12 18:00:00,0.0
2022-02-12 19:00:00,0.0
2022-02-12 20:00:00,0.0
2022-02-12 21:00:00,0.0
2022-02-12 22:00:00,0.0
2022-02-12 23:00:00,0.0
2022-02-13 00:00:00,0.0
2022-02-13 01:00:00,0.0
2022-02-13 02:00:00,0.0
2022-02-13 03:00:00,0.0
2022-02-13 04:00:00,0.0
2022-02-13 05:00:00,0.0
2022-02-13 06:00:00,0.0
2022-02-13 07:00:00,1.718
2022-02-13 08:00:00,6.404
2022-02-13 09:00:00,10.987
2022-02-13 10:00:00,14.233
2022-02-13 11:00:00,16.832
2022-02-13 12:00:00,17.286
2022-02-13 13:00:00,15.543
2022-02-13 14:00:00,12.562
2022-02-13 15:00:00,8.764
2022-02-13 16:00:00,5.492
2022-02-13 17:00:00,1.432
2022-02-13 18:00:00,0.0
2022-02-13 19:00:00,0.0
2022-02-13 20:00:00,0.0
2022-02-13 21:00:00,0.0
2022-02-13 22:00:00,0.0
2022-02-13 23:00:00,0.0
2022-02-14 00:00:00,0.0
2022-02-14 01:00:00,0.0
2022-02-14 02:00:00,0.0
2022-02-14 03:00:00,0.0
2022-02-14 04:00:00,0.0
2022-02-14 05:00:00,0.0
2022-02-14 06:00:00,0.0
2022-02-14 07:00:00,2.758
2022-02-14 08:00:00,10.528
2022-02-14 09:00:00,20.952
2022-02-14 10:00:00,31.206
2022-02-14 11:00:00,35.427
2022-02-14 12:00:00,38.212
2022-02-14 13:00:00,37.273
2022-02-14 14:00:00,33.65
2022-02-14 15:00:00,26.646
2022-02-14 16:00:00,16.689
2022-02-14 17:00:00,4.874
2022-02-14 18:00:00,0.0
2022-02-14 19:00:00,0.0
2022-02-14 20:00:00,0.0
2022-02-14 21:00:00,0.0
2022-02-14 22:00:00,0.0
2022-02-14 23:00:00,0.0
2022-02-15 00:00:00,0.0
2022-02-15 01:00:00,0.0
2022-02-15 02:00:00,0.0
2022-02-15 03:00:00,0.0
2022-02-15 04:00:00,0.0
2022-02-15 05:00:00,0.0
2022-02-15 06:00:00,0.0
2022-02-15 07:00:00,5.023
2022-02-15 08:00:00,14.033
2022-02-15 09:00:00,22.521
2022-02-15 10:00:00,31.205
2022-02-15 11:00:00,36.369
2022-02-15 12:00:00,37.6
2022-02-15 13:00:00,35.893
2022-02-15 14:00:00,30.492
2022-02-15 15:00:00,21.811
2022-02-15 16:00:00,10.673
2022-02-15 17:00:00,2.647
2022-02-15 18:00:00,0.0
2022-02-15 19:00:00,0.0
2022-02-15 20:00:00,0.0
2022-02-15 21:00:00,0.0
2022-02-15 22:00:00,0.0
2022-02-15 23:00:00,0.0
2022-02-16 00:00:00,0.0
2022-02-16 01:00:00,0.0
2022-02-16 02:00:00,0.0
2022-02-16 03:00:00,0.0
2022-02-16 04:00:00,0.0
2022-02-16 05:00:00,0.0
2022-02-16 06:00:00,0.0
2022-02-16 07:00:00,5.398
2022-02-16 08:00:00,15.249
2022-02-16 09:00:00,24.051
2022-02-16 10:00:00,30.002
2022-02-16 11:00:00,33.868
2022-02-16 12:00:00,33.794
2022-02-16 13:00:00,31.849
2022-02-16 14:00:00,23.826
2022-02-16 15:00:00,12.881
2022-02-16 16:00:00,7.325
2022-02-16 17:00:00,2.027
2022-02-16 18:00:00,0.0
2022-02-16 19:00:00,0.0
2022-02-16 20:00:00,0.0
2022-02-16 21:00:00,0.0
2022-02-16 22:00:00,0.0
2022-02-16 23:00:00,0.0
2022-02-17 00:00:00,0.0
2022-02-17 01:00:00,0.0
2022-02-17 02:00:00,0.0
2022-02-17 03:00:00,0.0
2022-02-17 04:00:00,0.0
2022-02-17 05:00:00,0.0
2022-02-17 06:00:00,0.0
2022-02-17 07:00:00,1.264
2022-02-17 08:00:00,4.212
2022-02-17 09:00:00,6.215
2022-02-17 10:00:00,7.813
2022-02-17 11:00:00,9.049
2022-02-17 12:00:00,9.725
2022-02-17 13:00:00,9.802
2022-02-17 14:00:00,10.695
2022-02-17 15:00:00,14.316
2022-02-17 16:00:00,8.716
2022-02-17 17:00:00,1.497
2022-02-17 18:00:00,0.0
2022-02-17 19:00:00,0.0
2022-02-17 20:00:00,0.0
2022-02-17 21:00:00,0.0
2022-02-17 22:00:00,0.0
2022-02-17 23:00:00,0.0
2022-02-18 00:00:00,0.0
2022-02-18 01:00:00,0.0
2022-02-18 02:00:00,0.0
2022-02-18 03:00:00,0.0
2022-02-18 04:00:00,0.0
2022-02-18 05:00:00,0.0
2022-02-18 06:00:00,0.0
2022-02-18 07:00:00,2.341
2022-02-18 08:00:00,8.521
2022-02-18 09:00:00,14.371
2022-02-18 10:00:00,17.541
2022-02-18 11:00:00,20.166
2022-02-18 12:00:00,22.625
2022-02-18 13:00:00,23.27
2022-02-18 14:00:00,20.865
2022-02-18 15:00:00,14.282
2022-02-18 16:00:00,7.717
2022-02-18 17:00:00,2.022
2022-02-18 18:00:00,0.0
2022-02-18 19:00:00,0.0
2022-02-18 20:00:00,0.0
2022-02-18 21:00:00,0.0
2022-02-18 22:00:00,0.0
2022-02-18 23:00:00,0.0
2022-02-19 00:00:00,0.0
2022-02-19 01:00:00,0.0
2022-02-19 02:00:00,0.0
2022-02-19 03:00:00,0.0
2022-02-19 04:00:00,0.0
2022-02-19 05:00:00,0.0
2022-02-19 06:00:00,0.0
2022-02-19 07:00:00,1.278
2022-02-19 08:00:00,5.065
2022-02-19 09:00:00,8.184
2022-02-19 10:00:00,10.853
2022-02-19 11:00:00,10.984
2022-02-19 12:00:00,10.967
2022-02-19 13:00:00,13.003
2022-02-19 14:00:00,12.409
2022-02-19 15:00:00,8.039
2022-02-19 16:00:00,2.907
2022-02-19 17:00:00,0.708
2022-02-19 18:00:00,0.0
2022-02-19 19:00:00,0.0
2022-02-19 20:00:00,0.0
2022-02-19 21:00:00,0.0
2022-02-19 22:00:00,0.0
2022-02-19 23:00:00,0.0
2022-02-20 00:00:00,0.0
2022-02-20 01:00:00,0.0
2022-02-20 02:00:00,0.0
2022-02-20 03:00:00,0.0
2022-02-20 04:00:00,0.0
2022-02-20 05:00:00,0.0
2022-02-20 06:00:00,0.0
2022-02-20 07:00:00,0.728
2022-02-20 08:00:00,3.981
2022-02-20 09:00:00,7.731
2022-02-20 10:00:00,11.214
2022-02-20 11:00:00,15.907
2022-02-20 12:00:00,12.175
2022-02-20 13:00:00,9.549
2022-02-20 14:00:00,6.844
2022-02-20 15:00:00,4.995
2022-02-20 16:00:00,2.801
2022-02-20 17:00:00,0.637
2022-02-20 18:00:00,0.0
2022-02-20 19:00:00,0.0
2022-02-20 20:00:00,0.0
2022-02-20 21:00:00,0.0
2022-02-20 22:00:00,0.0
2022-02-20 23:00:00,0.0
2022-02-21 00:00:00,0.0
2022-02-21 01:00:00,0.0
2022-02-21 02:00:00,0.0
2022-02-21 03:00:00,0.0
2022-02-21 04:00:00,0.0
2022-02-21 05:00:00,0.0
2022-02-21 06:00:00,0.0
2022-02-21 07:00:00,0.915
2022-02-21 08:00:00,3.956
2022-02-21 09:00:00,6.728
2022-02-21 10:00:00,8.656
2022-02-21 11:00:00,9.859
2022-02-21 12:00:00,10.851
2022-02-21 13:00:00,10.622
2022-02-21 14:00:00,8.924
2022-02-21 15:00:00,6.308
2022-02-21 16:00:00,3.656
2022-02-21 17:00:00,0.993
2022-02-21 18:00:00,0.0
2022-02-21 19:00:00,0.0
2022-02-21 20:00:00,0.0
2022-02-21 21:00:00,0.0
2022-02-21 22:00:00,0.0
2022-02-21 23:00:00,0.0
2022-02-22 00:00:00,0.0
2022-02-22 01:00:00,0.0
2022-02-22 02:00:00,0.0
2022-02-22 03:00:00,0.0
2022-02-22 04:00:00,0.0
2022-02-22 05:00:00,0.0
2022-02-22 06:00:00,0.0
2022-02-22 07:00:00,2.351
2022-02-22 08:00:00,7.741
2022-02-22 09:00:00,12.018
2022-02-22 10:00:00,13.663
2022-02-22 11:00:00,12.701
2022-02-22 12:00:00,11.347
2022-02-22 13:00:00,11.361
2022-02-22 14:00:00,11.586
2022-02-22 15:00:00,8.665
2022-02-22 16:00:00,2.679
2022-02-22 17:00:00,0.738
2022-02-22 18:00:00,0.0
2022-02-22 19:00:00,0.0
2022-02-22 20:00:00,0.0
2022-02-22 21:00:00,0.0
2022-02-22 22:00:00,0.0
2022-02-22 23:00:00,0.0
2022-02-23 00:00:00,0.0
2022-02-23 01:00:00,0.0
2022-02-23 02:00:00,0.0
2022-02-23 03:00:00,0.0
2022-02-23 04:00:00,0.0
2022-02-23 05:00:00,0.0
2022-02-23 06:00:00,0.0
2022-02-23 07:00:00,5.889
2022-02-23 08:00:00,18.73
2022-02-23 09:00:00,28.799
2022-02-23 10:00:00,35.746
2022-02-23 11:00:00,39.688
2022-02-23 12:00:00,40.855
2022-02-23 13:00:00,39.32
2022-02-23 14:00:00,35.0
2022-02-23 15:00:00,27.796
2022-02-23 16:00:00,17.593
2022-02-23 17:00:00,5.578
2022-02-23 18:00:00,0.0
2022-02-23 19:00:00,0.0
2022-02-23 20:00:00,0.0
2022-02-23 21:00:00,0.0
2022-02-23 22:00:00,0.0
2022-02-23 23:00:00,0.0
2022-02-24 00:00:00,0.0
2022-02-24 01:00:00,0.0
2022-02-24 02:00:00,0.0
2022-02-24 03:00:00,0.0
2022-02-24 04:00:00,0.0
2022-02-24 05:00:00,0.0
2022-02-24 06:00:00,0.0
2022-02-24 07:00:00,5.279
2022-02-24 08:00:00,17.166
2022-02-24 09:00:00,28.198
2022-02-24 10:00:00,35.366
2022-02-24 11:00:00,39.403
2022-02-24 12:00:00,40.534
2022-02-24 13:00:00,38.94
2022-02-24 14:00:00,34.677
2022-02-24 15:00:00,27.461
2022-02-24 16:00:00,17.344
2022-02-24 17:00:00,5.573
2022-02-24 18:00:00,0.0
2022-02-24 19:00:00,0.0
2022-02-24 20:00:00,0.0
2022-02-24 21:00:00,0.0
2022-02-24 22:00:00,0.0
2022-02-24 23:00:00,0.0
2022-02-25 00:00:00,0.0
2022-02-25 01:00:00,0.0
2022-02-25 02:00:00,0.0
2022-02-25 03:00:00,0.0
2022-02-25 04:00:00,0.0
2022-02-25 05:00:00,0.0
2022-02-25 06:00:00,0.0
2022-02-25 07:00:00,5.405
2022-02-25 08:00:00,18.256
2022-02-25 09:00:00,28.247
2022-02-25 10:00:00,35.019
2022-02-25 11:00:00,38.55
2022-02-25 12:00:00,39.629
2022-02-25 13:00:00,38.008
2022-02-25 14:00:00,33.736
2022-02-25 15:00:00,26.624
2022-02-25 16:00:00,16.63
2022-02-25 17:00:00,5.318
2022-02-25 18:00:00,0.0
2022-02-25 19:00:00,0.0
2022-02-25 20:00:00,0.0
2022-02-25 21:00:00,0.0
2022-02-25 22:00:00,0.0
2022-02-25 23:00:00,0.0
2022-02-26 00:00:00,0.0
2022-02-26 01:00:00,0.0
2022-02-26 02:00:00,0.0
2022-02-26 03:00:00,0.0
2022-02-26 04:00:00,0.0
2022-02-26 05:00:00,0.0
2022-02-26 06:00:00,0.0
2022-02-26 07:00:00,5.942
2022-02-26 08:00:00,17.68
2022-02-26 09:00:00,27.367
2022-02-26 10:00:00,33.952
2022-02-26 11:00:00,37.867
2022-02-26 12:00:00,38.826
2022-02-26 13:00:00,37.129
2022-02-26 14:00:00,32.726
2022-02-26 15:00:00,25.614
2022-02-26 16:00:00,13.876
2022-02-26 17:00:00,3.746
2022-02-26 18:00:00,0.0
2022-02-26 19:00:00,0.0
2022-02-26 20:00:00,0.0
2022-02-26 21:00:00,0.0
2022-02-26 22:00:00,0.0
2022-02-26 23:00:00,0.0
2022-02-27 00:00:00,0.0
2022-02-27 01:00:00,0.0
2022-02-27 02:00:00,0.0
2022-02-27 03:00:00,0.0
2022-02-27 04:00:00,0.0
2022-02-27 05:00:00,0.0
2022-02-27 06:00:00,0.0
2022-02-27 07:00:00,5.841
2022-02-27 08:00:00,16.903
2022-02-27 09:00:00,26.481
2022-02-27 10:00:00,33.252
2022-02-27 11:00:00,36.293
2022-02-27 12:00:00,37.444
2022-02-27 13:00:00,35.89
2022-02-27 14:00:00,31.621
2022-02-27 15:00:00,24.803
2022-02-27 16:00:00,15.016
2022-02-27 17:00:00,4.248
2022-02-27 18:00:00,0.0
2022-02-27 19:00:00,0.0
2022-02-27 20:00:00,0.0
2022-02-27 21:00:00,0.0
2022-02-27 22:00:00,0.0
2022-02-27 23:00:00,0.0
2022-02-28 00:00:00,0.0
2022-02-28 01:00:00,0.0
2022-02-28 02:00:00,0.0
2022-02-28 03:00:00,0.0
2022-02-28 04:00:00,0.0
2022-02-28 05:00:00,0.0
2022-02-28 06:00:00,0.0
2022-02-28 07:00:00,4.957
2022-02-28 08:00:00,15.079
2022-02-28 09:00:00,25.814
2022-02-28 10:00:00,32.864
2022-02-28 11:00:00,36.621
2022-02-28 12:00:00,37.555
2022-02-28 13:00:00,35.507
2022-02-28 14:00:00,30.807
2022-02-28 15:00:00,23.345
2022-02-28 16:00:00,13.856
2022-02-28 17:00:00,3.844
2022-02-28 18:00:00,0.0
2022-02-28 19:00:00,0.0
2022-02-28 20:00:00,0.0
2022-02-28 21:00:00,0.0
2022-02-28 22:00:00,0.0
2022-02-28 23:00:00,0.0
2022-03-01 00:00:00,0.0
2022-03-01 01:00:00,0.0
2022-03-01 02:00:00,0.0
2022-03-01 03:00:00,0.0
2022-03-01 04:00:00,0.0
2022-03-01 05:00:00,0.0
2022-03-01 06:00:00,0.0
2022-03-01 07:00:00,4.713
2022-03-01 08:00:00,14.52
2022-03-01 09:00:00,25.066
2022-03-01 10:00:00,31.322
2022-03-01 11:00:00,34.659
2022-03-01 12:00:00,35.811
2022-03-01 13:00:00,34.211
2022-03-01 14:00:00,30.479
2022-03-01 15:00:00,24.032
2022-03-01 16:00:00,13.301
2022-03-01 17:00:00,3.759
2022-03-01 18:00:00,0.0
2022-03-01 19:00:00,0.0
2022-03-01 20:00:00,0.0
2022-03-01 21:00:00,0.0
2022-03-01 22:00:00,0.0
2022-03-01 23:00:00,0.0
2022-03-02 00:00:00,0.0
2022-03-02 01:00:00,0.0
2022-03-02 02:00:00,0.0
2022-03-02 03:00:00,0.0
2022-03-02 04:00:00,0.0
2022-03-02 05:00:00,0.0
2022-03-02 06:00:00,0.0
2022-03-02 07:00:00,4.989
2022-03-02 08:00:00,15.476
2022-03-02 09:00:00,24.882
2022-03-02 10:00:00,31.425
2022-03-02 11:00:00,34.512
2022-03-02 12:00:00,35.449
2022-03-02 13:00:00,33.449
2022-03-02 14:00:00,29.911
2022-03-02 15:00:00,22.721
2022-03-02 16:00:00,13.575
2022-03-02 17:00:00,3.984
2022-03-02 18:00:00,0.0
2022-03-02 19:00:00,0.0
2022-03-02 20:00:00,0.0
2022-03-02 21:00:00,0.0
2022-03-02 22:00:00,0.0
2022-03-02 23:00:00,0.0
2022-03-03 00:00:00,0.0
2022-03-03 01:00:00,0.0
2022-03-03 02:00:00,0.0
2022-03-03 03:00:00,0.0
2022-03-03 04:00:00,0.0
2022-03-03 05:00:00,0.0
2022-03-03 06:00:00,0.0
2022-03-03 07:00:00,4.171
2022-03-03 08:00:00,12.985
2022-03-03 09:00:00,21.137
2022-03-03 10:00:00,27.583
2022-03-03 11:00:00,30.606
2022-03-03 12:00:00,33.34
2022-03-03 13:00:00,32.455
2022-03-03 14:00:00,28.768
2022-03-03 15:00:00,21.94
2022-03-03 16:00:00,9.564
2022-03-03 17:00:00,3.226
2022-03-03 18:00:00,0.0
2022-03-03 19:00:00,0.0
2022-03-03 20:00:00,0.0
2022-03-03 21:00:00,0.0
2022-03-03 22:00:00,0.0
2022-03-03 23:00:00,0.0
2022-03-04 00:00:00,0.0
2022-03-04 01:00:00,0.0
2022-03-04 02:00:00,0.0
2022-03-04 03:00:00,0.0
2022-03-04 04:00:00,0.0
2022-03-04 05:00:00,0.0
2022-03-04 06:00:00,0.0
2022-03-04 07:00:00,5.805
2022-03-04 08:00:00,16.179
2022-03-04 09:00:00,25.162
2022-03-04 10:00:00,31.506
2022-03-04 11:00:00,33.579
2022-03-04 12:00:00,34.913
2022-03-04 13:00:00,32.698
2022-03-04 14:00:00,28.889
2022-03-04 15:00:00,22.606
2022-03-04 16:00:00,13.859
2022-03-04 17:00:00,3.52
2022-03-04 18:00:00,0.0
2022-03-04 19:00:00,0.0
2022-03-04 20:00:00,0.0
2022-03-04 21:00:00,0.0
2022-03-04 22:00:00,0.0
2022-03-04 23:00:00,0.0
2022-03-05 00:00:00,0.0
2022-03-05 01:00:00,0.0
2022-03-05 02:00:00,0.0
2022-03-05 03:00:00,0.0
2022-03-05 04:00:00,0.0
2022-03-05 05:00:00,0.0
2022-03-05 06:00:00,0.0
2022-03-05 07:00:00,4.897
2022-03-05 08:00:00,14.869
2022-03-05 09:00:00,23.859
2022-03-05 10:00:00,30.082
2022-03-05 11:00:00,33.029
2022-03-05 12:00:00,33.992
2022-03-05 13:00:00,32.51
2022-03-05 14:00:00,28.809
2022-03-05 15:00:00,21.744
2022-03-05 16:00:00,11.823
2022-03-05 17:00:00,3.924
2022-03-05 18:00:00,0.0
2022-03-05 19:00:00,0.0
2022-03-05 20:00:00,0.0
2022-03-05 21:00:00,0.0
2022-03-05 22:00:00,0.0
2022-03-05 23:00:00,0.0
2022-03-06 00:00:00,0.0
2022-03-06 01:00:00,0.0
2022-03-06 02:00:00,0.0
2022-03-06 03:00:00,0.0
2022-03-06 04:00:00,0.0
2022-03-06 05:00:00,0.0
2022-03-06 06:00:00,0.0
2022-03-06 07:00:00,4.389
2022-03-06 08:00:00,13.028
2022-03-06 09:00:00,20.664
2022-03-06 10:00:00,28.499
2022-03-06 11:00:00,31.207
2022-03-06 12:00:00,31.847
2022-03-06 13:00:00,30.037
2022-03-06 14:00:00,23.928
2022-03-06 15:00:00,18.788
2022-03-06 16:00:00,10.197
2022-03-06 17:00:00,3.351
2022-03-06 18:00:00,0.0
2022-03-06 19:00:00,0.0
2022-03-06 20:00:00,0.0
2022-03-06 21:00:00,0.0
2022-03-06 22:00:00,0.0
2022-03-06 23:00:00,0.0
2022-03-07 00:00:00,0.0
2022-03-07 01:00:00,0.0
2022-03-07 02:00:00,0.0
2022-03-07 03:00:00,0.0
2022-03-07 04:00:00,0.0
2022-03-07 05:00:00,0.0
2022-03-07 06:00:00,0.0
2022-03-07 07:00:00,4.159
2022-03-07 08:00:00,13.841
2022-03-07 09:00:00,23.625
2022-03-07 10:00:00,31.629
2022-03-07 11:00:00,38.116
2022-03-07 12:00:00,39.25
2022-03-07 13:00:00,37.893
2022-03-07 14:00:00,34.27
2022-03-07 15:00:00,27.844
2022-03-07 16:00:00,18.69
2022-03-07 17:00:00,7.385
2022-03-07 18:00:00,0.044
2022-03-07 19:00:00,0.0
2022-03-07 20:00:00,0.0
2022-03-07 21:00:00,0.0
2022-03-07 22:00:00,0.0
2022-03-07 23:00:00,0.0
2022-03-08 00:00:00,0.0
2022-03-08 01:00:00,0.0
2022-03-08 02:00:00,0.0
2022-03-08 03:00:00,0.0
2022-03-08 04:00:00,0.0
2022-03-08 05:00:00,0.0
2022-03-08 06:00:00,0.044
2022-03-08 07:00:00,8.522
2022-03-08 08:00:00,20.606
2022-03-08 09:00:00,30.127
2022-03-08 10:00:00,36.627
2022-03-08 11:00:00,40.228
2022-03-08 12:00:00,41.173
2022-03-08 13:00:00,39.602
2022-03-08 14:00:00,35.489
2022-03-08 15:00:00,28.654
2022-03-08 16:00:00,18.995
2022-03-08 17:00:00,7.316
2022-03-08 18:00:00,0.047
2022-03-08 19:00:00,0.0
2022-03-08 20:00:00,0.0
2022-03-08 21:00:00,0.0
2022-03-08 22:00:00,0.0
2022-03-08 23:00:00,0.0
2022-03-09 00:00:00,0.0
2022-03-09 01:00:00,0.0
2022-03-09 02:00:00,0.0
2022-03-09 03:00:00,0.0
2022-03-09 04:00:00,0.0
2022-03-09 05:00:00,0.0
2022-03-09 06:00:00,0.039
2022-03-09 07:00:00,7.977
2022-03-09 08:00:00,19.558
2022-03-09 09:00:00,28.823
2022-03-09 10:00:00,35.172
2022-03-09 11:00:00,38.831
2022-03-09 12:00:00,39.755
2022-03-09 13:00:00,38.173
2022-03-09 14:00:00,34.051
2022-03-09 15:00:00,27.298
2022-03-09 16:00:00,17.906
2022-03-09 17:00:00,6.747
2022-03-09 18:00:00,0.038
2022-03-09 19:00:00,0.0
2022-03-09 20:00:00,0.0
2022-03-09 21:00:00,0.0
2022-03-09 22:00:00,0.0
2022-03-09 23:00:00,0.0
2022-03-10 00:00:00,0.0
2022-03-10 01:00:00,0.0
2022-03-10 02:00:00,0.0
2022-03-10 03:00:00,0.0
2022-03-10 04:00:00,0.0
2022-03-10 05:00:00,0.0
2022-03-10 06:00:00,0.04
2022-03-10 07:00:00,7.361
2022-03-10 08:00:00,18.388
2022-03-10 09:00:00,27.297
2022-03-10 10:00:00,33.449
2022-03-10 11:00:00,36.866
2022-03-10 12:00:00,37.879
2022-03-10 13:00:00,36.37
2022-03-10 14:00:00,32.363
2022-03-10 15:00:00,22.919
2022-03-10 16:00:00,11.268
2022-03-10 17:00:00,3.016
2022-03-10 18:00:00,0.0
2022-03-10 19:00:00,0.0
2022-03-10 20:00:00,0.0
2022-03-10 21:00:00,0.0
2022-03-10 22:00:00,0.0
2022-03-10 23:00:00,0.0
2022-03-11 00:00:00,0.0
2022-03-11 01:00:00,0.0
2022-03-11 02:00:00,0.0
2022-03-11 03:00:00,0.0
2022-03-11 04:00:00,0.0
2022-03-11 05:00:00,0.0
2022-03-11 06:00:00,0.029
2022-03-11 07:00:00,6.191
2022-03-11 08:00:00,16.706
2022-03-11 09:00:00,25.722
2022-03-11 10:00:00,32.076
2022-03-11 11:00:00,35.3
2022-03-11 12:00:00,36.092
2022-03-11 13:00:00,32.474
2022-03-11 14:00:00,28.362
2022-03-11 15:00:00,17.828
2022-03-11 16:00:00,9.291
2022-03-11 17:00:00,3.426
2022-03-11 18:00:00,0.002
2022-03-11 19:00:00,0.0
2022-03-11 20:00:00,0.0
2022-03-11 21:00:00,0.0
2022-03-11 22:00:00,0.0
2022-03-11 23:00:00,0.0
2022-03-12 00:00:00,0.0
2022-03-12 01:00:00,0.0
2022-03-12 02:00:00,0.0
2022-03-12 03:00:00,0.0
2022-03-12 04:00:00,0.0
2022-03-12 05:00:00,0.0
2022-03-12 06:00:00,0.04
2022-03-12 07:00:00,6.429
2022-03-12 08:00:00,17.341
2022-03-12 09:00:00,26.503
2022-03-12 10:00:00,32.941
2022-03-12 11:00:00,36.845
2022-03-12 12:00:00,37.846
2022-03-12 13:00:00,36.417
2022-03-12 14:00:00,32.43
2022-03-12 15:00:00,25.713
2022-03-12 16:00:00,15.304
2022-03-12 17:00:00,4.934
2022-03-12 18:00:00,0.04
2022-03-12 19:00:00,0.0
2022-03-12 20:00:00,0.0
2022-03-12 21:00:00,0.0
2022-03-12 22:00:00,0.0
2022-03-12 23:00:00,0.0
2022-03-13 00:00:00,0.0
2022-03-13 01:00:00,0.0
2022-03-13 02:00:00,0.0
2022-03-13 03:00:00,0.0
2022-03-13 04:00:00,0.0
2022-03-13 05:00:00,0.0
2022-03-13 06:00:00,0.041
2022-03-13 07:00:00,5.897
2022-03-13 08:00:00,15.683
2022-03-13 09:00:00,24.425
2022-03-13 10:00:00,30.884
2022-03-13 11:00:00,34.159
2022-03-13 12:00:00,35.162
2022-03-13 13:00:00,34.044
2022-03-13 14:00:00,30.057
2022-03-13 15:00:00,22.603
2022-03-13 16:00:00,11.276
2022-03-13 17:00:00,3.909
2022-03-13 18:00:00,0.012
2022-03-13 19:00:00,0.0
2022-03-13 20:00:00,0.0
2022-03-13 21:00:00,0.0
2022-03-13 22:00:00,0.0
2022-03-13 23:00:00,0.0
2022-03-14 00:00:00,0.0
2022-03-14 01:00:00,0.0
2022-03-14 02:00:00,0.0
2022-03-14 03:00:00,0.0
2022-03-14 04:00:00,0.0
2022-03-14 05:00:00,0.0
2022-03-14 06:00:00,0.054
2022-03-14 07:00:00,6.072
2022-03-14 08:00:00,16.388
2022-03-14 09:00:00,25.26
2022-03-14 10:00:00,31.596
2022-03-14 11:00:00,35.016
2022-03-14 12:00:00,36.062
2022-03-14 13:00:00,34.649
2022-03-14 14:00:00,30.467
2022-03-14 15:00:00,23.509
2022-03-14 16:00:00,13.033
2022-03-14 17:00:00,3.991
2022-03-14 18:00:00,0.036
2022-03-14 19:00:00,0.0
2022-03-14 20:00:00,0.0
2022-03-14 21:00:00,0.0
2022-03-14 22:00:00,0.0
2022-03-14 23:00:00,0.0
2022-03-15 00:00:00,0.0
2022-03-15 01:00:00,0.0
2022-03-15 02:00:00,0.0
2022-03-15 03:00:00,0.0
2022-03-15 04:00:00,0.0
2022-03-15 05:00:00,0.0
2022-03-15 06:00:00,0.03
2022-03-15 07:00:00,4.361
2022-03-15 08:00:00,11.577
2022-03-15 09:00:00,18.221
2022-03-15 10:00:00,23.965
2022-03-15 11:00:00,28.429
2022-03-15 12:00:00,30.471
2022-03-15 13:00:00,29.874
2022-03-15 14:00:00,27.362
2022-03-15 15:00:00,20.897
2022-03-15 16:00:00,12.654
2022-03-15 17:00:00,4.268
2022-03-15 18:00:00,0.043
2022-03-15 19:00:00,0.0
2022-03-15 20:00:00,0.0
2022-03-15 21:00:00,0.0
2022-03-15 22:00:00,0.0
2022-03-15 23:00:00,0.0
2022-03-16 00:00:00,0.0
2022-03-16 01:00:00,0.0
2022-03-16 02:00:00,0.0
2022-03-16 03:00:00,0.0
2022-03-16 04:00:00,0.0
2022-03-16 05:00:00,0.0
2022-03-16 06:00:00,0.0
2022-03-16 07:00:00,2.58
2022-03-16 08:00:00,7.947
2022-03-16 09:00:00,14.056
2022-03-16 10:00:00,16.7
2022-03-16 11:00:00,18.816
2022-03-16 12:00:00,23.829
2022-03-16 13:00:00,23.708
2022-03-16 14:00:00,17.98
2022-03-16 15:00:00,11.403
2022-03-16 16:00:00,4.89
2022-03-16 17:00:00,1.355
2022-03-16 18:00:00,0.0
2022-03-16 19:00:00,0.0
2022-03-16 20:00:00,0.0
2022-03-16 21:00:00,0.0
2022-03-16 22:00:00,0.0
2022-03-16 23:00:00,0.0
2022-03-17 00:00:00,0.0
2022-03-17 01:00:00,0.0
2022-03-17 02:00:00,0.0
2022-03-17 03:00:00,0.0
2022-03-17 04:00:00,0.0
2022-03-17 05:00:00,0.0
2022-03-17 06:00:00,0.0
2022-03-17 07:00:00,2.417
2022-03-17 08:00:00,9.145
2022-03-17 09:00:00,17.349
2022-03-17 10:00:00,25.481
2022-03-17 11:00:00,30.562
2022-03-17 12:00:00,31.657
2022-03-17 13:00:00,30.083
2022-03-17 14:00:00,25.752
2022-03-17 15:00:00,16.785
2022-03-17 16:00:00,7.062
2022-03-17 17:00:00,1.986
2022-03-17 18:00:00,0.0
2022-03-17 19:00:00,0.0
2022-03-17 20:00:00,0.0
2022-03-17 21:00:00,0.0
2022-03-17 22:00:00,0.0
2022-03-17 23:00:00,0.0
2022-03-18 00:00:00,0.0
2022-03-18 01:00:00,0.0
2022-03-18 02:00:00,0.0
2022-03-18 03:00:00,0.0
2022-03-18 04:00:00,0.0
2022-03-18 05:00:00,0.0
2022-03-18 06:00:00,0.018
2022-03-18 07:00:00,3.156
2022-03-18 08:00:00,9.373
2022-03-18 09:00:00,16.634
2022-03-18 10:00:00,23.342
2022-03-18 11:00:00,25.824
2022-03-18 12:00:00,24.801
2022-03-18 13:00:00,22.635
2022-03-18 14:00:00,18.859
2022-03-18 15:00:00,13.062
2022-03-18 16:00:00,6.835
2022-03-18 17:00:00,2.142
2022-03-18 18:00:00,0.0
2022-03-18 19:00:00,0.0
2022-03-18 20:00:00,0.0
2022-03-18 21:00:00,0.0
2022-03-18 22:00:00,0.0
2022-03-18 23:00:00,0.0
2022-03-19 00:00:00,0.0
2022-03-19 01:00:00,0.0
2022-03-19 02:00:00,0.0
2022-03-19 03:00:00,0.0
2022-03-19 04:00:00,0.0
2022-03-19 05:00:00,0.0
2022-03-19 06:00:00,0.041
2022-03-19 07:00:00,4.1
2022-03-19 08:00:00,12.398
2022-03-19 09:00:00,20.588
2022-03-19 10:00:00,25.962
2022-03-19 11:00:00,28.656
2022-03-19 12:00:00,30.034
2022-03-19 13:00:00,29.21
2022-03-19 14:00:00,24.123
2022-03-19 15:00:00,16.923
2022-03-19 16:00:00,9.72
2022-03-19 17:00:00,3.493
2022-03-19 18:00:00,0.056
2022-03-19 19:00:00,0.0
2022-03-19 20:00:00,0.0
2022-03-19 21:00:00,0.0
2022-03-19 22:00:00,0.0
2022-03-19 23:00:00,0.0
2022-03-20 00:00:00,0.0
2022-03-20 01:00:00,0.0
2022-03-20 02:00:00,0.0
2022-03-20 03:00:00,0.0
2022-03-20 04:00:00,0.0
2022-03-20 05:00:00,0.0
2022-03-20 06:00:00,0.095
2022-03-20 07:00:00,5.423
2022-03-20 08:00:00,14.534
2022-03-20 09:00:00,23.322
2022-03-20 10:00:00,28.134
2022-03-20 11:00:00,28.199
2022-03-20 12:00:00,30.464
2022-03-20 13:00:00,28.296
2022-03-20 14:00:00,23.922
2022-03-20 15:00:00,18.613
2022-03-20 16:00:00,11.39
2022-03-20 17:00:00,4.308
2022-03-20 18:00:00,0.07
2022-03-20 19:00:00,0.0
2022-03-20 20:00:00,0.0
2022-03-20 21:00:00,0.0
2022-03-20 22:00:00,0.0
2022-03-20 23:00:00,0.0
2022-03-21 00:00:00,0.0
2022-03-21 01:00:00,0.0
2022-03-21 02:00:00,0.0
2022-03-21 03:00:00,0.0
2022-03-21 04:00:00,0.0
2022-03-21 05:00:00,0.0
2022-03-21 06:00:00,0.124
2022-03-21 07:00:00,5.986
2022-03-21 08:00:00,15.388
2022-03-21 09:00:00,24.572
2022-03-21 10:00:00,30.882
2022-03-21 11:00:00,34.122
2022-03-21 12:00:00,35.184
2022-03-21 13:00:00,33.184
2022-03-21 14:00:00,29.258
2022-03-21 15:00:00,22.987
2022-03-21 16:00:00,14.678
2022-03-21 17:00:00,5.173
2022-03-21 18:00:00,0.116
2022-03-21 19:00:00,0.0
2022-03-21 20:00:00,0.0
2022-03-21 21:00:00,0.0
2022-03-21 22:00:00,0.0
2022-03-21 23:00:00,0.0
2022-03-22 00:00:00,0.0
2022-03-22 01:00:00,0.0
2022-03-22 02:00:00,0.0
2022-03-22 03:00:00,0.0
2022-03-22 04:00:00,0.0
2022-03-22 05:00:00,0.0
2022-03-22 06:00:00,0.066
2022-03-22 07:00:00,3.889
2022-03-22 08:00:00,10.92
2022-03-22 09:00:00,18.048
2022-03-22 10:00:00,24.049
2022-03-22 11:00:00,26.89
2022-03-22 12:00:00,28.011
2022-03-22 13:00:00,25.759
2022-03-22 14:00:00,20.045
2022-03-22 15:00:00,14.468
2022-03-22 16:00:00,8.974
2022-03-22 17:00:00,3.293
2022-03-22 18:00:00,0.042
2022-03-22 19:00:00,0.0
2022-03-22 20:00:00,0.0
2022-03-22 21:00:00,0.0
2022-03-22 22:00:00,0.0
2022-03-22 23:00:00,0.0
2022-03-23 00:00:00,0.0
2022-03-23 01:00:00,0.0
2022-03-23 02:00:00,0.0
2022-03-23 03:00:00,0.0
2022-03-23 04:00:00,0.0
2022-03-23 05:00:00,0.0
2022-03-23 06:00:00,0.015
2022-03-23 07:00:00,2.333
2022-03-23 08:00:00,6.097
2022-03-23 09:00:00,7.474
2022-03-23 10:00:00,10.385
2022-03-23 11:00:00,11.893
2022-03-23 12:00:00,16.367
2022-03-23 13:00:00,16.416
2022-03-23 14:00:00,13.841
2022-03-23 15:00:00,8.595
2022-03-23 16:00:00,4.309
2022-03-23 17:00:00,1.486
2022-03-23 18:00:00,0.0
2022-03-23 19:00:00,0.0
2022-03-23 20:00:00,0.0
2022-03-23 21:00:00,0.0
2022-03-23 22:00:00,0.0
2022-03-23 23:00:00,0.0
2022-03-24 00:00:00,0.0
2022-03-24 01:00:00,0.0
2022-03-24 02:00:00,0.0
2022-03-24 03:00:00,0.0
2022-03-24 04:00:00,0.0
2022-03-24 05:00:00,0.0
2022-03-24 06:00:00,0.013
2022-03-24 07:00:00,2.691
2022-03-24 08:00:00,7.347
2022-03-24 09:00:00,10.94
2022-03-24 10:00:00,11.939
2022-03-24 11:00:00,10.915
2022-03-24 12:00:00,10.662
2022-03-24 13:00:00,11.396
2022-03-24 14:00:00,11.836
2022-03-24 15:00:00,11.441
2022-03-24 16:00:00,9.632
2022-03-24 17:00:00,4.095
2022-03-24 18:00:00,0.104
2022-03-24 19:00:00,0.0
2022-03-24 20:00:00,0.0
2022-03-24 21:00:00,0.0
2022-03-24 22:00:00,0.0
2022-03-24 23:00:00,0.0
2022-03-25 00:00:00,0.0
2022-03-25 01:00:00,0.0
2022-03-25 02:00:00,0.0
2022-03-25 03:00:00,0.0
2022-03-25 04:00:00,0.0
2022-03-25 05:00:00,0.0
2022-03-25 06:00:00,0.091
2022-03-25 07:00:00,4.012
2022-03-25 08:00:00,10.568
2022-03-25 09:00:00,17.16
2022-03-25 10:00:00,25.38
2022-03-25 11:00:00,28.318
2022-03-25 12:00:00,30.372
2022-03-25 13:00:00,28.339
2022-03-25 14:00:00,24.267
2022-03-25 15:00:00,19.785
2022-03-25 16:00:00,12.73
2022-03-25 17:00:00,5.381
2022-03-25 18:00:00,0.187
2022-03-25 19:00:00,0.0
2022-03-25 20:00:00,0.0
2022-03-25 21:00:00,0.0
2022-03-25 22:00:00,0.0
2022-03-25 23:00:00,0.0
2022-03-26 00:00:00,0.0
2022-03-26 01:00:00,0.0
2022-03-26 02:00:00,0.0
2022-03-26 03:00:00,0.0
2022-03-26 04:00:00,0.0
2022-03-26 05:00:00,0.0
2022-03-26 06:00:00,0.228
2022-03-26 07:00:00,6.815
2022-03-26 08:00:00,15.774
2022-03-26 09:00:00,23.367
2022-03-26 10:00:00,28.495
2022-03-26 11:00:00,30.568
2022-03-26 12:00:00,29.537
2022-03-26 13:00:00,27.759
2022-03-26 14:00:00,21.827
2022-03-26 15:00:00,15.757
2022-03-26 16:00:00,9.938
2022-03-26 17:00:00,3.941
2022-03-26 18:00:00,0.089
2022-03-26 19:00:00,0.0
2022-03-26 20:00:00,0.0
2022-03-26 21:00:00,0.0
2022-03-26 22:00:00,0.0
2022-03-26 23:00:00,0.0
2022-03-27 00:00:00,0.0
2022-03-27 01:00:00,0.0
2022-03-27 02:00:00,0.0
2022-03-27 03:00:00,0.0
2022-03-27 04:00:00,0.0
2022-03-27 05:00:00,0.0
2022-03-27 06:00:00,0.174
2022-03-27 07:00:00,5.541
2022-03-27 08:00:00,14.239
2022-03-27 09:00:00,21.615
2022-03-27 10:00:00,27.578
2022-03-27 11:00:00,30.91
2022-03-27 12:00:00,29.956
2022-03-27 13:00:00,26.052
2022-03-27 14:00:00,20.845
2022-03-27 15:00:00,14.754
2022-03-27 16:00:00,9.008
2022-03-27 17:00:00,3.274
2022-03-27 18:00:00,0.063
2022-03-27 19:00:00,0.0
2022-03-27 20:00:00,0.0
2022-03-27 21:00:00,0.0
2022-03-27 22:00:00,0.0
2022-03-27 23:00:00,0.0
2022-03-28 00:00:00,0.0
2022-03-28 01:00:00,0.0
2022-03-28 02:00:00,0.0
2022-03-28 03:00:00,0.0
2022-03-28 04:00:00,0.0
2022-03-28 05:00:00,0.0
2022-03-28 06:00:00,0.0
2022-03-28 07:00:00,1.446
2022-03-28 08:00:00,3.483
2022-03-28 09:00:00,5.973
2022-03-28 10:00:00,9.379
2022-03-28 11:00:00,14.78
2022-03-28 12:00:00,15.671
2022-03-28 13:00:00,13.429
2022-03-28 14:00:00,11.877
2022-03-28 15:00:00,13.523
2022-03-28 16:00:00,9.041
2022-03-28 17:00:00,2.651
2022-03-28 18:00:00,0.065
2022-03-28 19:00:00,0.0
2022-03-28 20:00:00,0.0
2022-03-28 21:00:00,0.0
2022-03-28 22:00:00,0.0
2022-03-28 23:00:00,0.0
2022-03-29 00:00:00,0.0
2022-03-29 01:00:00,0.0
2022-03-29 02:00:00,0.0
2022-03-29 03:00:00,0.0
2022-03-29 04:00:00,0.0
2022-03-29 05:00:00,0.0
2022-03-29 06:00:00,0.147
2022-03-29 07:00:00,4.603
2022-03-29 08:00:00,12.097
2022-03-29 09:00:00,18.128
2022-03-29 10:00:00,23.389
2022-03-29 11:00:00,26.022
2022-03-29 12:00:00,28.027
2022-03-29 13:00:00,25.999
2022-03-29 14:00:00,22.456
2022-03-29 15:00:00,17.389
2022-03-29 16:00:00,10.665
2022-03-29 17:00:00,3.659
2022-03-29 18:00:00,0.137
2022-03-29 19:00:00,0.0
2022-03-29 20:00:00,0.0
2022-03-29 21:00:00,0.0
2022-03-29 22:00:00,0.0
2022-03-29 23:00:00,0.0
2022-03-30 00:00:00,0.0
2022-03-30 01:00:00,0.0
2022-03-30 02:00:00,0.0
2022-03-30 03:00:00,0.0
2022-03-30 04:00:00,0.0
2022-03-30 05:00:00,0.0
2022-03-30 06:00:00,0.219
2022-03-30 07:00:00,5.587
2022-03-30 08:00:00,13.614
2022-03-30 09:00:00,20.612
2022-03-30 10:00:00,25.212
2022-03-30 11:00:00,26.878
2022-03-30 12:00:00,29.198
2022-03-30 13:00:00,31.116
2022-03-30 14:00:00,29.053
2022-03-30 15:00:00,22.711
2022-03-30 16:00:00,12.945
2022-03-30 17:00:00,5.149
2022-03-30 18:00:00,0.233
2022-03-30 19:00:00,0.0
2022-03-30 20:00:00,0.0
2022-03-30 21:00:00,0.0
2022-03-30 22:00:00,0.0
2022-03-30 23:00:00,0.0
2022-03-31 00:00:00,0.0
2022-03-31 01:00:00,0.0
2022-03-31 02:00:00,0.0
2022-03-31 03:00:00,0.0
2022-03-31 04:00:00,0.0
2022-03-31 05:00:00,0.0
2022-03-31 06:00:00,0.334
2022-03-31 07:00:00,7.58
2022-03-31 08:00:00,17.206
2022-03-31 09:00:00,25.975
2022-03-31 10:00:00,31.033
2022-03-31 11:00:00,33.847
2022-03-31 12:00:00,35.372
2022-03-31 13:00:00,33.998
2022-03-31 14:00:00,29.675
2022-03-31 15:00:00,23.394
2022-03-31 16:00:00,15.268
2022-03-31 17:00:00,5.082
2022-03-31 18:00:00,0.206
2022-03-31 19:00:00,0.0
2022-03-31 20:00:00,0.0
2022-03-31 21:00:00,0.0
2022-03-31 22:00:00,0.0
2022-03-31 23:00:00,0.0
2022-04-01 00:00:00,0.0
2022-04-01 01:00:00,0.0
2022-04-01 02:00:00,0.0
2022-04-01 03:00:00,0.0
2022-04-01 04:00:00,0.0
2022-04-01 05:00:00,0.0
2022-04-01 06:00:00,0.242
2022-04-01 07:00:00,5.518
2022-04-01 08:00:00,12.942
2022-04-01 09:00:00,19.563
2022-04-01 10:00:00,23.472
2022-04-01 11:00:00,24.054
2022-04-01 12:00:00,21.848
2022-04-01 13:00:00,19.89
2022-04-01 14:00:00,16.786
2022-04-01 15:00:00,11.898
2022-04-01 16:00:00,6.72
2022-04-01 17:00:00,2.398
2022-04-01 18:00:00,0.063
2022-04-01 19:00:00,0.0
2022-04-01 20:00:00,0.0
2022-04-01 21:00:00,0.0
2022-04-01 22:00:00,0.0
2022-04-01 23:00:00,0.0
2022-04-02 00:00:00,0.0
2022-04-02 01:00:00,0.0
2022-04-02 02:00:00,0.0
2022-04-02 03:00:00,0.0
2022-04-02 04:00:00,0.0
2022-04-02 05:00:00,0.0
2022-04-02 06:00:00,0.013
2022-04-02 07:00:00,1.581
2022-04-02 08:00:00,4.798
2022-04-02 09:00:00,9.032
2022-04-02 10:00:00,13.435
2022-04-02 11:00:00,15.425
2022-04-02 12:00:00,15.429
2022-04-02 13:00:00,14.009
2022-04-02 14:00:00,12.659
2022-04-02 15:00:00,10.897
2022-04-02 16:00:00,8.681000000000001
2022-04-02 17:00:00,4.33
2022-04-02 18:00:00,0.342
2022-04-02 19:00:00,0.0
2022-04-02 20:00:00,0.0
2022-04-02 21:00:00,0.0
2022-04-02 22:00:00,0.0
2022-04-02 23:00:00,0.0
2022-04-03 00:00:00,0.0
2022-04-03 01:00:00,0.0
2022-04-03 02:00:00,0.0
2022-04-03 03:00:00,0.0
2022-04-03 04:00:00,0.0
2022-04-03 05:00:00,0.0
2022-04-03 06:00:00,0.432
2022-04-03 07:00:00,8.071
2022-04-03 08:00:00,18.629
2022-04-03 09:00:00,27.703
2022-04-03 10:00:00,34.118
2022-04-03 11:00:00,37.774
2022-04-03 12:00:00,38.897
2022-04-03 13:00:00,37.537
2022-04-03 14:00:00,33.669
2022-04-03 15:00:00,27.24
2022-04-03 16:00:00,18.379
2022-04-03 17:00:00,8.088
2022-04-03 18:00:00,0.415
2022-04-03 19:00:00,0.0
2022-04-03 20:00:00,0.0
2022-04-03 21:00:00,0.0
2022-04-03 22:00:00,0.0
2022-04-03 23:00:00,0.0
2022-04-04 00:00:00,0.0
2022-04-04 01:00:00,0.0
2022-04-04 02:00:00,0.0
2022-04-04 03:00:00,0.0
2022-04-04 04:00:00,0.0
2022-04-04 05:00:00,0.0
2022-04-04 06:00:00,0.387
2022-04-04 07:00:00,8.229
2022-04-04 08:00:00,18.828
2022-04-04 09:00:00,27.752
2022-04-04 10:00:00,34.012
2022-04-04 11:00:00,37.843
2022-04-04 12:00:00,38.817
2022-04-04 13:00:00,37.348
2022-04-04 14:00:00,33.408
2022-04-04 15:00:00,26.911
2022-04-04 16:00:00,18.03
2022-04-04 17:00:00,7.838
2022-04-04 18:00:00,0.412
2022-04-04 19:00:00,0.0
2022-04-04 20:00:00,0.0
2022-04-04 21:00:00,0.0
2022-04-04 22:00:00,0.0
2022-04-04 23:00:00,0.0
2022-04-05 00:00:00,0.0
2022-04-05 01:00:00,0.0
2022-04-05 02:00:00,0.0
2022-04-05 03:00:00,0.0
2022-04-05 04:00:00,0.0
2022-04-05 05:00:00,0.0
2022-04-05 06:00:00,0.393
2022-04-05 07:00:00,7.874
2022-04-05 08:00:00,18.214
2022-04-05 09:00:00,26.775
2022-04-05 10:00:00,32.747
2022-04-05 11:00:00,36.467
2022-04-05 12:00:00,37.293
2022-04-05 13:00:00,35.489
2022-04-05 14:00:00,31.531
2022-04-05 15:00:00,24.579
2022-04-05 16:00:00,16.401
2022-04-05 17:00:00,6.993
2022-04-05 18:00:00,0.382
2022-04-05 19:00:00,0.0
2022-04-05 20:00:00,0.0
2022-04-05 21:00:00,0.0
2022-04-05 22:00:00,0.0
2022-04-05 23:00:00,0.0
2022-04-06 00:00:00,0.0
2022-04-06 01:00:00,0.0
2022-04-06 02:00:00,0.0
2022-04-06 03:00:00,0.0
2022-04-06 04:00:00,0.0
2022-04-06 05:00:00,0.0
2022-04-06 06:00:00,0.375
2022-04-06 07:00:00,6.873
2022-04-06 08:00:00,16.294
2022-04-06 09:00:00,24.618
2022-04-06 10:00:00,30.636
2022-04-06 11:00:00,34.408
2022-04-06 12:00:00,35.359
2022-04-06 13:00:00,33.864
2022-04-06 14:00:00,29.87
2022-04-06 15:00:00,23.401
2022-04-06 16:00:00,13.68
2022-04-06 17:00:00,4.608
2022-04-06 18:00:00,0.199
2022-04-06 19:00:00,0.0
2022-04-06 20:00:00,0.0
2022-04-06 21:00:00,0.0
2022-04-06 22:00:00,0.0
2022-04-06 23:00:00,0.0
2022-04-07 00:00:00,0.0
2022-04-07 01:00:00,0.0
2022-04-07 02:00:00,0.0
2022-04-07 03:00:00,0.0
2022-04-07 04:00:00,0.0
2022-04-07 05:00:00,0.0
2022-04-07 06:00:00,0.32
2022-04-07 07:00:00,6.286
2022-04-07 08:00:00,15.528
2022-04-07 09:00:00,23.969
2022-04-07 10:00:00,30.216
2022-04-07 11:00:00,33.248
2022-04-07 12:00:00,34.266
2022-04-07 13:00:00,33.063
2022-04-07 14:00:00,29.272
2022-04-07 15:00:00,24.055
2022-04-07 16:00:00,16.058
2022-04-07 17:00:00,7.16
2022-04-07 18:00:00,0.454
2022-04-07 19:00:00,0.0
2022-04-07 20:00:00,0.0
2022-04-07 21:00:00,0.0
2022-04-07 22:00:00,0.0
2022-04-07 23:00:00,0.0
2022-04-08 00:00:00,0.0
2022-04-08 01:00:00,0.0
2022-04-08 02:00:00,0.0
2022-04-08 03:00:00,0.0
2022-04-08 04:00:00,0.0
2022-04-08 05:00:00,0.0
2022-04-08 06:00:00,0.436
2022-04-08 07:00:00,7.574
2022-04-08 08:00:00,17.363
2022-04-08 09:00:00,25.734
2022-04-08 10:00:00,31.76
2022-04-08 11:00:00,35.594
2022-04-08 12:00:00,36.476
2022-04-08 13:00:00,35.001
2022-04-08 14:00:00,30.312
2022-04-08 15:00:00,21.744
2022-04-08 16:00:00,15.359
2022-04-08 17:00:00,6.621
2022-04-08 18:00:00,0.409
2022-04-08 19:00:00,0.0
2022-04-08 20:00:00,0.0
2022-04-08 21:00:00,0.0
2022-04-08 22:00:00,0.0
2022-04-08 23:00:00,0.0
2022-04-09 00:00:00,0.0
2022-04-09 01:00:00,0.0
2022-04-09 02:00:00,0.0
2022-04-09 03:00:00,0.0
2022-04-09 04:00:00,0.0
2022-04-09 05:00:00,0.0
2022-04-09 06:00:00,0.452
2022-04-09 07:00:00,7.643
2022-04-09 08:00:00,17.362
2022-04-09 09:00:00,25.768
2022-04-09 10:00:00,31.773
2022-04-09 11:00:00,35.89
2022-04-09 12:00:00,36.814
2022-04-09 13:00:00,35.267
2022-04-09 14:00:00,31.254
2022-04-09 15:00:00,24.855
2022-04-09 16:00:00,16.538
2022-04-09 17:00:00,7.202
2022-04-09 18:00:00,0.434
2022-04-09 19:00:00,0.0
2022-04-09 20:00:00,0.0
2022-04-09 21:00:00,0.0
2022-04-09 22:00:00,0.0
2022-04-09 23:00:00,0.0
2022-04-10 00:00:00,0.0
2022-04-10 01:00:00,0.0
2022-04-10 02:00:00,0.0
2022-04-10 03:00:00,0.0
2022-04-10 04:00:00,0.0
2022-04-10 05:00:00,0.0
2022-04-10 06:00:00,0.462
2022-04-10 07:00:00,8.231
2022-04-10 08:00:00,18.335
2022-04-10 09:00:00,26.641
2022-04-10 10:00:00,32.592
2022-04-10 11:00:00,35.967
2022-04-10 12:00:00,36.91
2022-04-10 13:00:00,35.526
2022-04-10 14:00:00,31.767
2022-04-10 15:00:00,25.606
2022-04-10 16:00:00,17.193
2022-04-10 17:00:00,7.629
2022-04-10 18:00:00,0.471
2022-04-10 19:00:00,0.0
2022-04-10 20:00:00,0.0
2022-04-10 21:00:00,0.0
2022-04-10 22:00:00,0.0
2022-04-10 23:00:00,0.0
2022-04-11 00:00:00,0.0
2022-04-11 01:00:00,0.0
2022-04-11 02:00:00,0.0
2022-04-11 03:00:00,0.0
2022-04-11 04:00:00,0.0
2022-04-11 05:00:00,0.0
2022-04-11 06:00:00,0.479
2022-04-11 07:00:00,7.979
2022-04-11 08:00:00,17.63
2022-04-11 09:00:00,25.792
2022-04-11 10:00:00,31.778
2022-04-11 11:00:00,34.852
2022-04-11 12:00:00,35.986
2022-04-11 13:00:00,34.662
2022-04-11 14:00:00,30.949
2022-04-11 15:00:00,24.879
2022-04-11 16:00:00,16.677
2022-04-11 17:00:00,7.413
2022-04-11 18:00:00,0.48
2022-04-11 19:00:00,0.0
2022-04-11 20:00:00,0.0
2022-04-11 21:00:00,0.0
2022-04-11 22:00:00,0.0
2022-04-11 23:00:00,0.0
2022-04-12 00:00:00,0.0
2022-04-12 01:00:00,0.0
2022-04-12 02:00:00,0.0
2022-04-12 03:00:00,0.0
2022-04-12 04:00:00,0.0
2022-04-12 05:00:00,0.0
2022-04-12 06:00:00,0.503
2022-04-12 07:00:00,7.923
2022-04-12 08:00:00,17.471
2022-04-12 09:00:00,25.297
2022-04-12 10:00:00,31.091
2022-04-12 11:00:00,33.486
2022-04-12 12:00:00,34.118
2022-04-12 13:00:00,32.161
2022-04-12 14:00:00,27.905
2022-04-12 15:00:00,19.63
2022-04-12 16:00:00,10.855
2022-04-12 17:00:00,4.739
2022-04-12 18:00:00,0.398
2022-04-12 19:00:00,0.0
2022-04-12 20:00:00,0.0
2022-04-12 21:00:00,0.0
2022-04-12 22:00:00,0.0
2022-04-12 23:00:00,0.0
2022-04-13 00:00:00,0.0
2022-04-13 01:00:00,0.0
2022-04-13 02:00:00,0.0
2022-04-13 03:00:00,0.0
2022-04-13 04:00:00,0.0
2022-04-13 05:00:00,0.0
2022-04-13 06:00:00,0.492
2022-04-13 07:00:00,6.665
2022-04-13 08:00:00,15.079
2022-04-13 09:00:00,20.368
2022-04-13 10:00:00,22.937
2022-04-13 11:00:00,22.292
2022-04-13 12:00:00,25.125
2022-04-13 13:00:00,24.492
2022-04-13 14:00:00,22.412
2022-04-13 15:00:00,19.994
2022-04-13 16:00:00,11.774
2022-04-13 17:00:00,5.112
2022-04-13 18:00:00,0.396
2022-04-13 19:00:00,0.0
2022-04-13 20:00:00,0.0
2022-04-13 21:00:00,0.0
2022-04-13 22:00:00,0.0
2022-04-13 23:00:00,0.0
2022-04-14 00:00:00,0.0
2022-04-14 01:00:00,0.0
2022-04-14 02:00:00,0.0
2022-04-14 03:00:00,0.0
2022-04-14 04:00:00,0.0
2022-04-14 05:00:00,0.0
2022-04-14 06:00:00,0.595
2022-04-14 07:00:00,7.534
2022-04-14 08:00:00,16.864
2022-04-14 09:00:00,25.235
2022-04-14 10:00:00,31.244
2022-04-14 11:00:00,35.556
2022-04-14 12:00:00,36.459
2022-04-14 13:00:00,35.001
2022-04-14 14:00:00,31.21
2022-04-14 15:00:00,25.068
2022-04-14 16:00:00,16.789
2022-04-14 17:00:00,7.497
2022-04-14 18:00:00,0.562
2022-04-14 19:00:00,0.0
2022-04-14 20:00:00,0.0
2022-04-14 21:00:00,0.0
2022-04-14 22:00:00,0.0
2022-04-14 23:00:00,0.0
2022-04-15 00:00:00,0.0
2022-04-15 01:00:00,0.0
2022-04-15 02:00:00,0.0
2022-04-15 03:00:00,0.0
2022-04-15 04:00:00,0.0
2022-04-15 05:00:00,0.0
2022-04-15 06:00:00,0.466
2022-04-15 07:00:00,5.882
2022-04-15 08:00:00,14.622
2022-04-15 09:00:00,22.508
2022-04-15 10:00:00,29.245
2022-04-15 11:00:00,31.335
2022-04-15 12:00:00,30.035
2022-04-15 13:00:00,29.584
2022-04-15 14:00:00,25.009
2022-04-15 15:00:00,18.653
2022-04-15 16:00:00,11.299
2022-04-15 17:00:00,4.731
2022-04-15 18:00:00,0.322
2022-04-15 19:00:00,0.0
2022-04-15 20:00:00,0.0
2022-04-15 21:00:00,0.0
2022-04-15 22:00:00,0.0
2022-04-15 23:00:00,0.0
2022-04-16 00:00:00,0.0
2022-04-16 01:00:00,0.0
2022-04-16 02:00:00,0.0
2022-04-16 03:00:00,0.0
2022-04-16 04:00:00,0.0
2022-04-16 05:00:00,0.0
2022-04-16 06:00:00,0.479
2022-04-16 07:00:00,5.591
2022-04-16 08:00:00,12.781
2022-04-16 09:00:00,18.669
2022-04-16 10:00:00,22.115
2022-04-16 11:00:00,24.036
2022-04-16 12:00:00,24.262
2022-04-16 13:00:00,20.98
2022-04-16 14:00:00,16.012
2022-04-16 15:00:00,10.93
2022-04-16 16:00:00,6.74
2022-04-16 17:00:00,3.215
2022-04-16 18:00:00,0.231
2022-04-16 19:00:00,0.0
2022-04-16 20:00:00,0.0
2022-04-16 21:00:00,0.0
2022-04-16 22:00:00,0.0
2022-04-16 23:00:00,0.0
2022-04-17 00:00:00,0.0
2022-04-17 01:00:00,0.0
2022-04-17 02:00:00,0.0
2022-04-17 03:00:00,0.0
2022-04-17 04:00:00,0.0
2022-04-17 05:00:00,0.0
2022-04-17 06:00:00,0.126
2022-04-17 07:00:00,2.468
2022-04-17 08:00:00,8.297
2022-04-17 09:00:00,15.51
2022-04-17 10:00:00,18.308
2022-04-17 11:00:00,19.865
2022-04-17 12:00:00,20.738
2022-04-17 13:00:00,21.383
2022-04-17 14:00:00,19.076
2022-04-17 15:00:00,14.317
2022-04-17 16:00:00,8.043
2022-04-17 17:00:00,2.974
2022-04-17 18:00:00,0.208
2022-04-17 19:00:00,0.0
2022-04-17 20:00:00,0.0
2022-04-17 21:00:00,0.0
2022-04-17 22:00:00,0.0
2022-04-17 23:00:00,0.0
2022-04-18 00:00:00,0.0
2022-04-18 01:00:00,0.0
2022-04-18 02:00:00,0.0
2022-04-18 03:00:00,0.0
2022-04-18 04:00:00,0.0
2022-04-18 05:00:00,0.0
2022-04-18 06:00:00,0.371
2022-04-18 07:00:00,4.091
2022-04-18 08:00:00,7.861
2022-04-18 09:00:00,13.825
2022-04-18 10:00:00,18.375
2022-04-18 11:00:00,21.336
2022-04-18 12:00:00,22.685
2022-04-18 13:00:00,23.258
2022-04-18 14:00:00,19.536
2022-04-18 15:00:00,14.699
2022-04-18 16:00:00,9.654
2022-04-18 17:00:00,4.073
2022-04-18 18:00:00,0.386
2022-04-18 19:00:00,0.0
2022-04-18 20:00:00,0.0
2022-04-18 21:00:00,0.0
2022-04-18 22:00:00,0.0
2022-04-18 23:00:00,0.0
2022-04-19 00:00:00,0.0
2022-04-19 01:00:00,0.0
2022-04-19 02:00:00,0.0
2022-04-19 03:00:00,0.0
2022-04-19 04:00:00,0.0
2022-04-19 05:00:00,0.0
2022-04-19 06:00:00,0.215
2022-04-19 07:00:00,2.888
2022-04-19 08:00:00,6.996
2022-04-19 09:00:00,10.576
2022-04-19 10:00:00,13.7
2022-04-19 11:00:00,17.445
2022-04-19 12:00:00,21.422
2022-04-19 13:00:00,20.652
2022-04-19 14:00:00,17.343
2022-04-19 15:00:00,13.99
2022-04-19 16:00:00,10.177
2022-04-19 17:00:00,4.744
2022-04-19 18:00:00,0.468
2022-04-19 19:00:00,0.0
2022-04-19 20:00:00,0.0
2022-04-19 21:00:00,0.0
2022-04-19 22:00:00,0.0
2022-04-19 23:00:00,0.0
2022-04-20 00:00:00,0.0
2022-04-20 01:00:00,0.0
2022-04-20 02:00:00,0.0
2022-04-20 03:00:00,0.0
2022-04-20 04:00:00,0.0
2022-04-20 05:00:00,0.0
2022-04-20 06:00:00,0.224
2022-04-20 07:00:00,2.4
2022-04-20 08:00:00,5.369
2022-04-20 09:00:00,8.534
2022-04-20 10:00:00,10.765
2022-04-20 11:00:00,13.533
2022-04-20 12:00:00,15.925
2022-04-20 13:00:00,16.944
2022-04-20 14:00:00,15.102
2022-04-20 15:00:00,12.115
2022-04-20 16:00:00,7.892
2022-04-20 17:00:00,4.171
2022-04-20 18:00:00,0.511
2022-04-20 19:00:00,0.0
2022-04-20 20:00:00,0.0
2022-04-20 21:00:00,0.0
2022-04-20 22:00:00,0.0
2022-04-20 23:00:00,0.0
2022-04-21 00:00:00,0.0
2022-04-21 01:00:00,0.0
2022-04-21 02:00:00,0.0
2022-04-21 03:00:00,0.0
2022-04-21 04:00:00,0.0
2022-04-21 05:00:00,0.0
2022-04-21 06:00:00,0.682
2022-04-21 07:00:00,6.888
2022-04-21 08:00:00,15.548
2022-04-21 09:00:00,22.491
2022-04-21 10:00:00,27.046
2022-04-21 11:00:00,30.401
2022-04-21 12:00:00,31.958
2022-04-21 13:00:00,32.192
2022-04-21 14:00:00,29.381
2022-04-21 15:00:00,23.331
2022-04-21 16:00:00,15.621
2022-04-21 17:00:00,6.158
2022-04-21 18:00:00,0.641
2022-04-21 19:00:00,0.0
2022-04-21 20:00:00,0.0
2022-04-21 21:00:00,0.0
2022-04-21 22:00:00,0.0
2022-04-21 23:00:00,0.0
2022-04-22 00:00:00,0.0
2022-04-22 01:00:00,0.0
2022-04-22 02:00:00,0.0
2022-04-22 03:00:00,0.0
2022-04-22 04:00:00,0.0
2022-04-22 05:00:00,0.0
2022-04-22 06:00:00,0.753
2022-04-22 07:00:00,6.812
2022-04-22 08:00:00,14.521
2022-04-22 09:00:00,21.499
2022-04-22 10:00:00,26.132
2022-04-22 11:00:00,29.622
2022-04-22 12:00:00,30.855
2022-04-22 13:00:00,29.972
2022-04-22 14:00:00,26.679
2022-04-22 15:00:00,21.661
2022-04-22 16:00:00,13.962
2022-04-22 17:00:00,6.157
2022-04-22 18:00:00,0.7010000000000001
2022-04-22 19:00:00,0.0
2022-04-22 20:00:00,0.0
2022-04-22 21:00:00,0.0
2022-04-22 22:00:00,0.0
2022-04-22 23:00:00,0.0
2022-04-23 00:00:00,0.0
2022-04-23 01:00:00,0.0
2022-04-23 02:00:00,0.0
2022-04-23 03:00:00,0.0
2022-04-23 04:00:00,0.0
2022-04-23 05:00:00,0.0
2022-04-23 06:00:00,0.789
2022-04-23 07:00:00,7.026
2022-04-23 08:00:00,14.982
2022-04-23 09:00:00,21.267
2022-04-23 10:00:00,25.102
2022-04-23 11:00:00,27.138
2022-04-23 12:00:00,29.796
2022-04-23 13:00:00,29.856
2022-04-23 14:00:00,25.893
2022-04-23 15:00:00,18.152
2022-04-23 16:00:00,12.554
2022-04-23 17:00:00,6.132
2022-04-23 18:00:00,0.704
2022-04-23 19:00:00,0.0
2022-04-23 20:00:00,0.0
2022-04-23 21:00:00,0.0
2022-04-23 22:00:00,0.0
2022-04-23 23:00:00,0.0
2022-04-24 00:00:00,0.0
2022-04-24 01:00:00,0.0
2022-04-24 02:00:00,0.0
2022-04-24 03:00:00,0.0
2022-04-24 04:00:00,0.0
2022-04-24 05:00:00,0.0
2022-04-24 06:00:00,0.833
2022-04-24 07:00:00,8.046
2022-04-24 08:00:00,16.907
2022-04-24 09:00:00,24.61
2022-04-24 10:00:00,30.148
2022-04-24 11:00:00,32.759
2022-04-24 12:00:00,33.091
2022-04-24 13:00:00,31.074
2022-04-24 14:00:00,27.411
2022-04-24 15:00:00,22.044
2022-04-24 16:00:00,15.074
2022-04-24 17:00:00,7.237
2022-04-24 18:00:00,0.8170000000000001
2022-04-24 19:00:00,0.0
2022-04-24 20:00:00,0.0
2022-04-24 21:00:00,0.0
2022-04-24 22:00:00,0.0
2022-04-24 23:00:00,0.0
2022-04-25 00:00:00,0.0
2022-04-25 01:00:00,0.0
2022-04-25 02:00:00,0.0
2022-04-25 03:00:00,0.0
2022-04-25 04:00:00,0.0
2022-04-25 05:00:00,0.0
2022-04-25 06:00:00,0.786
2022-04-25 07:00:00,7.421
2022-04-25 08:00:00,15.685
2022-04-25 09:00:00,21.99
2022-04-25 10:00:00,26.68
2022-04-25 11:00:00,30.115
2022-04-25 12:00:00,32.894
2022-04-25 13:00:00,31.765
2022-04-25 14:00:00,28.298
2022-04-25 15:00:00,22.558
2022-04-25 16:00:00,15.015
2022-04-25 17:00:00,7.075
2022-04-25 18:00:00,0.8180000000000001
2022-04-25 19:00:00,0.0
2022-04-25 20:00:00,0.0
2022-04-25 21:00:00,0.0
2022-04-25 22:00:00,0.0
2022-04-25 23:00:00,0.0
2022-04-26 00:00:00,0.0
2022-04-26 01:00:00,0.0
2022-04-26 02:00:00,0.0
2022-04-26 03:00:00,0.0
2022-04-26 04:00:00,0.0
2022-04-26 05:00:00,0.0
2022-04-26 06:00:00,0.8290000000000001
2022-04-26 07:00:00,7.456
2022-04-26 08:00:00,15.893
2022-04-26 09:00:00,23.89
2022-04-26 10:00:00,29.177
2022-04-26 11:00:00,30.923
2022-04-26 12:00:00,31.245
2022-04-26 13:00:00,30.084
2022-04-26 14:00:00,26.403
2022-04-26 15:00:00,20.952
2022-04-26 16:00:00,12.64
2022-04-26 17:00:00,5.699
2022-04-26 18:00:00,0.638
2022-04-26 19:00:00,0.0
2022-04-26 20:00:00,0.0
2022-04-26 21:00:00,0.0
2022-04-26 22:00:00,0.0
2022-04-26 23:00:00,0.0
2022-04-27 00:00:00,0.0
2022-04-27 01:00:00,0.0
2022-04-27 02:00:00,0.0
2022-04-27 03:00:00,0.0
2022-04-27 04:00:00,0.0
2022-04-27 05:00:00,0.0
2022-04-27 06:00:00,0.855
2022-04-27 07:00:00,7.25
2022-04-27 08:00:00,15.312
2022-04-27 09:00:00,22.937
2022-04-27 10:00:00,28.801
2022-04-27 11:00:00,32.109
2022-04-27 12:00:00,33.025
2022-04-27 13:00:00,31.636
2022-04-27 14:00:00,27.006
2022-04-27 15:00:00,21.144
2022-04-27 16:00:00,13.445
2022-04-27 17:00:00,6.204
2022-04-27 18:00:00,0.792
2022-04-27 19:00:00,0.0
2022-04-27 20:00:00,0.0
2022-04-27 21:00:00,0.0
2022-04-27 22:00:00,0.0
2022-04-27 23:00:00,0.0
2022-04-28 00:00:00,0.0
2022-04-28 01:00:00,0.0
2022-04-28 02:00:00,0.0
2022-04-28 03:00:00,0.0
2022-04-28 04:00:00,0.0
2022-04-28 05:00:00,0.0
2022-04-28 06:00:00,0.963
2022-04-28 07:00:00,6.964
2022-04-28 08:00:00,15.43
2022-04-28 09:00:00,22.832
2022-04-28 10:00:00,28.376
2022-04-28 11:00:00,31.483
2022-04-28 12:00:00,32.514
2022-04-28 13:00:00,31.522
2022-04-28 14:00:00,27.281
2022-04-28 15:00:00,22.055
2022-04-28 16:00:00,14.493
2022-04-28 17:00:00,6.558
2022-04-28 18:00:00,0.86
2022-04-28 19:00:00,0.0
2022-04-28 20:00:00,0.0
2022-04-28 21:00:00,0.0
2022-04-28 22:00:00,0.0
2022-04-28 23:00:00,0.0
2022-04-29 00:00:00,0.0
2022-04-29 01:00:00,0.0
2022-04-29 02:00:00,0.0
2022-04-29 03:00:00,0.0
2022-04-29 04:00:00,0.0
2022-04-29 05:00:00,0.0
2022-04-29 06:00:00,0.934
2022-04-29 07:00:00,6.647
2022-04-29 08:00:00,13.726
2022-04-29 09:00:00,19.63
2022-04-29 10:00:00,23.947
2022-04-29 11:00:00,25.874
2022-04-29 12:00:00,24.333
2022-04-29 13:00:00,20.508
2022-04-29 14:00:00,17.402
2022-04-29 15:00:00,12.56
2022-04-29 16:00:00,7.016
2022-04-29 17:00:00,2.983
2022-04-29 18:00:00,0.547
2022-04-29 19:00:00,0.0
2022-04-29 20:00:00,0.0
2022-04-29 21:00:00,0.0
2022-04-29 22:00:00,0.0
2022-04-29 23:00:00,0.0
2022-04-30 00:00:00,0.0
2022-04-30 01:00:00,0.0
2022-04-30 02:00:00,0.0
2022-04-30 03:00:00,0.0
2022-04-30 04:00:00,0.0
2022-04-30 05:00:00,0.0
2022-04-30 06:00:00,0.679
2022-04-30 07:00:00,4.896
2022-04-30 08:00:00,10.26
2022-04-30 09:00:00,15.904
2022-04-30 10:00:00,20.421
2022-04-30 11:00:00,22.29
2022-04-30 12:00:00,21.995
2022-04-30 13:00:00,20.615
2022-04-30 14:00:00,17.939
2022-04-30 15:00:00,14.603
2022-04-30 16:00:00,10.454
2022-04-30 17:00:00,5.474
2022-04-30 18:00:00,0.767
2022-04-30 19:00:00,0.0
2022-04-30 20:00:00,0.0
2022-04-30 21:00:00,0.0
2022-04-30 22:00:00,0.0
2022-04-30 23:00:00,0.0
2022-05-01 00:00:00,0.0
2022-05-01 01:00:00,0.0
2022-05-01 02:00:00,0.0
2022-05-01 03:00:00,0.0
2022-05-01 04:00:00,0.0
2022-05-01 05:00:00,0.0
2022-05-01 06:00:00,0.482
2022-05-01 07:00:00,3.597
2022-05-01 08:00:00,7.844
2022-05-01 09:00:00,10.561
2022-05-01 10:00:00,12.254
2022-05-01 11:00:00,12.845
2022-05-01 12:00:00,12.505
2022-05-01 13:00:00,12.506
2022-05-01 14:00:00,11.255
2022-05-01 15:00:00,8.749
2022-05-01 16:00:00,5.456
2022-05-01 17:00:00,2.81
2022-05-01 18:00:00,0.451
2022-05-01 19:00:00,0.0
2022-05-01 20:00:00,0.0
2022-05-01 21:00:00,0.0
2022-05-01 22:00:00,0.0
2022-05-01 23:00:00,0.0
2022-05-02 00:00:00,0.0
2022-05-02 01:00:00,0.0
2022-05-02 02:00:00,0.0
2022-05-02 03:00:00,0.0
2022-05-02 04:00:00,0.0
2022-05-02 05:00:00,0.0
2022-05-02 06:00:00,0.675
2022-05-02 07:00:00,6.134
2022-05-02 08:00:00,13.627
2022-05-02 09:00:00,19.337
2022-05-02 10:00:00,21.901
2022-05-02 11:00:00,23.687
2022-05-02 12:00:00,24.157
2022-05-02 13:00:00,22.799
2022-05-02 14:00:00,19.807
2022-05-02 15:00:00,14.501
2022-05-02 16:00:00,9.243
2022-05-02 17:00:00,4.615
2022-05-02 18:00:00,0.791
2022-05-02 19:00:00,0.0
2022-05-02 20:00:00,0.0
2022-05-02 21:00:00,0.0
2022-05-02 22:00:00,0.0
2022-05-02 23:00:00,0.0
2022-05-03 00:00:00,0.0
2022-05-03 01:00:00,0.0
2022-05-03 02:00:00,0.0
2022-05-03 03:00:00,0.0
2022-05-03 04:00:00,0.0
2022-05-03 05:00:00,0.0
2022-05-03 06:00:00,0.988
2022-05-03 07:00:00,6.035
2022-05-03 08:00:00,13.246
2022-05-03 09:00:00,19.203
2022-05-03 10:00:00,23.238
2022-05-03 11:00:00,25.35
2022-05-03 12:00:00,25.294
2022-05-03 13:00:00,22.451
2022-05-03 14:00:00,18.244
2022-05-03 15:00:00,15.851
2022-05-03 16:00:00,14.448
2022-05-03 17:00:00,7.032
2022-05-03 18:00:00,1.067
2022-05-03 19:00:00,0.0
2022-05-03 20:00:00,0.0
2022-05-03 21:00:00,0.0
2022-05-03 22:00:00,0.0
2022-05-03 23:00:00,0.0
2022-05-04 00:00:00,0.0
2022-05-04 01:00:00,0.0
2022-05-04 02:00:00,0.0
2022-05-04 03:00:00,0.0
2022-05-04 04:00:00,0.0
2022-05-04 05:00:00,0.0
2022-05-04 06:00:00,0.835
2022-05-04 07:00:00,5.636
2022-05-04 08:00:00,13.379
2022-05-04 09:00:00,20.978
2022-05-04 10:00:00,27.738
2022-05-04 11:00:00,31.561
2022-05-04 12:00:00,32.245
2022-05-04 13:00:00,30.094
2022-05-04 14:00:00,26.116
2022-05-04 15:00:00,22.078
2022-05-04 16:00:00,15.234
2022-05-04 17:00:00,6.696
2022-05-04 18:00:00,0.929
2022-05-04 19:00:00,0.0
2022-05-04 20:00:00,0.0
2022-05-04 21:00:00,0.0
2022-05-04 22:00:00,0.0
2022-05-04 23:00:00,0.0
2022-05-05 00:00:00,0.0
2022-05-05 01:00:00,0.0
2022-05-05 02:00:00,0.0
2022-05-05 03:00:00,0.0
2022-05-05 04:00:00,0.0
2022-05-05 05:00:00,0.0
2022-05-05 06:00:00,1.164
2022-05-05 07:00:00,7.391
2022-05-05 08:00:00,15.676
2022-05-05 09:00:00,23.103
2022-05-05 10:00:00,28.704
2022-05-05 11:00:00,31.007
2022-05-05 12:00:00,24.427
2022-05-05 13:00:00,19.951
2022-05-05 14:00:00,17.16
2022-05-05 15:00:00,12.166
2022-05-05 16:00:00,8.37
2022-05-05 17:00:00,5.708
2022-05-05 18:00:00,0.996
2022-05-05 19:00:00,0.0
2022-05-05 20:00:00,0.0
2022-05-05 21:00:00,0.0
2022-05-05 22:00:00,0.0
2022-05-05 23:00:00,0.0
2022-05-06 00:00:00,0.0
2022-05-06 01:00:00,0.0
2022-05-06 02:00:00,0.0
2022-05-06 03:00:00,0.0
2022-05-06 04:00:00,0.0
2022-05-06 05:00:00,0.0
2022-05-06 06:00:00,0.795
2022-05-06 07:00:00,5.229
2022-05-06 08:00:00,11.603
2022-05-06 09:00:00,18.226
2022-05-06 10:00:00,24.346
2022-05-06 11:00:00,29.944
2022-05-06 12:00:00,31.744
2022-05-06 13:00:00,31.19
2022-05-06 14:00:00,27.86
2022-05-06 15:00:00,21.425
2022-05-06 16:00:00,13.861
2022-05-06 17:00:00,5.699
2022-05-06 18:00:00,0.589
2022-05-06 19:00:00,0.0
2022-05-06 20:00:00,0.0
2022-05-06 21:00:00,0.0
2022-05-06 22:00:00,0.0
2022-05-06 23:00:00,0.0
2022-05-07 00:00:00,0.0
2022-05-07 01:00:00,0.0
2022-05-07 02:00:00,0.0
2022-05-07 03:00:00,0.0
2022-05-07 04:00:00,0.0
2022-05-07 05:00:00,0.0
2022-05-07 06:00:00,0.347
2022-05-07 07:00:00,2.973
2022-05-07 08:00:00,7.53
2022-05-07 09:00:00,17.433
2022-05-07 10:00:00,26.271
2022-05-07 11:00:00,29.183
2022-05-07 12:00:00,25.796
2022-05-07 13:00:00,23.259
2022-05-07 14:00:00,20.147
2022-05-07 15:00:00,15.005
2022-05-07 16:00:00,9.12
2022-05-07 17:00:00,3.846
2022-05-07 18:00:00,0.512
2022-05-07 19:00:00,0.0
2022-05-07 20:00:00,0.0
2022-05-07 21:00:00,0.0
2022-05-07 22:00:00,0.0
2022-05-07 23:00:00,0.0
2022-05-08 00:00:00,0.0
2022-05-08 01:00:00,0.0
2022-05-08 02:00:00,0.0
2022-05-08 03:00:00,0.0
2022-05-08 04:00:00,0.0
2022-05-08 05:00:00,0.0
2022-05-08 06:00:00,1.492
2022-05-08 07:00:00,8.196
2022-05-08 08:00:00,15.709
2022-05-08 09:00:00,22.799
2022-05-08 10:00:00,27.953
2022-05-08 11:00:00,30.002
2022-05-08 12:00:00,31.125
2022-05-08 13:00:00,28.541
2022-05-08 14:00:00,24.117
2022-05-08 15:00:00,19.089
2022-05-08 16:00:00,14.161
2022-05-08 17:00:00,7.146
2022-05-08 18:00:00,1.059
2022-05-08 19:00:00,0.0
2022-05-08 20:00:00,0.0
2022-05-08 21:00:00,0.0
2022-05-08 22:00:00,0.0
2022-05-08 23:00:00,0.0
2022-05-09 00:00:00,0.0
2022-05-09 01:00:00,0.0
2022-05-09 02:00:00,0.0
2022-05-09 03:00:00,0.0
2022-05-09 04:00:00,0.0
2022-05-09 05:00:00,0.0
2022-05-09 06:00:00,1.271
2022-05-09 07:00:00,7.443
2022-05-09 08:00:00,14.608
2022-05-09 09:00:00,20.208
2022-05-09 10:00:00,22.371
2022-05-09 11:00:00,21.575
2022-05-09 12:00:00,26.414
2022-05-09 13:00:00,26.11
2022-05-09 14:00:00,20.021
2022-05-09 15:00:00,12.998
2022-05-09 16:00:00,9.901
2022-05-09 17:00:00,5.437
2022-05-09 18:00:00,0.93
2022-05-09 19:00:00,0.0
2022-05-09 20:00:00,0.0
2022-05-09 21:00:00,0.0
2022-05-09 22:00:00,0.0
2022-05-09 23:00:00,0.0
2022-05-10 00:00:00,0.0
2022-05-10 01:00:00,0.0
2022-05-10 02:00:00,0.0
2022-05-10 03:00:00,0.0
2022-05-10 04:00:00,0.0
2022-05-10 05:00:00,0.0
2022-05-10 06:00:00,0.349
2022-05-10 07:00:00,3.689
2022-05-10 08:00:00,11.946
2022-05-10 09:00:00,16.868
2022-05-10 10:00:00,16.855
2022-05-10 11:00:00,15.722
2022-05-10 12:00:00,14.049
2022-05-10 13:00:00,13.895
2022-05-10 14:00:00,11.89
2022-05-10 15:00:00,9.36
2022-05-10 16:00:00,6.448
2022-05-10 17:00:00,4.149
2022-05-10 18:00:00,1.289
2022-05-10 19:00:00,0.0
2022-05-10 20:00:00,0.0
2022-05-10 21:00:00,0.0
2022-05-10 22:00:00,0.0
2022-05-10 23:00:00,0.0
2022-05-11 00:00:00,0.0
2022-05-11 01:00:00,0.0
2022-05-11 02:00:00,0.0
2022-05-11 03:00:00,0.0
2022-05-11 04:00:00,0.0
2022-05-11 05:00:00,0.0
2022-05-11 06:00:00,1.462
2022-05-11 07:00:00,7.43
2022-05-11 08:00:00,13.946
2022-05-11 09:00:00,18.769
2022-05-11 10:00:00,19.762
2022-05-11 11:00:00,19.338
2022-05-11 12:00:00,18.355
2022-05-11 13:00:00,17.266
2022-05-11 14:00:00,14.443
2022-05-11 15:00:00,10.664
2022-05-11 16:00:00,7.502
2022-05-11 17:00:00,3.45
2022-05-11 18:00:00,0.847
2022-05-11 19:00:00,0.0
2022-05-11 20:00:00,0.0
2022-05-11 21:00:00,0.0
2022-05-11 22:00:00,0.0
2022-05-11 23:00:00,0.0
2022-05-12 00:00:00,0.0
2022-05-12 01:00:00,0.0
2022-05-12 02:00:00,0.0
2022-05-12 03:00:00,0.0
2022-05-12 04:00:00,0.0
2022-05-12 05:00:00,0.0
2022-05-12 06:00:00,0.8260000000000001
2022-05-12 07:00:00,4.749
2022-05-12 08:00:00,8.375
2022-05-12 09:00:00,12.429
2022-05-12 10:00:00,17.901
2022-05-12 11:00:00,20.991
2022-05-12 12:00:00,19.975
2022-05-12 13:00:00,21.498
2022-05-12 14:00:00,20.351
2022-05-12 15:00:00,15.496
2022-05-12 16:00:00,7.911
2022-05-12 17:00:00,3.18
2022-05-12 18:00:00,0.462
2022-05-12 19:00:00,0.0
2022-05-12 20:00:00,0.0
2022-05-12 21:00:00,0.0
2022-05-12 22:00:00,0.0
2022-05-12 23:00:00,0.0
2022-05-13 00:00:00,0.0
2022-05-13 01:00:00,0.0
2022-05-13 02:00:00,0.0
2022-05-13 03:00:00,0.0
2022-05-13 04:00:00,0.0
2022-05-13 05:00:00,0.0
2022-05-13 06:00:00,0.6990000000000001
2022-05-13 07:00:00,3.86
2022-05-13 08:00:00,8.432
2022-05-13 09:00:00,12.891
2022-05-13 10:00:00,14.906
2022-05-13 11:00:00,16.346
2022-05-13 12:00:00,16.113
2022-05-13 13:00:00,14.948
2022-05-13 14:00:00,12.167
2022-05-13 15:00:00,8.498
2022-05-13 16:00:00,5.077
2022-05-13 17:00:00,2.308
2022-05-13 18:00:00,0.301
2022-05-13 19:00:00,0.0
2022-05-13 20:00:00,0.0
2022-05-13 21:00:00,0.0
2022-05-13 22:00:00,0.0
2022-05-13 23:00:00,0.0
2022-05-14 00:00:00,0.0
2022-05-14 01:00:00,0.0
2022-05-14 02:00:00,0.0
2022-05-14 03:00:00,0.0
2022-05-14 04:00:00,0.0
2022-05-14 05:00:00,0.0
2022-05-14 06:00:00,1.293
2022-05-14 07:00:00,7.078
2022-05-14 08:00:00,13.418
2022-05-14 09:00:00,17.582
2022-05-14 10:00:00,17.915
2022-05-14 11:00:00,23.433
2022-05-14 12:00:00,29.195
2022-05-14 13:00:00,30.222
2022-05-14 14:00:00,25.245
2022-05-14 15:00:00,19.423
2022-05-14 16:00:00,12.63
2022-05-14 17:00:00,5.941
2022-05-14 18:00:00,0.9500000000000001
2022-05-14 19:00:00,0.0
2022-05-14 20:00:00,0.0
2022-05-14 21:00:00,0.0
2022-05-14 22:00:00,0.0
2022-05-14 23:00:00,0.0
2022-05-15 00:00:00,0.0
2022-05-15 01:00:00,0.0
2022-05-15 02:00:00,0.0
2022-05-15 03:00:00,0.0
2022-05-15 04:00:00,0.0
2022-05-15 05:00:00,0.0
2022-05-15 06:00:00,0.231
2022-05-15 07:00:00,1.693
2022-05-15 08:00:00,4.534
2022-05-15 09:00:00,9.84
2022-05-15 10:00:00,15.291
2022-05-15 11:00:00,20.025
2022-05-15 12:00:00,20.648
2022-05-15 13:00:00,20.353
2022-05-15 14:00:00,17.581
2022-05-15 15:00:00,12.432
2022-05-15 16:00:00,6.31
2022-05-15 17:00:00,3.135
2022-05-15 18:00:00,0.316
2022-05-15 19:00:00,0.0
2022-05-15 20:00:00,0.0
2022-05-15 21:00:00,0.0
2022-05-15 22:00:00,0.0
2022-05-15 23:00:00,0.0
2022-05-16 00:00:00,0.0
2022-05-16 01:00:00,0.0
2022-05-16 02:00:00,0.0
2022-05-16 03:00:00,0.0
2022-05-16 04:00:00,0.0
2022-05-16 05:00:00,0.0
2022-05-16 06:00:00,1.446
2022-05-16 07:00:00,7.546
2022-05-16 08:00:00,14.874
2022-05-16 09:00:00,21.575
2022-05-16 10:00:00,26.122
2022-05-16 11:00:00,28.717
2022-05-16 12:00:00,30.009
2022-05-16 13:00:00,27.255
2022-05-16 14:00:00,22.704
2022-05-16 15:00:00,18.942
2022-05-16 16:00:00,13.001
2022-05-16 17:00:00,6.065
2022-05-16 18:00:00,1.355
2022-05-16 19:00:00,0.0
2022-05-16 20:00:00,0.0
2022-05-16 21:00:00,0.0
2022-05-16 22:00:00,0.0
2022-05-16 23:00:00,0.0
2022-05-17 00:00:00,0.0
2022-05-17 01:00:00,0.0
2022-05-17 02:00:00,0.0
2022-05-17 03:00:00,0.0
2022-05-17 04:00:00,0.0
2022-05-17 05:00:00,0.0
2022-05-17 06:00:00,1.593
2022-05-17 07:00:00,7.852
2022-05-17 08:00:00,15.494
2022-05-17 09:00:00,21.946
2022-05-17 10:00:00,27.197
2022-05-17 11:00:00,31.355
2022-05-17 12:00:00,32.188
2022-05-17 13:00:00,31.351
2022-05-17 14:00:00,28.363
2022-05-17 15:00:00,22.748
2022-05-17 16:00:00,14.603
2022-05-17 17:00:00,6.429
2022-05-17 18:00:00,1.168
2022-05-17 19:00:00,0.0
2022-05-17 20:00:00,0.0
2022-05-17 21:00:00,0.0
2022-05-17 22:00:00,0.0
2022-05-17 23:00:00,0.0
2022-05-18 00:00:00,0.0
2022-05-18 01:00:00,0.0
2022-05-18 02:00:00,0.0
2022-05-18 03:00:00,0.0
2022-05-18 04:00:00,0.0
2022-05-18 05:00:00,0.0
2022-05-18 06:00:00,1.271
2022-05-18 07:00:00,6.716
2022-05-18 08:00:00,13.57
2022-05-18 09:00:00,18.688
2022-05-18 10:00:00,22.277
2022-05-18 11:00:00,24.966
2022-05-18 12:00:00,25.581
2022-05-18 13:00:00,24.993
2022-05-18 14:00:00,23.075
2022-05-18 15:00:00,19.109
2022-05-18 16:00:00,13.115
2022-05-18 17:00:00,6.61
2022-05-18 18:00:00,1.402
2022-05-18 19:00:00,0.0
2022-05-18 20:00:00,0.0
2022-05-18 21:00:00,0.0
2022-05-18 22:00:00,0.0
2022-05-18 23:00:00,0.0
2022-05-19 00:00:00,0.0
2022-05-19 01:00:00,0.0
2022-05-19 02:00:00,0.0
2022-05-19 03:00:00,0.0
2022-05-19 04:00:00,0.0
2022-05-19 05:00:00,0.0
2022-05-19 06:00:00,1.159
2022-05-19 07:00:00,6.062
2022-05-19 08:00:00,11.469
2022-05-19 09:00:00,16.887
2022-05-19 10:00:00,21.016
2022-05-19 11:00:00,24.106
2022-05-19 12:00:00,23.944
2022-05-19 13:00:00,21.431
2022-05-19 14:00:00,17.479
2022-05-19 15:00:00,13.664
2022-05-19 16:00:00,8.941
2022-05-19 17:00:00,5.024
2022-05-19 18:00:00,1.269
2022-05-19 19:00:00,0.0
2022-05-19 20:00:00,0.0
2022-05-19 21:00:00,0.0
2022-05-19 22:00:00,0.0
2022-05-19 23:00:00,0.0
2022-05-20 00:00:00,0.0
2022-05-20 01:00:00,0.0
2022-05-20 02:00:00,0.0
2022-05-20 03:00:00,0.0
2022-05-20 04:00:00,0.0
2022-05-20 05:00:00,0.0
2022-05-20 06:00:00,1.661
2022-05-20 07:00:00,7.793
2022-05-20 08:00:00,14.688
2022-05-20 09:00:00,20.463
2022-05-20 10:00:00,24.682
2022-05-20 11:00:00,28.646
2022-05-20 12:00:00,28.62
2022-05-20 13:00:00,26.614
2022-05-20 14:00:00,22.303
2022-05-20 15:00:00,17.522
2022-05-20 16:00:00,12.277
2022-05-20 17:00:00,6.331
2022-05-20 18:00:00,1.178
2022-05-20 19:00:00,0.0
2022-05-20 20:00:00,0.0
2022-05-20 21:00:00,0.0
2022-05-20 22:00:00,0.0
2022-05-20 23:00:00,0.0
2022-05-21 00:00:00,0.0
2022-05-21 01:00:00,0.0
2022-05-21 02:00:00,0.0
2022-05-21 03:00:00,0.0
2022-05-21 04:00:00,0.0
2022-05-21 05:00:00,0.0
2022-05-21 06:00:00,0.495
2022-05-21 07:00:00,3.113
2022-05-21 08:00:00,6.584
2022-05-21 09:00:00,9.466
2022-05-21 10:00:00,13.403
2022-05-21 11:00:00,15.599
2022-05-21 12:00:00,15.406
2022-05-21 13:00:00,13.683
2022-05-21 14:00:00,10.667
2022-05-21 15:00:00,7.751
2022-05-21 16:00:00,4.916
2022-05-21 17:00:00,2.334
2022-05-21 18:00:00,0.389
2022-05-21 19:00:00,0.0
2022-05-21 20:00:00,0.0
2022-05-21 21:00:00,0.0
2022-05-21 22:00:00,0.0
2022-05-21 23:00:00,0.0
2022-05-22 00:00:00,0.0
2022-05-22 01:00:00,0.0
2022-05-22 02:00:00,0.0
2022-05-22 03:00:00,0.0
2022-05-22 04:00:00,0.0
2022-05-22 05:00:00,0.0
2022-05-22 06:00:00,1.431
2022-05-22 07:00:00,4.99
2022-05-22 08:00:00,9.739
2022-05-22 09:00:00,18.631
2022-05-22 10:00:00,26.522
2022-05-22 11:00:00,30.033
2022-05-22 12:00:00,30.109
2022-05-22 13:00:00,27.647
2022-05-22 14:00:00,23.224
2022-05-22 15:00:00,16.788
2022-05-22 16:00:00,10.293
2022-05-22 17:00:00,5.298
2022-05-22 18:00:00,1.381
2022-05-22 19:00:00,0.0
2022-05-22 20:00:00,0.0
2022-05-22 21:00:00,0.0
2022-05-22 22:00:00,0.0
2022-05-22 23:00:00,0.0
2022-05-23 00:00:00,0.0
2022-05-23 01:00:00,0.0
2022-05-23 02:00:00,0.0
2022-05-23 03:00:00,0.0
2022-05-23 04:00:00,0.0
2022-05-23 05:00:00,0.0
2022-05-23 06:00:00,0.312
2022-05-23 07:00:00,2.232
2022-05-23 08:00:00,5.202
2022-05-23 09:00:00,8.331
2022-05-23 10:00:00,11.067
2022-05-23 11:00:00,14.259
2022-05-23 12:00:00,17.611
2022-05-23 13:00:00,18.685
2022-05-23 14:00:00,17.811
2022-05-23 15:00:00,14.575
2022-05-23 16:00:00,10.017
2022-05-23 17:00:00,4.939
2022-05-23 18:00:00,0.9380000000000001
2022-05-23 19:00:00,0.0
2022-05-23 20:00:00,0.0
2022-05-23 21:00:00,0.0
2022-05-23 22:00:00,0.0
2022-05-23 23:00:00,0.0
2022-05-24 00:00:00,0.0
2022-05-24 01:00:00,0.0
2022-05-24 02:00:00,0.0
2022-05-24 03:00:00,0.0
2022-05-24 04:00:00,0.0
2022-05-24 05:00:00,0.0
2022-05-24 06:00:00,0.765
2022-05-24 07:00:00,3.321
2022-05-24 08:00:00,6.65
2022-05-24 09:00:00,10.058
2022-05-24 10:00:00,11.649
2022-05-24 11:00:00,12.732
2022-05-24 12:00:00,11.803
2022-05-24 13:00:00,10.843
2022-05-24 14:00:00,9.743
2022-05-24 15:00:00,8.005
2022-05-24 16:00:00,5.039
2022-05-24 17:00:00,2.269
2022-05-24 18:00:00,0.44
2022-05-24 19:00:00,0.0
2022-05-24 20:00:00,0.0
2022-05-24 21:00:00,0.0
2022-05-24 22:00:00,0.0
2022-05-24 23:00:00,0.0
2022-05-25 00:00:00,0.0
2022-05-25 01:00:00,0.0
2022-05-25 02:00:00,0.0
2022-05-25 03:00:00,0.0
2022-05-25 04:00:00,0.0
2022-05-25 05:00:00,0.0
2022-05-25 06:00:00,0.934
2022-05-25 07:00:00,3.994
2022-05-25 08:00:00,7.547
2022-05-25 09:00:00,11.555
2022-05-25 10:00:00,14.831
2022-05-25 11:00:00,17.142
2022-05-25 12:00:00,18.15
2022-05-25 13:00:00,17.376
2022-05-25 14:00:00,14.877
2022-05-25 15:00:00,11.124
2022-05-25 16:00:00,7.268
2022-05-25 17:00:00,3.73
2022-05-25 18:00:00,0.804
2022-05-25 19:00:00,0.0
2022-05-25 20:00:00,0.0
2022-05-25 21:00:00,0.0
2022-05-25 22:00:00,0.0
2022-05-25 23:00:00,0.0
2022-05-26 00:00:00,0.0
2022-05-26 01:00:00,0.0
2022-05-26 02:00:00,0.0
2022-05-26 03:00:00,0.0
2022-05-26 04:00:00,0.0
2022-05-26 05:00:00,0.0
2022-05-26 06:00:00,1.358
2022-05-26 07:00:00,6.255
2022-05-26 08:00:00,11.778
2022-05-26 09:00:00,17.418
2022-05-26 10:00:00,22.846
2022-05-26 11:00:00,27.224
2022-05-26 12:00:00,29.361
2022-05-26 13:00:00,29.424
2022-05-26 14:00:00,26.658
2022-05-26 15:00:00,21.079
2022-05-26 16:00:00,13.118
2022-05-26 17:00:00,6.489
2022-05-26 18:00:00,1.526
2022-05-26 19:00:00,0.0
2022-05-26 20:00:00,0.0
2022-05-26 21:00:00,0.0
2022-05-26 22:00:00,0.0
2022-05-26 23:00:00,0.0
2022-05-27 00:00:00,0.0
2022-05-27 01:00:00,0.0
2022-05-27 02:00:00,0.0
2022-05-27 03:00:00,0.0
2022-05-27 04:00:00,0.0
2022-05-27 05:00:00,0.0
2022-05-27 06:00:00,0.267
2022-05-27 07:00:00,1.728
2022-05-27 08:00:00,4.319
2022-05-27 09:00:00,6.759
2022-05-27 10:00:00,8.837
2022-05-27 11:00:00,10.608
2022-05-27 12:00:00,12.274
2022-05-27 13:00:00,12.593
2022-05-27 14:00:00,12.137
2022-05-27 15:00:00,10.271
2022-05-27 16:00:00,7.409
2022-05-27 17:00:00,3.873
2022-05-27 18:00:00,0.8320000000000001
2022-05-27 19:00:00,0.0
2022-05-27 20:00:00,0.0
2022-05-27 21:00:00,0.0
2022-05-27 22:00:00,0.0
2022-05-27 23:00:00,0.0
2022-05-28 00:00:00,0.0
2022-05-28 01:00:00,0.0
2022-05-28 02:00:00,0.0
2022-05-28 03:00:00,0.0
2022-05-28 04:00:00,0.0
2022-05-28 05:00:00,0.0
2022-05-28 06:00:00,1.342
2022-05-28 07:00:00,6.569
2022-05-28 08:00:00,12.996
2022-05-28 09:00:00,19.923
2022-05-28 10:00:00,25.757
2022-05-28 11:00:00,28.902
2022-05-28 12:00:00,29.04
2022-05-28 13:00:00,28.088
2022-05-28 14:00:00,25.294
2022-05-28 15:00:00,20.587
2022-05-28 16:00:00,14.323
2022-05-28 17:00:00,7.248
2022-05-28 18:00:00,1.784
2022-05-28 19:00:00,0.0
2022-05-28 20:00:00,0.0
2022-05-28 21:00:00,0.0
2022-05-28 22:00:00,0.0
2022-05-28 23:00:00,0.0
2022-05-29 00:00:00,0.0
2022-05-29 01:00:00,0.0
2022-05-29 02:00:00,0.0
2022-05-29 03:00:00,0.0
2022-05-29 04:00:00,0.0
2022-05-29 05:00:00,0.0
2022-05-29 06:00:00,1.615
2022-05-29 07:00:00,6.767
2022-05-29 08:00:00,12.291
2022-05-29 09:00:00,17.518
2022-05-29 10:00:00,22.058
2022-05-29 11:00:00,22.782
2022-05-29 12:00:00,23.324
2022-05-29 13:00:00,23.521
2022-05-29 14:00:00,21.47
2022-05-29 15:00:00,18.139
2022-05-29 16:00:00,13.65
2022-05-29 17:00:00,7.221
2022-05-29 18:00:00,1.889
2022-05-29 19:00:00,0.0
2022-05-29 20:00:00,0.0
2022-05-29 21:00:00,0.0
2022-05-29 22:00:00,0.0
2022-05-29 23:00:00,0.0
2022-05-30 00:00:00,0.0
2022-05-30 01:00:00,0.0
2022-05-30 02:00:00,0.0
2022-05-30 03:00:00,0.0
2022-05-30 04:00:00,0.0
2022-05-30 05:00:00,0.0
2022-05-30 06:00:00,1.677
2022-05-30 07:00:00,7.073
2022-05-30 08:00:00,14.02
2022-05-30 09:00:00,20.561
2022-05-30 10:00:00,25.765
2022-05-30 11:00:00,27.462
2022-05-30 12:00:00,26.176
2022-05-30 13:00:00,23.884
2022-05-30 14:00:00,20.003
2022-05-30 15:00:00,15.096
2022-05-30 16:00:00,9.73
2022-05-30 17:00:00,4.183
2022-05-30 18:00:00,0.765
2022-05-30 19:00:00,0.0
2022-05-30 20:00:00,0.0
2022-05-30 21:00:00,0.0
2022-05-30 22:00:00,0.0
2022-05-30 23:00:00,0.0
2022-05-31 00:00:00,0.0
2022-05-31 01:00:00,0.0
2022-05-31 02:00:00,0.0
2022-05-31 03:00:00,0.0
2022-05-31 04:00:00,0.0
2022-05-31 05:00:00,0.0
2022-05-31 06:00:00,1.478
2022-05-31 07:00:00,6.598
2022-05-31 08:00:00,12.449
2022-05-31 09:00:00,17.875
2022-05-31 10:00:00,22.589
2022-05-31 11:00:00,25.778
2022-05-31 12:00:00,27.0
2022-05-31 13:00:00,26.491
2022-05-31 14:00:00,24.622
2022-05-31 15:00:00,20.733
2022-05-31 16:00:00,14.557
2022-05-31 17:00:00,6.871
2022-05-31 18:00:00,1.764
2022-05-31 19:00:00,0.0
2022-05-31 20:00:00,0.0
2022-05-31 21:00:00,0.0
2022-05-31 22:00:00,0.0
2022-05-31 23:00:00,0.0
2022-06-01 00:00:00,0.0
2022-06-01 01:00:00,0.0
2022-06-01 02:00:00,0.0
2022-06-01 03:00:00,0.0
2022-06-01 04:00:00,0.0
2022-06-01 05:00:00,0.0
2022-06-01 06:00:00,0.465
2022-06-01 07:00:00,2.66
2022-06-01 08:00:00,6.366
2022-06-01 09:00:00,11.381
2022-06-01 10:00:00,17.108
2022-06-01 11:00:00,21.317
2022-06-01 12:00:00,24.459
2022-06-01 13:00:00,24.271
2022-06-01 14:00:00,21.055
2022-06-01 15:00:00,17.425
2022-06-01 16:00:00,11.738
2022-06-01 17:00:00,5.85
2022-06-01 18:00:00,1.428
2022-06-01 19:00:00,0.0
2022-06-01 20:00:00,0.0
2022-06-01 21:00:00,0.0
2022-06-01 22:00:00,0.0
2022-06-01 23:00:00,0.0
2022-06-02 00:00:00,0.0
2022-06-02 01:00:00,0.0
2022-06-02 02:00:00,0.0
2022-06-02 03:00:00,0.0
2022-06-02 04:00:00,0.0
2022-06-02 05:00:00,0.0
2022-06-02 06:00:00,1.494
2022-06-02 07:00:00,6.268
2022-06-02 08:00:00,12.526
2022-06-02 09:00:00,17.829
2022-06-02 10:00:00,21.64
2022-06-02 11:00:00,22.339
2022-06-02 12:00:00,22.186
2022-06-02 13:00:00,20.275
2022-06-02 14:00:00,17.282
2022-06-02 15:00:00,13.688
2022-06-02 16:00:00,9.518
2022-06-02 17:00:00,4.884
2022-06-02 18:00:00,1.089
2022-06-02 19:00:00,0.0
2022-06-02 20:00:00,0.0
2022-06-02 21:00:00,0.0
2022-06-02 22:00:00,0.0
2022-06-02 23:00:00,0.0
2022-06-03 00:00:00,0.0
2022-06-03 01:00:00,0.0
2022-06-03 02:00:00,0.0
2022-06-03 03:00:00,0.0
2022-06-03 04:00:00,0.0
2022-06-03 05:00:00,0.0
2022-06-03 06:00:00,1.116
2022-06-03 07:00:00,5.229
2022-06-03 08:00:00,10.135
2022-06-03 09:00:00,13.439
2022-06-03 10:00:00,15.713
2022-06-03 11:00:00,17.688
2022-06-03 12:00:00,17.61
2022-06-03 13:00:00,17.264
2022-06-03 14:00:00,13.818
2022-06-03 15:00:00,11.023
2022-06-03 16:00:00,7.179
2022-06-03 17:00:00,3.505
2022-06-03 18:00:00,0.661
2022-06-03 19:00:00,0.0
2022-06-03 20:00:00,0.0
2022-06-03 21:00:00,0.0
2022-06-03 22:00:00,0.0
2022-06-03 23:00:00,0.0
2022-06-04 00:00:00,0.0
2022-06-04 01:00:00,0.0
2022-06-04 02:00:00,0.0
2022-06-04 03:00:00,0.0
2022-06-04 04:00:00,0.0
2022-06-04 05:00:00,0.0
2022-06-04 06:00:00,0.451
2022-06-04 07:00:00,2.495
2022-06-04 08:00:00,5.33
2022-06-04 09:00:00,8.129
2022-06-04 10:00:00,10.472
2022-06-04 11:00:00,12.267
2022-06-04 12:00:00,13.505
2022-06-04 13:00:00,13.536
2022-06-04 14:00:00,12.092
2022-06-04 15:00:00,9.847
2022-06-04 16:00:00,7.457
2022-06-04 17:00:00,3.947
2022-06-04 18:00:00,0.853
2022-06-04 19:00:00,0.0
2022-06-04 20:00:00,0.0
2022-06-04 21:00:00,0.0
2022-06-04 22:00:00,0.0
2022-06-04 23:00:00,0.0
2022-06-05 00:00:00,0.0
2022-06-05 01:00:00,0.0
2022-06-05 02:00:00,0.0
2022-06-05 03:00:00,0.0
2022-06-05 04:00:00,0.0
2022-06-05 05:00:00,0.0
2022-06-05 06:00:00,0.592
2022-06-05 07:00:00,2.895
2022-06-05 08:00:00,5.748
2022-06-05 09:00:00,8.48
2022-06-05 10:00:00,11.139
2022-06-05 11:00:00,13.563
2022-06-05 12:00:00,14.394
2022-06-05 13:00:00,14.229
2022-06-05 14:00:00,13.102
2022-06-05 15:00:00,11.185
2022-06-05 16:00:00,8.053
2022-06-05 17:00:00,4.4
2022-06-05 18:00:00,1.122
2022-06-05 19:00:00,0.0
2022-06-05 20:00:00,0.0
2022-06-05 21:00:00,0.0
2022-06-05 22:00:00,0.0
2022-06-05 23:00:00,0.0
2022-06-06 00:00:00,0.0
2022-06-06 01:00:00,0.0
2022-06-06 02:00:00,0.0
2022-06-06 03:00:00,0.0
2022-06-06 04:00:00,0.0
2022-06-06 05:00:00,0.0
2022-06-06 06:00:00,1.035
2022-06-06 07:00:00,4.705
2022-06-06 08:00:00,8.621
2022-06-06 09:00:00,10.754
2022-06-06 10:00:00,12.84
2022-06-06 11:00:00,14.63
2022-06-06 12:00:00,14.357
2022-06-06 13:00:00,11.186
2022-06-06 14:00:00,9.025
2022-06-06 15:00:00,6.681
2022-06-06 16:00:00,4.163
2022-06-06 17:00:00,1.836
2022-06-06 18:00:00,0.302
2022-06-06 19:00:00,0.0
2022-06-06 20:00:00,0.0
2022-06-06 21:00:00,0.0
2022-06-06 22:00:00,0.0
2022-06-06 23:00:00,0.0
2022-06-07 00:00:00,0.0
2022-06-07 01:00:00,0.0
2022-06-07 02:00:00,0.0
2022-06-07 03:00:00,0.0
2022-06-07 04:00:00,0.0
2022-06-07 05:00:00,0.0
2022-06-07 06:00:00,0.876
2022-06-07 07:00:00,3.992
2022-06-07 08:00:00,7.719
2022-06-07 09:00:00,11.038
2022-06-07 10:00:00,13.284
2022-06-07 11:00:00,14.274
2022-06-07 12:00:00,14.895
2022-06-07 13:00:00,14.066
2022-06-07 14:00:00,12.588
2022-06-07 15:00:00,10.129
2022-06-07 16:00:00,6.895
2022-06-07 17:00:00,3.799
2022-06-07 18:00:00,0.8310000000000001
2022-06-07 19:00:00,0.0
2022-06-07 20:00:00,0.0
2022-06-07 21:00:00,0.0
2022-06-07 22:00:00,0.0
2022-06-07 23:00:00,0.0
2022-06-08 00:00:00,0.0
2022-06-08 01:00:00,0.0
2022-06-08 02:00:00,0.0
2022-06-08 03:00:00,0.0
2022-06-08 04:00:00,0.0
2022-06-08 05:00:00,0.0
2022-06-08 06:00:00,1.077
2022-06-08 07:00:00,4.481
2022-06-08 08:00:00,8.528
2022-06-08 09:00:00,11.999
2022-06-08 10:00:00,14.429
2022-06-08 11:00:00,16.252
2022-06-08 12:00:00,17.213
2022-06-08 13:00:00,17.033
2022-06-08 14:00:00,16.107
2022-06-08 15:00:00,14.544
2022-06-08 16:00:00,10.452
2022-06-08 17:00:00,5.367
2022-06-08 18:00:00,1.177
2022-06-08 19:00:00,0.0
2022-06-08 20:00:00,0.0
2022-06-08 21:00:00,0.0
2022-06-08 22:00:00,0.0
2022-06-08 23:00:00,0.0
2022-06-09 00:00:00,0.0
2022-06-09 01:00:00,0.0
2022-06-09 02:00:00,0.0
2022-06-09 03:00:00,0.0
2022-06-09 04:00:00,0.0
2022-06-09 05:00:00,0.0
2022-06-09 06:00:00,1.837
2022-06-09 07:00:00,7.339
2022-06-09 08:00:00,13.419
2022-06-09 09:00:00,18.498
2022-06-09 10:00:00,22.724
2022-06-09 11:00:00,24.676
2022-06-09 12:00:00,24.27
2022-06-09 13:00:00,21.86
2022-06-09 14:00:00,18.061
2022-06-09 15:00:00,14.002
2022-06-09 16:00:00,9.378
2022-06-09 17:00:00,5.086
2022-06-09 18:00:00,1.149
2022-06-09 19:00:00,0.0
2022-06-09 20:00:00,0.0
2022-06-09 21:00:00,0.0
2022-06-09 22:00:00,0.0
2022-06-09 23:00:00,0.0
2022-06-10 00:00:00,0.0
2022-06-10 01:00:00,0.0
2022-06-10 02:00:00,0.0
2022-06-10 03:00:00,0.0
2022-06-10 04:00:00,0.0
2022-06-10 05:00:00,0.0
2022-06-10 06:00:00,2.152
2022-06-10 07:00:00,7.775
2022-06-10 08:00:00,13.418
2022-06-10 09:00:00,18.68
2022-06-10 10:00:00,24.625
2022-06-10 11:00:00,28.22
2022-06-10 12:00:00,28.051
2022-06-10 13:00:00,25.72
2022-06-10 14:00:00,22.147
2022-06-10 15:00:00,18.109
2022-06-10 16:00:00,12.17
2022-06-10 17:00:00,6.188
2022-06-10 18:00:00,1.316
2022-06-10 19:00:00,0.0
2022-06-10 20:00:00,0.0
2022-06-10 21:00:00,0.0
2022-06-10 22:00:00,0.0
2022-06-10 23:00:00,0.0
2022-06-11 00:00:00,0.0
2022-06-11 01:00:00,0.0
2022-06-11 02:00:00,0.0
2022-06-11 03:00:00,0.0
2022-06-11 04:00:00,0.0
2022-06-11 05:00:00,0.0
2022-06-11 06:00:00,1.091
2022-06-11 07:00:00,4.478
2022-06-11 08:00:00,8.827
2022-06-11 09:00:00,11.21
2022-06-11 10:00:00,11.968
2022-06-11 11:00:00,11.062
2022-06-11 12:00:00,10.579
2022-06-11 13:00:00,9.461
2022-06-11 14:00:00,7.608
2022-06-11 15:00:00,5.631
2022-06-11 16:00:00,3.653
2022-06-11 17:00:00,1.937
2022-06-11 18:00:00,0.352
2022-06-11 19:00:00,0.0
2022-06-11 20:00:00,0.0
2022-06-11 21:00:00,0.0
2022-06-11 22:00:00,0.0
2022-06-11 23:00:00,0.0
2022-06-12 00:00:00,0.0
2022-06-12 01:00:00,0.0
2022-06-12 02:00:00,0.0
2022-06-12 03:00:00,0.0
2022-06-12 04:00:00,0.0
2022-06-12 05:00:00,0.0
2022-06-12 06:00:00,1.228
2022-06-12 07:00:00,5.296
2022-06-12 08:00:00,10.543
2022-06-12 09:00:00,14.578
2022-06-12 10:00:00,17.354
2022-06-12 11:00:00,16.746
2022-06-12 12:00:00,15.781
2022-06-12 13:00:00,14.346
2022-06-12 14:00:00,13.044
2022-06-12 15:00:00,10.66
2022-06-12 16:00:00,6.85
2022-06-12 17:00:00,3.866
2022-06-12 18:00:00,0.855
2022-06-12 19:00:00,0.0
2022-06-12 20:00:00,0.0
2022-06-12 21:00:00,0.0
2022-06-12 22:00:00,0.0
2022-06-12 23:00:00,0.0
2022-06-13 00:00:00,0.0
2022-06-13 01:00:00,0.0
2022-06-13 02:00:00,0.0
2022-06-13 03:00:00,0.0
2022-06-13 04:00:00,0.0
2022-06-13 05:00:00,0.0
2022-06-13 06:00:00,1.189
2022-06-13 07:00:00,5.415
2022-06-13 08:00:00,9.906
2022-06-13 09:00:00,14.239
2022-06-13 10:00:00,16.883
2022-06-13 11:00:00,17.501
2022-06-13 12:00:00,17.853
2022-06-13 13:00:00,15.783
2022-06-13 14:00:00,12.603
2022-06-13 15:00:00,9.336
2022-06-13 16:00:00,5.291
2022-06-13 17:00:00,2.29
2022-06-13 18:00:00,0.419
2022-06-13 19:00:00,0.0
2022-06-13 20:00:00,0.0
2022-06-13 21:00:00,0.0
2022-06-13 22:00:00,0.0
2022-06-13 23:00:00,0.0
2022-06-14 00:00:00,0.0
2022-06-14 01:00:00,0.0
2022-06-14 02:00:00,0.0
2022-06-14 03:00:00,0.0
2022-06-14 04:00:00,0.0
2022-06-14 05:00:00,0.0
2022-06-14 06:00:00,0.428
2022-06-14 07:00:00,2.365
2022-06-14 08:00:00,5.321
2022-06-14 09:00:00,8.621
2022-06-14 10:00:00,12.011
2022-06-14 11:00:00,14.681
2022-06-14 12:00:00,16.664
2022-06-14 13:00:00,16.524
2022-06-14 14:00:00,15.073
2022-06-14 15:00:00,11.941
2022-06-14 16:00:00,7.216
2022-06-14 17:00:00,3.314
2022-06-14 18:00:00,0.623
2022-06-14 19:00:00,0.0
2022-06-14 20:00:00,0.0
2022-06-14 21:00:00,0.0
2022-06-14 22:00:00,0.0
2022-06-14 23:00:00,0.0
2022-06-15 00:00:00,0.0
2022-06-15 01:00:00,0.0
2022-06-15 02:00:00,0.0
2022-06-15 03:00:00,0.0
2022-06-15 04:00:00,0.0
2022-06-15 05:00:00,0.0
2022-06-15 06:00:00,0.544
2022-06-15 07:00:00,2.872
2022-06-15 08:00:00,7.186
2022-06-15 09:00:00,13.075
2022-06-15 10:00:00,17.592
2022-06-15 11:00:00,20.048
2022-06-15 12:00:00,20.042
2022-06-15 13:00:00,19.262
2022-06-15 14:00:00,18.631
2022-06-15 15:00:00,14.958
2022-06-15 16:00:00,10.61
2022-06-15 17:00:00,5.72
2022-06-15 18:00:00,1.368
2022-06-15 19:00:00,0.0
2022-06-15 20:00:00,0.0
2022-06-15 21:00:00,0.0
2022-06-15 22:00:00,0.0
2022-06-15 23:00:00,0.0
2022-06-16 00:00:00,0.0
2022-06-16 01:00:00,0.0
2022-06-16 02:00:00,0.0
2022-06-16 03:00:00,0.0
2022-06-16 04:00:00,0.0
2022-06-16 05:00:00,0.0
2022-06-16 06:00:00,1.779
2022-06-16 07:00:00,7.578
2022-06-16 08:00:00,14.882
2022-06-16 09:00:00,21.939
2022-06-16 10:00:00,26.967
2022-06-16 11:00:00,29.111
2022-06-16 12:00:00,28.533
2022-06-16 13:00:00,26.145
2022-06-16 14:00:00,23.306
2022-06-16 15:00:00,17.898
2022-06-16 16:00:00,11.306
2022-06-16 17:00:00,5.369
2022-06-16 18:00:00,1.164
2022-06-16 19:00:00,0.0
2022-06-16 20:00:00,0.0
2022-06-16 21:00:00,0.0
2022-06-16 22:00:00,0.0
2022-06-16 23:00:00,0.0
2022-06-17 00:00:00,0.0
2022-06-17 01:00:00,0.0
2022-06-17 02:00:00,0.0
2022-06-17 03:00:00,0.0
2022-06-17 04:00:00,0.0
2022-06-17 05:00:00,0.0
2022-06-17 06:00:00,1.344
2022-06-17 07:00:00,5.687
2022-06-17 08:00:00,11.098
2022-06-17 09:00:00,16.091
2022-06-17 10:00:00,20.516
2022-06-17 11:00:00,22.667
2022-06-17 12:00:00,22.926
2022-06-17 13:00:00,20.764
2022-06-17 14:00:00,17.668
2022-06-17 15:00:00,12.525
2022-06-17 16:00:00,7.083
2022-06-17 17:00:00,3.196
2022-06-17 18:00:00,0.66
2022-06-17 19:00:00,0.0
2022-06-17 20:00:00,0.0
2022-06-17 21:00:00,0.0
2022-06-17 22:00:00,0.0
2022-06-17 23:00:00,0.0
2022-06-18 00:00:00,0.0
2022-06-18 01:00:00,0.0
2022-06-18 02:00:00,0.0
2022-06-18 03:00:00,0.0
2022-06-18 04:00:00,0.0
2022-06-18 05:00:00,0.0
2022-06-18 06:00:00,1.046
2022-06-18 07:00:00,3.652
2022-06-18 08:00:00,7.798
2022-06-18 09:00:00,11.148
2022-06-18 10:00:00,12.347
2022-06-18 11:00:00,13.24
2022-06-18 12:00:00,12.116
2022-06-18 13:00:00,11.469
2022-06-18 14:00:00,9.967
2022-06-18 15:00:00,7.654
2022-06-18 16:00:00,4.819
2022-06-18 17:00:00,2.348
2022-06-18 18:00:00,0.534
2022-06-18 19:00:00,0.0
2022-06-18 20:00:00,0.0
2022-06-18 21:00:00,0.0
2022-06-18 22:00:00,0.0
2022-06-18 23:00:00,0.0
2022-06-19 00:00:00,0.0
2022-06-19 01:00:00,0.0
2022-06-19 02:00:00,0.0
2022-06-19 03:00:00,0.0
2022-06-19 04:00:00,0.0
2022-06-19 05:00:00,0.0
2022-06-19 06:00:00,1.08
2022-06-19 07:00:00,4.16
2022-06-19 08:00:00,7.163
2022-06-19 09:00:00,9.679
2022-06-19 10:00:00,12.01
2022-06-19 11:00:00,13.843
2022-06-19 12:00:00,14.66
2022-06-19 13:00:00,14.921
2022-06-19 14:00:00,13.898
2022-06-19 15:00:00,12.146
2022-06-19 16:00:00,8.403
2022-06-19 17:00:00,3.998
2022-06-19 18:00:00,0.767
2022-06-19 19:00:00,0.0
2022-06-19 20:00:00,0.0
2022-06-19 21:00:00,0.0
2022-06-19 22:00:00,0.0
2022-06-19 23:00:00,0.0
2022-06-20 00:00:00,0.0
2022-06-20 01:00:00,0.0
2022-06-20 02:00:00,0.0
2022-06-20 03:00:00,0.0
2022-06-20 04:00:00,0.0
2022-06-20 05:00:00,0.0
2022-06-20 06:00:00,0.59
2022-06-20 07:00:00,2.87
2022-06-20 08:00:00,5.329
2022-06-20 09:00:00,7.148
2022-06-20 10:00:00,8.822
2022-06-20 11:00:00,9.945
2022-06-20 12:00:00,10.542
2022-06-20 13:00:00,10.158
2022-06-20 14:00:00,9.001
2022-06-20 15:00:00,6.899
2022-06-20 16:00:00,4.652
2022-06-20 17:00:00,2.547
2022-06-20 18:00:00,0.598
2022-06-20 19:00:00,0.0
2022-06-20 20:00:00,0.0
2022-06-20 21:00:00,0.0
2022-06-20 22:00:00,0.0
2022-06-20 23:00:00,0.0
2022-06-21 00:00:00,0.0
2022-06-21 01:00:00,0.0
2022-06-21 02:00:00,0.0
2022-06-21 03:00:00,0.0
2022-06-21 04:00:00,0.0
2022-06-21 05:00:00,0.0
2022-06-21 06:00:00,0.748
2022-06-21 07:00:00,3.397
2022-06-21 08:00:00,6.68
2022-06-21 09:00:00,9.595
2022-06-21 10:00:00,11.823
2022-06-21 11:00:00,12.711
2022-06-21 12:00:00,12.118
2022-06-21 13:00:00,10.964
2022-06-21 14:00:00,8.916
2022-06-21 15:00:00,6.686
2022-06-21 16:00:00,4.633
2022-06-21 17:00:00,2.529
2022-06-21 18:00:00,0.605
2022-06-21 19:00:00,0.0
2022-06-21 20:00:00,0.0
2022-06-21 21:00:00,0.0
2022-06-21 22:00:00,0.0
2022-06-21 23:00:00,0.0
2022-06-22 00:00:00,0.0
2022-06-22 01:00:00,0.0
2022-06-22 02:00:00,0.0
2022-06-22 03:00:00,0.0
2022-06-22 04:00:00,0.0
2022-06-22 05:00:00,0.0
2022-06-22 06:00:00,1.787
2022-06-22 07:00:00,7.273
2022-06-22 08:00:00,12.507
2022-06-22 09:00:00,18.429
2022-06-22 10:00:00,23.308
2022-06-22 11:00:00,25.746
2022-06-22 12:00:00,26.52
2022-06-22 13:00:00,25.118
2022-06-22 14:00:00,21.635
2022-06-22 15:00:00,17.075
2022-06-22 16:00:00,10.74
2022-06-22 17:00:00,5.088
2022-06-22 18:00:00,1.337
2022-06-22 19:00:00,0.0
2022-06-22 20:00:00,0.0
2022-06-22 21:00:00,0.0
2022-06-22 22:00:00,0.0
2022-06-22 23:00:00,0.0
2022-06-23 00:00:00,0.0
2022-06-23 01:00:00,0.0
2022-06-23 02:00:00,0.0
2022-06-23 03:00:00,0.0
2022-06-23 04:00:00,0.0
2022-06-23 05:00:00,0.0
2022-06-23 06:00:00,1.565
2022-06-23 07:00:00,6.037
2022-06-23 08:00:00,11.112
2022-06-23 09:00:00,16.885
2022-06-23 10:00:00,21.755
2022-06-23 11:00:00,24.795
2022-06-23 12:00:00,25.169
2022-06-23 13:00:00,24.217
2022-06-23 14:00:00,21.052
2022-06-23 15:00:00,17.629
2022-06-23 16:00:00,12.585
2022-06-23 17:00:00,6.761
2022-06-23 18:00:00,1.722
2022-06-23 19:00:00,0.0
2022-06-23 20:00:00,0.0
2022-06-23 21:00:00,0.0
2022-06-23 22:00:00,0.0
2022-06-23 23:00:00,0.0
2022-06-24 00:00:00,0.0
2022-06-24 01:00:00,0.0
2022-06-24 02:00:00,0.0
2022-06-24 03:00:00,0.0
2022-06-24 04:00:00,0.0
2022-06-24 05:00:00,0.0
2022-06-24 06:00:00,1.782
2022-06-24 07:00:00,6.646
2022-06-24 08:00:00,12.001
2022-06-24 09:00:00,17.121
2022-06-24 10:00:00,22.455
2022-06-24 11:00:00,26.736
2022-06-24 12:00:00,28.857
2022-06-24 13:00:00,28.318
2022-06-24 14:00:00,25.116
2022-06-24 15:00:00,20.267
2022-06-24 16:00:00,14.244
2022-06-24 17:00:00,7.242
2022-06-24 18:00:00,1.811
2022-06-24 19:00:00,0.0
2022-06-24 20:00:00,0.0
2022-06-24 21:00:00,0.0
2022-06-24 22:00:00,0.0
2022-06-24 23:00:00,0.0
2022-06-25 00:00:00,0.0
2022-06-25 01:00:00,0.0
2022-06-25 02:00:00,0.0
2022-06-25 03:00:00,0.0
2022-06-25 04:00:00,0.0
2022-06-25 05:00:00,0.0
2022-06-25 06:00:00,2.044
2022-06-25 07:00:00,7.834
2022-06-25 08:00:00,14.625
2022-06-25 09:00:00,20.212
2022-06-25 10:00:00,24.109
2022-06-25 11:00:00,25.717
2022-06-25 12:00:00,26.4
2022-06-25 13:00:00,26.825
2022-06-25 14:00:00,24.529
2022-06-25 15:00:00,20.166
2022-06-25 16:00:00,13.989
2022-06-25 17:00:00,7.537
2022-06-25 18:00:00,1.969
2022-06-25 19:00:00,0.0
2022-06-25 20:00:00,0.0
2022-06-25 21:00:00,0.0
2022-06-25 22:00:00,0.0
2022-06-25 23:00:00,0.0
2022-06-26 00:00:00,0.0
2022-06-26 01:00:00,0.0
2022-06-26 02:00:00,0.0
2022-06-26 03:00:00,0.0
2022-06-26 04:00:00,0.0
2022-06-26 05:00:00,0.0
2022-06-26 06:00:00,1.848
2022-06-26 07:00:00,7.244
2022-06-26 08:00:00,13.8
2022-06-26 09:00:00,20.287
2022-06-26 10:00:00,25.286
2022-06-26 11:00:00,28.078
2022-06-26 12:00:00,28.51
2022-06-26 13:00:00,28.21
2022-06-26 14:00:00,26.11
2022-06-26 15:00:00,21.631
2022-06-26 16:00:00,15.184
2022-06-26 17:00:00,8.052
2022-06-26 18:00:00,2.186
2022-06-26 19:00:00,0.0
2022-06-26 20:00:00,0.0
2022-06-26 21:00:00,0.0
2022-06-26 22:00:00,0.0
2022-06-26 23:00:00,0.0
2022-06-27 00:00:00,0.0
2022-06-27 01:00:00,0.0
2022-06-27 02:00:00,0.0
2022-06-27 03:00:00,0.0
2022-06-27 04:00:00,0.0
2022-06-27 05:00:00,0.0
2022-06-27 06:00:00,1.911
2022-06-27 07:00:00,7.339
2022-06-27 08:00:00,13.992
2022-06-27 09:00:00,19.277
2022-06-27 10:00:00,24.39
2022-06-27 11:00:00,26.345
2022-06-27 12:00:00,27.957
2022-06-27 13:00:00,27.217
2022-06-27 14:00:00,25.093
2022-06-27 15:00:00,20.764
2022-06-27 16:00:00,14.942
2022-06-27 17:00:00,7.816
2022-06-27 18:00:00,2.141
2022-06-27 19:00:00,0.0
2022-06-27 20:00:00,0.0
2022-06-27 21:00:00,0.0
2022-06-27 22:00:00,0.0
2022-06-27 23:00:00,0.0
2022-06-28 00:00:00,0.0
2022-06-28 01:00:00,0.0
2022-06-28 02:00:00,0.0
2022-06-28 03:00:00,0.0
2022-06-28 04:00:00,0.0
2022-06-28 05:00:00,0.0
2022-06-28 06:00:00,1.61
2022-06-28 07:00:00,6.848
2022-06-28 08:00:00,13.707
2022-06-28 09:00:00,19.809
2022-06-28 10:00:00,25.026
2022-06-28 11:00:00,28.577
2022-06-28 12:00:00,29.62
2022-06-28 13:00:00,29.092
2022-06-28 14:00:00,26.122
2022-06-28 15:00:00,17.979
2022-06-28 16:00:00,11.247
2022-06-28 17:00:00,5.774
2022-06-28 18:00:00,1.725
2022-06-28 19:00:00,0.0
2022-06-28 20:00:00,0.0
2022-06-28 21:00:00,0.0
2022-06-28 22:00:00,0.0
2022-06-28 23:00:00,0.0
2022-06-29 00:00:00,0.0
2022-06-29 01:00:00,0.0
2022-06-29 02:00:00,0.0
2022-06-29 03:00:00,0.0
2022-06-29 04:00:00,0.0
2022-06-29 05:00:00,0.0
2022-06-29 06:00:00,0.751
2022-06-29 07:00:00,3.67
2022-06-29 08:00:00,7.632
2022-06-29 09:00:00,11.165
2022-06-29 10:00:00,14.635
2022-06-29 11:00:00,19.265
2022-06-29 12:00:00,24.138
2022-06-29 13:00:00,26.359
2022-06-29 14:00:00,23.969
2022-06-29 15:00:00,19.485
2022-06-29 16:00:00,13.355
2022-06-29 17:00:00,7.142
2022-06-29 18:00:00,1.91
2022-06-29 19:00:00,0.0
2022-06-29 20:00:00,0.0
2022-06-29 21:00:00,0.0
2022-06-29 22:00:00,0.0
2022-06-29 23:00:00,0.0
2022-06-30 00:00:00,0.0
2022-06-30 01:00:00,0.0
2022-06-30 02:00:00,0.0
2022-06-30 03:00:00,0.0
2022-06-30 04:00:00,0.0
2022-06-30 05:00:00,0.0
2022-06-30 06:00:00,0.806
2022-06-30 07:00:00,3.699
2022-06-30 08:00:00,7.237
2022-06-30 09:00:00,10.392
2022-06-30 10:00:00,12.59
2022-06-30 11:00:00,13.658
2022-06-30 12:00:00,13.638
2022-06-30 13:00:00,12.354
2022-06-30 14:00:00,10.389
2022-06-30 15:00:00,8.548
2022-06-30 16:00:00,5.889
2022-06-30 17:00:00,2.996
2022-06-30 18:00:00,0.74
2022-06-30 19:00:00,0.0
2022-06-30 20:00:00,0.0
2022-06-30 21:00:00,0.0
2022-06-30 22:00:00,0.0
2022-06-30 23:00:00,0.0
2022-07-01 00:00:00,0.0
2022-07-01 01:00:00,0.0
2022-07-01 02:00:00,0.0
2022-07-01 03:00:00,0.0
2022-07-01 04:00:00,0.0
2022-07-01 05:00:00,0.0
2022-07-01 06:00:00,1.666
2022-07-01 07:00:00,7.151
2022-07-01 08:00:00,12.542
2022-07-01 09:00:00,16.637
2022-07-01 10:00:00,21.174
2022-07-01 11:00:00,23.876
2022-07-01 12:00:00,22.891
2022-07-01 13:00:00,19.439
2022-07-01 14:00:00,13.822
2022-07-01 15:00:00,12.502
2022-07-01 16:00:00,11.061
2022-07-01 17:00:00,4.913
2022-07-01 18:00:00,1.291
2022-07-01 19:00:00,0.0
2022-07-01 20:00:00,0.0
2022-07-01 21:00:00,0.0
2022-07-01 22:00:00,0.0
2022-07-01 23:00:00,0.0
2022-07-02 00:00:00,0.0
2022-07-02 01:00:00,0.0
2022-07-02 02:00:00,0.0
2022-07-02 03:00:00,0.0
2022-07-02 04:00:00,0.0
2022-07-02 05:00:00,0.0
2022-07-02 06:00:00,0.27
2022-07-02 07:00:00,1.893
2022-07-02 08:00:00,6.334
2022-07-02 09:00:00,12.365
2022-07-02 10:00:00,16.059
2022-07-02 11:00:00,15.15
2022-07-02 12:00:00,13.912
2022-07-02 13:00:00,10.056
2022-07-02 14:00:00,6.841
2022-07-02 15:00:00,5.568
2022-07-02 16:00:00,4.329
2022-07-02 17:00:00,2.122
2022-07-02 18:00:00,0.345
2022-07-02 19:00:00,0.0
2022-07-02 20:00:00,0.0
2022-07-02 21:00:00,0.0
2022-07-02 22:00:00,0.0
2022-07-02 23:00:00,0.0
2022-07-03 00:00:00,0.0
2022-07-03 01:00:00,0.0
2022-07-03 02:00:00,0.0
2022-07-03 03:00:00,0.0
2022-07-03 04:00:00,0.0
2022-07-03 05:00:00,0.0
2022-07-03 06:00:00,0.636
2022-07-03 07:00:00,2.842
2022-07-03 08:00:00,5.446
2022-07-03 09:00:00,7.749
2022-07-03 10:00:00,10.042
2022-07-03 11:00:00,12.054
2022-07-03 12:00:00,13.1
2022-07-03 13:00:00,13.179
2022-07-03 14:00:00,11.195
2022-07-03 15:00:00,8.993
2022-07-03 16:00:00,6.315
2022-07-03 17:00:00,3.309
2022-07-03 18:00:00,0.745
2022-07-03 19:00:00,0.0
2022-07-03 20:00:00,0.0
2022-07-03 21:00:00,0.0
2022-07-03 22:00:00,0.0
2022-07-03 23:00:00,0.0
2022-07-04 00:00:00,0.0
2022-07-04 01:00:00,0.0
2022-07-04 02:00:00,0.0
2022-07-04 03:00:00,0.0
2022-07-04 04:00:00,0.0
2022-07-04 05:00:00,0.0
2022-07-04 06:00:00,1.766
2022-07-04 07:00:00,7.03
2022-07-04 08:00:00,11.821
2022-07-04 09:00:00,15.778
2022-07-04 10:00:00,17.511
2022-07-04 11:00:00,18.244
2022-07-04 12:00:00,17.93
2022-07-04 13:00:00,16.813
2022-07-04 14:00:00,13.955
2022-07-04 15:00:00,9.528
2022-07-04 16:00:00,5.597
2022-07-04 17:00:00,2.382
2022-07-04 18:00:00,0.401
2022-07-04 19:00:00,0.0
2022-07-04 20:00:00,0.0
2022-07-04 21:00:00,0.0
2022-07-04 22:00:00,0.0
2022-07-04 23:00:00,0.0
2022-07-05 00:00:00,0.0
2022-07-05 01:00:00,0.0
2022-07-05 02:00:00,0.0
2022-07-05 03:00:00,0.0
2022-07-05 04:00:00,0.0
2022-07-05 05:00:00,0.0
2022-07-05 06:00:00,0.963
2022-07-05 07:00:00,5.464
2022-07-05 08:00:00,10.602
2022-07-05 09:00:00,15.137
2022-07-05 10:00:00,19.626
2022-07-05 11:00:00,20.426
2022-07-05 12:00:00,19.601
2022-07-05 13:00:00,18.214
2022-07-05 14:00:00,15.831
2022-07-05 15:00:00,13.518
2022-07-05 16:00:00,8.635
2022-07-05 17:00:00,3.452
2022-07-05 18:00:00,0.608
2022-07-05 19:00:00,0.0
2022-07-05 20:00:00,0.0
2022-07-05 21:00:00,0.0
2022-07-05 22:00:00,0.0
2022-07-05 23:00:00,0.0
2022-07-06 00:00:00,0.0
2022-07-06 01:00:00,0.0
2022-07-06 02:00:00,0.0
2022-07-06 03:00:00,0.0
2022-07-06 04:00:00,0.0
2022-07-06 05:00:00,0.0
2022-07-06 06:00:00,0.873
2022-07-06 07:00:00,4.617
2022-07-06 08:00:00,8.532
2022-07-06 09:00:00,11.465
2022-07-06 10:00:00,13.435
2022-07-06 11:00:00,14.705
2022-07-06 12:00:00,14.52
2022-07-06 13:00:00,13.136
2022-07-06 14:00:00,10.762
2022-07-06 15:00:00,7.563
2022-07-06 16:00:00,4.758
2022-07-06 17:00:00,2.177
2022-07-06 18:00:00,0.445
2022-07-06 19:00:00,0.0
2022-07-06 20:00:00,0.0
2022-07-06 21:00:00,0.0
2022-07-06 22:00:00,0.0
2022-07-06 23:00:00,0.0
2022-07-07 00:00:00,0.0
2022-07-07 01:00:00,0.0
2022-07-07 02:00:00,0.0
2022-07-07 03:00:00,0.0
2022-07-07 04:00:00,0.0
2022-07-07 05:00:00,0.0
2022-07-07 06:00:00,0.782
2022-07-07 07:00:00,3.291
2022-07-07 08:00:00,6.426
2022-07-07 09:00:00,9.288
2022-07-07 10:00:00,12.31
2022-07-07 11:00:00,13.79
2022-07-07 12:00:00,13.231
2022-07-07 13:00:00,12.196
2022-07-07 14:00:00,10.057
2022-07-07 15:00:00,7.999
2022-07-07 16:00:00,4.933
2022-07-07 17:00:00,2.41
2022-07-07 18:00:00,0.431
2022-07-07 19:00:00,0.0
2022-07-07 20:00:00,0.0
2022-07-07 21:00:00,0.0
2022-07-07 22:00:00,0.0
2022-07-07 23:00:00,0.0
2022-07-08 00:00:00,0.0
2022-07-08 01:00:00,0.0
2022-07-08 02:00:00,0.0
2022-07-08 03:00:00,0.0
2022-07-08 04:00:00,0.0
2022-07-08 05:00:00,0.0
2022-07-08 06:00:00,1.032
2022-07-08 07:00:00,4.833
2022-07-08 08:00:00,9.205
2022-07-08 09:00:00,14.682
2022-07-08 10:00:00,20.379
2022-07-08 11:00:00,24.819
2022-07-08 12:00:00,27.24
2022-07-08 13:00:00,27.269
2022-07-08 14:00:00,24.926
2022-07-08 15:00:00,21.109
2022-07-08 16:00:00,15.398
2022-07-08 17:00:00,8.082
2022-07-08 18:00:00,2.065
2022-07-08 19:00:00,0.0
2022-07-08 20:00:00,0.0
2022-07-08 21:00:00,0.0
2022-07-08 22:00:00,0.0
2022-07-08 23:00:00,0.0
2022-07-09 00:00:00,0.0
2022-07-09 01:00:00,0.0
2022-07-09 02:00:00,0.0
2022-07-09 03:00:00,0.0
2022-07-09 04:00:00,0.0
2022-07-09 05:00:00,0.0
2022-07-09 06:00:00,2.097
2022-07-09 07:00:00,7.933
2022-07-09 08:00:00,15.44
2022-07-09 09:00:00,21.688
2022-07-09 10:00:00,26.076
2022-07-09 11:00:00,26.869
2022-07-09 12:00:00,26.599
2022-07-09 13:00:00,25.115
2022-07-09 14:00:00,21.459
2022-07-09 15:00:00,17.149
2022-07-09 16:00:00,11.288
2022-07-09 17:00:00,5.825
2022-07-09 18:00:00,1.384
2022-07-09 19:00:00,0.0
2022-07-09 20:00:00,0.0
2022-07-09 21:00:00,0.0
2022-07-09 22:00:00,0.0
2022-07-09 23:00:00,0.0
2022-07-10 00:00:00,0.0
2022-07-10 01:00:00,0.0
2022-07-10 02:00:00,0.0
2022-07-10 03:00:00,0.0
2022-07-10 04:00:00,0.0
2022-07-10 05:00:00,0.0
2022-07-10 06:00:00,1.732
2022-07-10 07:00:00,6.735
2022-07-10 08:00:00,12.627
2022-07-10 09:00:00,18.346
2022-07-10 10:00:00,22.477
2022-07-10 11:00:00,24.917
2022-07-10 12:00:00,25.581
2022-07-10 13:00:00,24.913
2022-07-10 14:00:00,22.389
2022-07-10 15:00:00,18.329
2022-07-10 16:00:00,13.09
2022-07-10 17:00:00,7.488
2022-07-10 18:00:00,1.896
2022-07-10 19:00:00,0.0
2022-07-10 20:00:00,0.0
2022-07-10 21:00:00,0.0
2022-07-10 22:00:00,0.0
2022-07-10 23:00:00,0.0
2022-07-11 00:00:00,0.0
2022-07-11 01:00:00,0.0
2022-07-11 02:00:00,0.0
2022-07-11 03:00:00,0.0
2022-07-11 04:00:00,0.0
2022-07-11 05:00:00,0.0
2022-07-11 06:00:00,2.133
2022-07-11 07:00:00,8.051
2022-07-11 08:00:00,15.579
2022-07-11 09:00:00,22.606
2022-07-11 10:00:00,27.787
2022-07-11 11:00:00,30.694
2022-07-11 12:00:00,31.436
2022-07-11 13:00:00,29.991
2022-07-11 14:00:00,26.591
2022-07-11 15:00:00,21.687
2022-07-11 16:00:00,15.156
2022-07-11 17:00:00,7.681
2022-07-11 18:00:00,1.876
2022-07-11 19:00:00,0.0
2022-07-11 20:00:00,0.0
2022-07-11 21:00:00,0.0
2022-07-11 22:00:00,0.0
2022-07-11 23:00:00,0.0
2022-07-12 00:00:00,0.0
2022-07-12 01:00:00,0.0
2022-07-12 02:00:00,0.0
2022-07-12 03:00:00,0.0
2022-07-12 04:00:00,0.0
2022-07-12 05:00:00,0.0
2022-07-12 06:00:00,1.968
2022-07-12 07:00:00,7.625
2022-07-12 08:00:00,15.229
2022-07-12 09:00:00,22.16
2022-07-12 10:00:00,27.345
2022-07-12 11:00:00,30.572
2022-07-12 12:00:00,31.554
2022-07-12 13:00:00,30.504
2022-07-12 14:00:00,27.239
2022-07-12 15:00:00,22.437
2022-07-12 16:00:00,15.363
2022-07-12 17:00:00,7.969
2022-07-12 18:00:00,1.956
2022-07-12 19:00:00,0.0
2022-07-12 20:00:00,0.0
2022-07-12 21:00:00,0.0
2022-07-12 22:00:00,0.0
2022-07-12 23:00:00,0.0
2022-07-13 00:00:00,0.0
2022-07-13 01:00:00,0.0
2022-07-13 02:00:00,0.0
2022-07-13 03:00:00,0.0
2022-07-13 04:00:00,0.0
2022-07-13 05:00:00,0.0
2022-07-13 06:00:00,1.954
2022-07-13 07:00:00,7.573
2022-07-13 08:00:00,15.189
2022-07-13 09:00:00,22.199
2022-07-13 10:00:00,27.486
2022-07-13 11:00:00,30.537
2022-07-13 12:00:00,31.581
2022-07-13 13:00:00,30.494
2022-07-13 14:00:00,27.196
2022-07-13 15:00:00,21.883
2022-07-13 16:00:00,15.049
2022-07-13 17:00:00,7.745
2022-07-13 18:00:00,1.885
2022-07-13 19:00:00,0.0
2022-07-13 20:00:00,0.0
2022-07-13 21:00:00,0.0
2022-07-13 22:00:00,0.0
2022-07-13 23:00:00,0.0
2022-07-14 00:00:00,0.0
2022-07-14 01:00:00,0.0
2022-07-14 02:00:00,0.0
2022-07-14 03:00:00,0.0
2022-07-14 04:00:00,0.0
2022-07-14 05:00:00,0.0
2022-07-14 06:00:00,1.969
2022-07-14 07:00:00,7.726
2022-07-14 08:00:00,15.85
2022-07-14 09:00:00,22.983
2022-07-14 10:00:00,28.423
2022-07-14 11:00:00,31.469
2022-07-14 12:00:00,30.969
2022-07-14 13:00:00,27.908
2022-07-14 14:00:00,22.386
2022-07-14 15:00:00,14.295
2022-07-14 16:00:00,8.175
2022-07-14 17:00:00,3.927
2022-07-14 18:00:00,1.124
2022-07-14 19:00:00,0.0
2022-07-14 20:00:00,0.0
2022-07-14 21:00:00,0.0
2022-07-14 22:00:00,0.0
2022-07-14 23:00:00,0.0
2022-07-15 00:00:00,0.0
2022-07-15 01:00:00,0.0
2022-07-15 02:00:00,0.0
2022-07-15 03:00:00,0.0
2022-07-15 04:00:00,0.0
2022-07-15 05:00:00,0.0
2022-07-15 06:00:00,0.869
2022-07-15 07:00:00,4.288
2022-07-15 08:00:00,8.629
2022-07-15 09:00:00,11.149
2022-07-15 10:00:00,14.31
2022-07-15 11:00:00,16.157
2022-07-15 12:00:00,17.072
2022-07-15 13:00:00,18.953
2022-07-15 14:00:00,19.545
2022-07-15 15:00:00,16.37
2022-07-15 16:00:00,11.598
2022-07-15 17:00:00,6.368
2022-07-15 18:00:00,1.43
2022-07-15 19:00:00,0.0
2022-07-15 20:00:00,0.0
2022-07-15 21:00:00,0.0
2022-07-15 22:00:00,0.0
2022-07-15 23:00:00,0.0
2022-07-16 00:00:00,0.0
2022-07-16 01:00:00,0.0
2022-07-16 02:00:00,0.0
2022-07-16 03:00:00,0.0
2022-07-16 04:00:00,0.0
2022-07-16 05:00:00,0.0
2022-07-16 06:00:00,0.895
2022-07-16 07:00:00,4.263
2022-07-16 08:00:00,8.343
2022-07-16 09:00:00,12.261
2022-07-16 10:00:00,14.997
2022-07-16 11:00:00,15.54
2022-07-16 12:00:00,15.04
2022-07-16 13:00:00,13.417
2022-07-16 14:00:00,11.015
2022-07-16 15:00:00,8.529
2022-07-16 16:00:00,5.894
2022-07-16 17:00:00,3.006
2022-07-16 18:00:00,0.601
2022-07-16 19:00:00,0.0
2022-07-16 20:00:00,0.0
2022-07-16 21:00:00,0.0
2022-07-16 22:00:00,0.0
2022-07-16 23:00:00,0.0
2022-07-17 00:00:00,0.0
2022-07-17 01:00:00,0.0
2022-07-17 02:00:00,0.0
2022-07-17 03:00:00,0.0
2022-07-17 04:00:00,0.0
2022-07-17 05:00:00,0.0
2022-07-17 06:00:00,1.329
2022-07-17 07:00:00,5.996
2022-07-17 08:00:00,10.915
2022-07-17 09:00:00,16.321
2022-07-17 10:00:00,19.497
2022-07-17 11:00:00,21.548
2022-07-17 12:00:00,22.361
2022-07-17 13:00:00,22.077
2022-07-17 14:00:00,20.639
2022-07-17 15:00:00,17.443
2022-07-17 16:00:00,11.74
2022-07-17 17:00:00,6.176
2022-07-17 18:00:00,1.301
2022-07-17 19:00:00,0.0
2022-07-17 20:00:00,0.0
2022-07-17 21:00:00,0.0
2022-07-17 22:00:00,0.0
2022-07-17 23:00:00,0.0
2022-07-18 00:00:00,0.0
2022-07-18 01:00:00,0.0
2022-07-18 02:00:00,0.0
2022-07-18 03:00:00,0.0
2022-07-18 04:00:00,0.0
2022-07-18 05:00:00,0.0
2022-07-18 06:00:00,0.9470000000000001
2022-07-18 07:00:00,4.314
2022-07-18 08:00:00,8.392
2022-07-18 09:00:00,13.118
2022-07-18 10:00:00,17.142
2022-07-18 11:00:00,21.602
2022-07-18 12:00:00,24.11
2022-07-18 13:00:00,24.465
2022-07-18 14:00:00,22.298
2022-07-18 15:00:00,17.124
2022-07-18 16:00:00,11.567
2022-07-18 17:00:00,5.62
2022-07-18 18:00:00,1.215
2022-07-18 19:00:00,0.0
2022-07-18 20:00:00,0.0
2022-07-18 21:00:00,0.0
2022-07-18 22:00:00,0.0
2022-07-18 23:00:00,0.0
2022-07-19 00:00:00,0.0
2022-07-19 01:00:00,0.0
2022-07-19 02:00:00,0.0
2022-07-19 03:00:00,0.0
2022-07-19 04:00:00,0.0
2022-07-19 05:00:00,0.0
2022-07-19 06:00:00,0.736
2022-07-19 07:00:00,4.211
2022-07-19 08:00:00,8.841
2022-07-19 09:00:00,12.922
2022-07-19 10:00:00,16.872
2022-07-19 11:00:00,20.624
2022-07-19 12:00:00,22.894
2022-07-19 13:00:00,23.212
2022-07-19 14:00:00,20.112
2022-07-19 15:00:00,14.874
2022-07-19 16:00:00,9.6
2022-07-19 17:00:00,4.303
2022-07-19 18:00:00,0.966
2022-07-19 19:00:00,0.0
2022-07-19 20:00:00,0.0
2022-07-19 21:00:00,0.0
2022-07-19 22:00:00,0.0
2022-07-19 23:00:00,0.0
2022-07-20 00:00:00,0.0
2022-07-20 01:00:00,0.0
2022-07-20 02:00:00,0.0
2022-07-20 03:00:00,0.0
2022-07-20 04:00:00,0.0
2022-07-20 05:00:00,0.0
2022-07-20 06:00:00,1.17
2022-07-20 07:00:00,5.632
2022-07-20 08:00:00,11.659
2022-07-20 09:00:00,17.29
2022-07-20 10:00:00,22.348
2022-07-20 11:00:00,25.124
2022-07-20 12:00:00,27.635
2022-07-20 13:00:00,25.725
2022-07-20 14:00:00,21.828
2022-07-20 15:00:00,16.443
2022-07-20 16:00:00,10.082
2022-07-20 17:00:00,5.011
2022-07-20 18:00:00,0.9530000000000001
2022-07-20 19:00:00,0.0
2022-07-20 20:00:00,0.0
2022-07-20 21:00:00,0.0
2022-07-20 22:00:00,0.0
2022-07-20 23:00:00,0.0
2022-07-21 00:00:00,0.0
2022-07-21 01:00:00,0.0
2022-07-21 02:00:00,0.0
2022-07-21 03:00:00,0.0
2022-07-21 04:00:00,0.0
2022-07-21 05:00:00,0.0
2022-07-21 06:00:00,1.114
2022-07-21 07:00:00,5.37
2022-07-21 08:00:00,10.5
2022-07-21 09:00:00,15.856
2022-07-21 10:00:00,21.457
2022-07-21 11:00:00,24.482
2022-07-21 12:00:00,25.762
2022-07-21 13:00:00,24.223
2022-07-21 14:00:00,22.43
2022-07-21 15:00:00,18.851
2022-07-21 16:00:00,12.912
2022-07-21 17:00:00,6.971
2022-07-21 18:00:00,1.658
2022-07-21 19:00:00,0.0
2022-07-21 20:00:00,0.0
2022-07-21 21:00:00,0.0
2022-07-21 22:00:00,0.0
2022-07-21 23:00:00,0.0
2022-07-22 00:00:00,0.0
2022-07-22 01:00:00,0.0
2022-07-22 02:00:00,0.0
2022-07-22 03:00:00,0.0
2022-07-22 04:00:00,0.0
2022-07-22 05:00:00,0.0
2022-07-22 06:00:00,1.931
2022-07-22 07:00:00,8.092
2022-07-22 08:00:00,15.596
2022-07-22 09:00:00,21.931
2022-07-22 10:00:00,26.825
2022-07-22 11:00:00,29.773
2022-07-22 12:00:00,31.008
2022-07-22 13:00:00,30.006
2022-07-22 14:00:00,26.573
2022-07-22 15:00:00,21.667
2022-07-22 16:00:00,15.494
2022-07-22 17:00:00,7.955
2022-07-22 18:00:00,1.794
2022-07-22 19:00:00,0.0
2022-07-22 20:00:00,0.0
2022-07-22 21:00:00,0.0
2022-07-22 22:00:00,0.0
2022-07-22 23:00:00,0.0
2022-07-23 00:00:00,0.0
2022-07-23 01:00:00,0.0
2022-07-23 02:00:00,0.0
2022-07-23 03:00:00,0.0
2022-07-23 04:00:00,0.0
2022-07-23 05:00:00,0.0
2022-07-23 06:00:00,1.808
2022-07-23 07:00:00,7.799
2022-07-23 08:00:00,15.964
2022-07-23 09:00:00,22.895
2022-07-23 10:00:00,27.983
2022-07-23 11:00:00,31.148
2022-07-23 12:00:00,31.949
2022-07-23 13:00:00,30.898
2022-07-23 14:00:00,27.508
2022-07-23 15:00:00,22.228
2022-07-23 16:00:00,14.956
2022-07-23 17:00:00,7.347
2022-07-23 18:00:00,1.579
2022-07-23 19:00:00,0.0
2022-07-23 20:00:00,0.0
2022-07-23 21:00:00,0.0
2022-07-23 22:00:00,0.0
2022-07-23 23:00:00,0.0
2022-07-24 00:00:00,0.0
2022-07-24 01:00:00,0.0
2022-07-24 02:00:00,0.0
2022-07-24 03:00:00,0.0
2022-07-24 04:00:00,0.0
2022-07-24 05:00:00,0.0
2022-07-24 06:00:00,1.771
2022-07-24 07:00:00,7.703
2022-07-24 08:00:00,15.709
2022-07-24 09:00:00,21.901
2022-07-24 10:00:00,26.369
2022-07-24 11:00:00,28.635
2022-07-24 12:00:00,29.235
2022-07-24 13:00:00,28.331
2022-07-24 14:00:00,25.381
2022-07-24 15:00:00,20.368
2022-07-24 16:00:00,13.202
2022-07-24 17:00:00,6.482
2022-07-24 18:00:00,1.533
2022-07-24 19:00:00,0.0
2022-07-24 20:00:00,0.0
2022-07-24 21:00:00,0.0
2022-07-24 22:00:00,0.0
2022-07-24 23:00:00,0.0
2022-07-25 00:00:00,0.0
2022-07-25 01:00:00,0.0
2022-07-25 02:00:00,0.0
2022-07-25 03:00:00,0.0
2022-07-25 04:00:00,0.0
2022-07-25 05:00:00,0.0
2022-07-25 06:00:00,1.149
2022-07-25 07:00:00,5.75
2022-07-25 08:00:00,11.217
2022-07-25 09:00:00,16.028
2022-07-25 10:00:00,19.267
2022-07-25 11:00:00,20.867
2022-07-25 12:00:00,20.924
2022-07-25 13:00:00,19.888
2022-07-25 14:00:00,18.691
2022-07-25 15:00:00,14.865
2022-07-25 16:00:00,10.957
2022-07-25 17:00:00,5.881
2022-07-25 18:00:00,1.365
2022-07-25 19:00:00,0.0
2022-07-25 20:00:00,0.0
2022-07-25 21:00:00,0.0
2022-07-25 22:00:00,0.0
2022-07-25 23:00:00,0.0
2022-07-26 00:00:00,0.0
2022-07-26 01:00:00,0.0
2022-07-26 02:00:00,0.0
2022-07-26 03:00:00,0.0
2022-07-26 04:00:00,0.0
2022-07-26 05:00:00,0.0
2022-07-26 06:00:00,1.197
2022-07-26 07:00:00,6.029
2022-07-26 08:00:00,11.368
2022-07-26 09:00:00,16.263
2022-07-26 10:00:00,20.504
2022-07-26 11:00:00,24.353
2022-07-26 12:00:00,25.906
2022-07-26 13:00:00,25.729
2022-07-26 14:00:00,23.79
2022-07-26 15:00:00,19.903
2022-07-26 16:00:00,14.555
2022-07-26 17:00:00,7.764
2022-07-26 18:00:00,1.677
2022-07-26 19:00:00,0.0
2022-07-26 20:00:00,0.0
2022-07-26 21:00:00,0.0
2022-07-26 22:00:00,0.0
2022-07-26 23:00:00,0.0
2022-07-27 00:00:00,0.0
2022-07-27 01:00:00,0.0
2022-07-27 02:00:00,0.0
2022-07-27 03:00:00,0.0
2022-07-27 04:00:00,0.0
2022-07-27 05:00:00,0.0
2022-07-27 06:00:00,1.473
2022-07-27 07:00:00,6.691
2022-07-27 08:00:00,12.858
2022-07-27 09:00:00,17.732
2022-07-27 10:00:00,22.213
2022-07-27 11:00:00,25.804
2022-07-27 12:00:00,28.046
2022-07-27 13:00:00,27.075
2022-07-27 14:00:00,24.6
2022-07-27 15:00:00,19.683
2022-07-27 16:00:00,14.007
2022-07-27 17:00:00,7.04
2022-07-27 18:00:00,1.459
2022-07-27 19:00:00,0.0
2022-07-27 20:00:00,0.0
2022-07-27 21:00:00,0.0
2022-07-27 22:00:00,0.0
2022-07-27 23:00:00,0.0
2022-07-28 00:00:00,0.0
2022-07-28 01:00:00,0.0
2022-07-28 02:00:00,0.0
2022-07-28 03:00:00,0.0
2022-07-28 04:00:00,0.0
2022-07-28 05:00:00,0.0
2022-07-28 06:00:00,1.733
2022-07-28 07:00:00,7.858
2022-07-28 08:00:00,15.744
2022-07-28 09:00:00,22.09
2022-07-28 10:00:00,26.526
2022-07-28 11:00:00,28.08
2022-07-28 12:00:00,27.829
2022-07-28 13:00:00,26.49
2022-07-28 14:00:00,23.067
2022-07-28 15:00:00,17.947
2022-07-28 16:00:00,12.081
2022-07-28 17:00:00,5.681
2022-07-28 18:00:00,1.118
2022-07-28 19:00:00,0.0
2022-07-28 20:00:00,0.0
2022-07-28 21:00:00,0.0
2022-07-28 22:00:00,0.0
2022-07-28 23:00:00,0.0
2022-07-29 00:00:00,0.0
2022-07-29 01:00:00,0.0
2022-07-29 02:00:00,0.0
2022-07-29 03:00:00,0.0
2022-07-29 04:00:00,0.0
2022-07-29 05:00:00,0.0
2022-07-29 06:00:00,0.618
2022-07-29 07:00:00,3.314
2022-07-29 08:00:00,6.721
2022-07-29 09:00:00,9.803
2022-07-29 10:00:00,10.922
2022-07-29 11:00:00,10.974
2022-07-29 12:00:00,11.043
2022-07-29 13:00:00,10.656
2022-07-29 14:00:00,9.208
2022-07-29 15:00:00,7.409
2022-07-29 16:00:00,4.833
2022-07-29 17:00:00,2.292
2022-07-29 18:00:00,0.317
2022-07-29 19:00:00,0.0
2022-07-29 20:00:00,0.0
2022-07-29 21:00:00,0.0
2022-07-29 22:00:00,0.0
2022-07-29 23:00:00,0.0
2022-07-30 00:00:00,0.0
2022-07-30 01:00:00,0.0
2022-07-30 02:00:00,0.0
2022-07-30 03:00:00,0.0
2022-07-30 04:00:00,0.0
2022-07-30 05:00:00,0.0
2022-07-30 06:00:00,1.098
2022-07-30 07:00:00,5.962
2022-07-30 08:00:00,12.004
2022-07-30 09:00:00,16.777
2022-07-30 10:00:00,19.245
2022-07-30 11:00:00,17.584
2022-07-30 12:00:00,14.685
2022-07-30 13:00:00,11.792
2022-07-30 14:00:00,9.278
2022-07-30 15:00:00,6.688
2022-07-30 16:00:00,4.438
2022-07-30 17:00:00,2.063
2022-07-30 18:00:00,0.356
2022-07-30 19:00:00,0.0
2022-07-30 20:00:00,0.0
2022-07-30 21:00:00,0.0
2022-07-30 22:00:00,0.0
2022-07-30 23:00:00,0.0
2022-07-31 00:00:00,0.0
2022-07-31 01:00:00,0.0
2022-07-31 02:00:00,0.0
2022-07-31 03:00:00,0.0
2022-07-31 04:00:00,0.0
2022-07-31 05:00:00,0.0
2022-07-31 06:00:00,1.274
2022-07-31 07:00:00,7.132
2022-07-31 08:00:00,13.718
2022-07-31 09:00:00,19.42
2022-07-31 10:00:00,23.211
2022-07-31 11:00:00,25.882
2022-07-31 12:00:00,26.94
2022-07-31 13:00:00,25.994
2022-07-31 14:00:00,24.005
2022-07-31 15:00:00,20.062
2022-07-31 16:00:00,14.473
2022-07-31 17:00:00,7.513
2022-07-31 18:00:00,1.487
2022-07-31 19:00:00,0.0
2022-07-31 20:00:00,0.0
2022-07-31 21:00:00,0.0
2022-07-31 22:00:00,0.0
2022-07-31 23:00:00,0.0
2022-08-01 00:00:00,0.0
2022-08-01 01:00:00,0.0
2022-08-01 02:00:00,0.0
2022-08-01 03:00:00,0.0
2022-08-01 04:00:00,0.0
2022-08-01 05:00:00,0.0
2022-08-01 06:00:00,1.31
2022-08-01 07:00:00,7.836
2022-08-01 08:00:00,15.787
2022-08-01 09:00:00,23.04
2022-08-01 10:00:00,28.701
2022-08-01 11:00:00,31.984
2022-08-01 12:00:00,32.937
2022-08-01 13:00:00,31.87
2022-08-01 14:00:00,28.941
2022-08-01 15:00:00,23.63
2022-08-01 16:00:00,16.356
2022-08-01 17:00:00,7.875
2022-08-01 18:00:00,1.543
2022-08-01 19:00:00,0.0
2022-08-01 20:00:00,0.0
2022-08-01 21:00:00,0.0
2022-08-01 22:00:00,0.0
2022-08-01 23:00:00,0.0
2022-08-02 00:00:00,0.0
2022-08-02 01:00:00,0.0
2022-08-02 02:00:00,0.0
2022-08-02 03:00:00,0.0
2022-08-02 04:00:00,0.0
2022-08-02 05:00:00,0.0
2022-08-02 06:00:00,1.209
2022-08-02 07:00:00,6.53
2022-08-02 08:00:00,12.783
2022-08-02 09:00:00,19.726
2022-08-02 10:00:00,25.053
2022-08-02 11:00:00,27.66
2022-08-02 12:00:00,28.161
2022-08-02 13:00:00,26.252
2022-08-02 14:00:00,22.14
2022-08-02 15:00:00,18.708
2022-08-02 16:00:00,13.359
2022-08-02 17:00:00,6.406
2022-08-02 18:00:00,0.9520000000000001
2022-08-02 19:00:00,0.0
2022-08-02 20:00:00,0.0
2022-08-02 21:00:00,0.0
2022-08-02 22:00:00,0.0
2022-08-02 23:00:00,0.0
2022-08-03 00:00:00,0.0
2022-08-03 01:00:00,0.0
2022-08-03 02:00:00,0.0
2022-08-03 03:00:00,0.0
2022-08-03 04:00:00,0.0
2022-08-03 05:00:00,0.0
2022-08-03 06:00:00,0.366
2022-08-03 07:00:00,1.991
2022-08-03 08:00:00,3.84
2022-08-03 09:00:00,5.691
2022-08-03 10:00:00,7.476
2022-08-03 11:00:00,9.759
2022-08-03 12:00:00,10.897
2022-08-03 13:00:00,9.761
2022-08-03 14:00:00,8.402
2022-08-03 15:00:00,6.641
2022-08-03 16:00:00,4.062
2022-08-03 17:00:00,1.673
2022-08-03 18:00:00,0.192
2022-08-03 19:00:00,0.0
2022-08-03 20:00:00,0.0
2022-08-03 21:00:00,0.0
2022-08-03 22:00:00,0.0
2022-08-03 23:00:00,0.0
2022-08-04 00:00:00,0.0
2022-08-04 01:00:00,0.0
2022-08-04 02:00:00,0.0
2022-08-04 03:00:00,0.0
2022-08-04 04:00:00,0.0
2022-08-04 05:00:00,0.0
2022-08-04 06:00:00,0.6880000000000001
2022-08-04 07:00:00,4.716
2022-08-04 08:00:00,10.736
2022-08-04 09:00:00,17.386
2022-08-04 10:00:00,24.046
2022-08-04 11:00:00,29.748
2022-08-04 12:00:00,30.721
2022-08-04 13:00:00,29.624
2022-08-04 14:00:00,24.372
2022-08-04 15:00:00,17.723
2022-08-04 16:00:00,12.385
2022-08-04 17:00:00,6.529
2022-08-04 18:00:00,1.246
2022-08-04 19:00:00,0.0
2022-08-04 20:00:00,0.0
2022-08-04 21:00:00,0.0
2022-08-04 22:00:00,0.0
2022-08-04 23:00:00,0.0
2022-08-05 00:00:00,0.0
2022-08-05 01:00:00,0.0
2022-08-05 02:00:00,0.0
2022-08-05 03:00:00,0.0
2022-08-05 04:00:00,0.0
2022-08-05 05:00:00,0.0
2022-08-05 06:00:00,0.766
2022-08-05 07:00:00,5.261
2022-08-05 08:00:00,11.256
2022-08-05 09:00:00,16.378
2022-08-05 10:00:00,20.149
2022-08-05 11:00:00,21.994
2022-08-05 12:00:00,21.613
2022-08-05 13:00:00,19.926
2022-08-05 14:00:00,16.649
2022-08-05 15:00:00,12.304
2022-08-05 16:00:00,7.88
2022-08-05 17:00:00,3.827
2022-08-05 18:00:00,0.598
2022-08-05 19:00:00,0.0
2022-08-05 20:00:00,0.0
2022-08-05 21:00:00,0.0
2022-08-05 22:00:00,0.0
2022-08-05 23:00:00,0.0
2022-08-06 00:00:00,0.0
2022-08-06 01:00:00,0.0
2022-08-06 02:00:00,0.0
2022-08-06 03:00:00,0.0
2022-08-06 04:00:00,0.0
2022-08-06 05:00:00,0.0
2022-08-06 06:00:00,1.13
2022-08-06 07:00:00,6.383
2022-08-06 08:00:00,12.23
2022-08-06 09:00:00,17.388
2022-08-06 10:00:00,22.182
2022-08-06 11:00:00,23.645
2022-08-06 12:00:00,23.889
2022-08-06 13:00:00,23.014
2022-08-06 14:00:00,20.672
2022-08-06 15:00:00,16.98
2022-08-06 16:00:00,12.279
2022-08-06 17:00:00,6.294
2022-08-06 18:00:00,1.094
2022-08-06 19:00:00,0.0
2022-08-06 20:00:00,0.0
2022-08-06 21:00:00,0.0
2022-08-06 22:00:00,0.0
2022-08-06 23:00:00,0.0
2022-08-07 00:00:00,0.0
2022-08-07 01:00:00,0.0
2022-08-07 02:00:00,0.0
2022-08-07 03:00:00,0.0
2022-08-07 04:00:00,0.0
2022-08-07 05:00:00,0.0
2022-08-07 06:00:00,0.912
2022-08-07 07:00:00,5.967
2022-08-07 08:00:00,12.818
2022-08-07 09:00:00,18.452
2022-08-07 10:00:00,24.321
2022-08-07 11:00:00,29.045
2022-08-07 12:00:00,29.46
2022-08-07 13:00:00,28.693
2022-08-07 14:00:00,25.92
2022-08-07 15:00:00,20.439
2022-08-07 16:00:00,12.771
2022-08-07 17:00:00,6.487
2022-08-07 18:00:00,1.13
2022-08-07 19:00:00,0.0
2022-08-07 20:00:00,0.0
2022-08-07 21:00:00,0.0
2022-08-07 22:00:00,0.0
2022-08-07 23:00:00,0.0
2022-08-08 00:00:00,0.0
2022-08-08 01:00:00,0.0
2022-08-08 02:00:00,0.0
2022-08-08 03:00:00,0.0
2022-08-08 04:00:00,0.0
2022-08-08 05:00:00,0.0
2022-08-08 06:00:00,0.6910000000000001
2022-08-08 07:00:00,4.479
2022-08-08 08:00:00,9.599
2022-08-08 09:00:00,15.324
2022-08-08 10:00:00,18.236
2022-08-08 11:00:00,19.535
2022-08-08 12:00:00,19.976
2022-08-08 13:00:00,19.391
2022-08-08 14:00:00,19.231
2022-08-08 15:00:00,15.614
2022-08-08 16:00:00,10.733
2022-08-08 17:00:00,5.061
2022-08-08 18:00:00,0.782
2022-08-08 19:00:00,0.0
2022-08-08 20:00:00,0.0
2022-08-08 21:00:00,0.0
2022-08-08 22:00:00,0.0
2022-08-08 23:00:00,0.0
2022-08-09 00:00:00,0.0
2022-08-09 01:00:00,0.0
2022-08-09 02:00:00,0.0
2022-08-09 03:00:00,0.0
2022-08-09 04:00:00,0.0
2022-08-09 05:00:00,0.0
2022-08-09 06:00:00,0.674
2022-08-09 07:00:00,4.807
2022-08-09 08:00:00,10.72
2022-08-09 09:00:00,16.02
2022-08-09 10:00:00,19.396
2022-08-09 11:00:00,18.681
2022-08-09 12:00:00,17.923
2022-08-09 13:00:00,16.691
2022-08-09 14:00:00,13.821
2022-08-09 15:00:00,10.896
2022-08-09 16:00:00,6.628
2022-08-09 17:00:00,2.993
2022-08-09 18:00:00,0.432
2022-08-09 19:00:00,0.0
2022-08-09 20:00:00,0.0
2022-08-09 21:00:00,0.0
2022-08-09 22:00:00,0.0
2022-08-09 23:00:00,0.0
2022-08-10 00:00:00,0.0
2022-08-10 01:00:00,0.0
2022-08-10 02:00:00,0.0
2022-08-10 03:00:00,0.0
2022-08-10 04:00:00,0.0
2022-08-10 05:00:00,0.0
2022-08-10 06:00:00,0.349
2022-08-10 07:00:00,2.875
2022-08-10 08:00:00,6.238
2022-08-10 09:00:00,9.712
2022-08-10 10:00:00,12.398
2022-08-10 11:00:00,14.311
2022-08-10 12:00:00,15.298
2022-08-10 13:00:00,14.752
2022-08-10 14:00:00,14.048
2022-08-10 15:00:00,10.568
2022-08-10 16:00:00,6.079
2022-08-10 17:00:00,2.09
2022-08-10 18:00:00,0.187
2022-08-10 19:00:00,0.0
2022-08-10 20:00:00,0.0
2022-08-10 21:00:00,0.0
2022-08-10 22:00:00,0.0
2022-08-10 23:00:00,0.0
2022-08-11 00:00:00,0.0
2022-08-11 01:00:00,0.0
2022-08-11 02:00:00,0.0
2022-08-11 03:00:00,0.0
2022-08-11 04:00:00,0.0
2022-08-11 05:00:00,0.0
2022-08-11 06:00:00,0.2
2022-08-11 07:00:00,2.228
2022-08-11 08:00:00,6.38
2022-08-11 09:00:00,10.23
2022-08-11 10:00:00,15.045
2022-08-11 11:00:00,18.527
2022-08-11 12:00:00,20.797
2022-08-11 13:00:00,23.373
2022-08-11 14:00:00,21.196
2022-08-11 15:00:00,16.734
2022-08-11 16:00:00,10.889
2022-08-11 17:00:00,5.042
2022-08-11 18:00:00,0.732
2022-08-11 19:00:00,0.0
2022-08-11 20:00:00,0.0
2022-08-11 21:00:00,0.0
2022-08-11 22:00:00,0.0
2022-08-11 23:00:00,0.0
2022-08-12 00:00:00,0.0
2022-08-12 01:00:00,0.0
2022-08-12 02:00:00,0.0
2022-08-12 03:00:00,0.0
2022-08-12 04:00:00,0.0
2022-08-12 05:00:00,0.0
2022-08-12 06:00:00,1.036
2022-08-12 07:00:00,6.302
2022-08-12 08:00:00,11.618
2022-08-12 09:00:00,14.809
2022-08-12 10:00:00,14.947
2022-08-12 11:00:00,14.244
2022-08-12 12:00:00,14.716
2022-08-12 13:00:00,13.802
2022-08-12 14:00:00,13.225
2022-08-12 15:00:00,10.241
2022-08-12 16:00:00,7.28
2022-08-12 17:00:00,3.775
2022-08-12 18:00:00,0.587
2022-08-12 19:00:00,0.0
2022-08-12 20:00:00,0.0
2022-08-12 21:00:00,0.0
2022-08-12 22:00:00,0.0
2022-08-12 23:00:00,0.0
2022-08-13 00:00:00,0.0
2022-08-13 01:00:00,0.0
2022-08-13 02:00:00,0.0
2022-08-13 03:00:00,0.0
2022-08-13 04:00:00,0.0
2022-08-13 05:00:00,0.0
2022-08-13 06:00:00,0.891
2022-08-13 07:00:00,6.379
2022-08-13 08:00:00,13.669
2022-08-13 09:00:00,20.98
2022-08-13 10:00:00,25.559
2022-08-13 11:00:00,27.418
2022-08-13 12:00:00,28.107
2022-08-13 13:00:00,27.157
2022-08-13 14:00:00,23.095
2022-08-13 15:00:00,19.394
2022-08-13 16:00:00,13.035
2022-08-13 17:00:00,6.261
2022-08-13 18:00:00,0.937
2022-08-13 19:00:00,0.0
2022-08-13 20:00:00,0.0
2022-08-13 21:00:00,0.0
2022-08-13 22:00:00,0.0
2022-08-13 23:00:00,0.0
2022-08-14 00:00:00,0.0
2022-08-14 01:00:00,0.0
2022-08-14 02:00:00,0.0
2022-08-14 03:00:00,0.0
2022-08-14 04:00:00,0.0
2022-08-14 05:00:00,0.0
2022-08-14 06:00:00,0.982
2022-08-14 07:00:00,7.534
2022-08-14 08:00:00,15.225
2022-08-14 09:00:00,22.13
2022-08-14 10:00:00,27.781
2022-08-14 11:00:00,31.422
2022-08-14 12:00:00,32.381
2022-08-14 13:00:00,30.491
2022-08-14 14:00:00,27.116
2022-08-14 15:00:00,21.779
2022-08-14 16:00:00,14.188
2022-08-14 17:00:00,7.149
2022-08-14 18:00:00,1.0
2022-08-14 19:00:00,0.0
2022-08-14 20:00:00,0.0
2022-08-14 21:00:00,0.0
2022-08-14 22:00:00,0.0
2022-08-14 23:00:00,0.0
2022-08-15 00:00:00,0.0
2022-08-15 01:00:00,0.0
2022-08-15 02:00:00,0.0
2022-08-15 03:00:00,0.0
2022-08-15 04:00:00,0.0
2022-08-15 05:00:00,0.0
2022-08-15 06:00:00,0.915
2022-08-15 07:00:00,7.438
2022-08-15 08:00:00,15.628
2022-08-15 09:00:00,22.834
2022-08-15 10:00:00,28.438
2022-08-15 11:00:00,31.359
2022-08-15 12:00:00,31.911
2022-08-15 13:00:00,30.087
2022-08-15 14:00:00,26.547
2022-08-15 15:00:00,19.17
2022-08-15 16:00:00,10.015
2022-08-15 17:00:00,3.87
2022-08-15 18:00:00,0.609
2022-08-15 19:00:00,0.0
2022-08-15 20:00:00,0.0
2022-08-15 21:00:00,0.0
2022-08-15 22:00:00,0.0
2022-08-15 23:00:00,0.0
2022-08-16 00:00:00,0.0
2022-08-16 01:00:00,0.0
2022-08-16 02:00:00,0.0
2022-08-16 03:00:00,0.0
2022-08-16 04:00:00,0.0
2022-08-16 05:00:00,0.0
2022-08-16 06:00:00,0.81
2022-08-16 07:00:00,6.363
2022-08-16 08:00:00,13.918
2022-08-16 09:00:00,21.455
2022-08-16 10:00:00,27.647
2022-08-16 11:00:00,29.696
2022-08-16 12:00:00,27.715
2022-08-16 13:00:00,25.375
2022-08-16 14:00:00,22.398
2022-08-16 15:00:00,17.225
2022-08-16 16:00:00,8.935
2022-08-16 17:00:00,2.972
2022-08-16 18:00:00,0.421
2022-08-16 19:00:00,0.0
2022-08-16 20:00:00,0.0
2022-08-16 21:00:00,0.0
2022-08-16 22:00:00,0.0
2022-08-16 23:00:00,0.0
2022-08-17 00:00:00,0.0
2022-08-17 01:00:00,0.0
2022-08-17 02:00:00,0.0
2022-08-17 03:00:00,0.0
2022-08-17 04:00:00,0.0
2022-08-17 05:00:00,0.0
2022-08-17 06:00:00,0.905
2022-08-17 07:00:00,7.192
2022-08-17 08:00:00,14.674
2022-08-17 09:00:00,21.241
2022-08-17 10:00:00,25.497
2022-08-17 11:00:00,27.192
2022-08-17 12:00:00,27.479
2022-08-17 13:00:00,26.127
2022-08-17 14:00:00,22.217
2022-08-17 15:00:00,16.433
2022-08-17 16:00:00,11.178
2022-08-17 17:00:00,5.361
2022-08-17 18:00:00,0.667
2022-08-17 19:00:00,0.0
2022-08-17 20:00:00,0.0
2022-08-17 21:00:00,0.0
2022-08-17 22:00:00,0.0
2022-08-17 23:00:00,0.0
2022-08-18 00:00:00,0.0
2022-08-18 01:00:00,0.0
2022-08-18 02:00:00,0.0
2022-08-18 03:00:00,0.0
2022-08-18 04:00:00,0.0
2022-08-18 05:00:00,0.0
2022-08-18 06:00:00,0.8240000000000001
2022-08-18 07:00:00,6.83
2022-08-18 08:00:00,14.503
2022-08-18 09:00:00,21.047
2022-08-18 10:00:00,27.188
2022-08-18 11:00:00,29.919
2022-08-18 12:00:00,30.583
2022-08-18 13:00:00,27.203
2022-08-18 14:00:00,23.015
2022-08-18 15:00:00,17.723
2022-08-18 16:00:00,10.643
2022-08-18 17:00:00,4.137
2022-08-18 18:00:00,0.522
2022-08-18 19:00:00,0.0
2022-08-18 20:00:00,0.0
2022-08-18 21:00:00,0.0
2022-08-18 22:00:00,0.0
2022-08-18 23:00:00,0.0
2022-08-19 00:00:00,0.0
2022-08-19 01:00:00,0.0
2022-08-19 02:00:00,0.0
2022-08-19 03:00:00,0.0
2022-08-19 04:00:00,0.0
2022-08-19 05:00:00,0.0
2022-08-19 06:00:00,0.858
2022-08-19 07:00:00,7.379
2022-08-19 08:00:00,15.22
2022-08-19 09:00:00,19.292
2022-08-19 10:00:00,20.736
2022-08-19 11:00:00,20.687
2022-08-19 12:00:00,22.054
2022-08-19 13:00:00,22.675
2022-08-19 14:00:00,20.129
2022-08-19 15:00:00,14.509
2022-08-19 16:00:00,8.281
2022-08-19 17:00:00,3.067
2022-08-19 18:00:00,0.367
2022-08-19 19:00:00,0.0
2022-08-19 20:00:00,0.0
2022-08-19 21:00:00,0.0
2022-08-19 22:00:00,0.0
2022-08-19 23:00:00,0.0
2022-08-20 00:00:00,0.0
2022-08-20 01:00:00,0.0
2022-08-20 02:00:00,0.0
2022-08-20 03:00:00,0.0
2022-08-20 04:00:00,0.0
2022-08-20 05:00:00,0.0
2022-08-20 06:00:00,0.84
2022-08-20 07:00:00,7.073
2022-08-20 08:00:00,14.561
2022-08-20 09:00:00,20.868
2022-08-20 10:00:00,24.608
2022-08-20 11:00:00,27.175
2022-08-20 12:00:00,29.09
2022-08-20 13:00:00,29.565
2022-08-20 14:00:00,27.064
2022-08-20 15:00:00,22.12
2022-08-20 16:00:00,14.671
2022-08-20 17:00:00,7.305
2022-08-20 18:00:00,0.797
2022-08-20 19:00:00,0.0
2022-08-20 20:00:00,0.0
2022-08-20 21:00:00,0.0
2022-08-20 22:00:00,0.0
2022-08-20 23:00:00,0.0
2022-08-21 00:00:00,0.0
2022-08-21 01:00:00,0.0
2022-08-21 02:00:00,0.0
2022-08-21 03:00:00,0.0
2022-08-21 04:00:00,0.0
2022-08-21 05:00:00,0.0
2022-08-21 06:00:00,0.592
2022-08-21 07:00:00,6.039
2022-08-21 08:00:00,12.922
2022-08-21 09:00:00,19.465
2022-08-21 10:00:00,26.217
2022-08-21 11:00:00,28.706
2022-08-21 12:00:00,28.283
2022-08-21 13:00:00,27.205
2022-08-21 14:00:00,24.454
2022-08-21 15:00:00,18.195
2022-08-21 16:00:00,11.764
2022-08-21 17:00:00,5.744
2022-08-21 18:00:00,0.65
2022-08-21 19:00:00,0.0
2022-08-21 20:00:00,0.0
2022-08-21 21:00:00,0.0
2022-08-21 22:00:00,0.0
2022-08-21 23:00:00,0.0
2022-08-22 00:00:00,0.0
2022-08-22 01:00:00,0.0
2022-08-22 02:00:00,0.0
2022-08-22 03:00:00,0.0
2022-08-22 04:00:00,0.0
2022-08-22 05:00:00,0.0
2022-08-22 06:00:00,0.725
2022-08-22 07:00:00,6.775
2022-08-22 08:00:00,14.829
2022-08-22 09:00:00,21.722
2022-08-22 10:00:00,25.186
2022-08-22 11:00:00,24.469
2022-08-22 12:00:00,25.271
2022-08-22 13:00:00,24.703
2022-08-22 14:00:00,20.585
2022-08-22 15:00:00,14.823
2022-08-22 16:00:00,8.135
2022-08-22 17:00:00,2.851
2022-08-22 18:00:00,0.421
2022-08-22 19:00:00,0.0
2022-08-22 20:00:00,0.0
2022-08-22 21:00:00,0.0
2022-08-22 22:00:00,0.0
2022-08-22 23:00:00,0.0
2022-08-23 00:00:00,0.0
2022-08-23 01:00:00,0.0
2022-08-23 02:00:00,0.0
2022-08-23 03:00:00,0.0
2022-08-23 04:00:00,0.0
2022-08-23 05:00:00,0.0
2022-08-23 06:00:00,0.629
2022-08-23 07:00:00,5.751
2022-08-23 08:00:00,12.265
2022-08-23 09:00:00,17.804
2022-08-23 10:00:00,21.87
2022-08-23 11:00:00,23.257
2022-08-23 12:00:00,21.074
2022-08-23 13:00:00,20.58
2022-08-23 14:00:00,17.824
2022-08-23 15:00:00,14.624
2022-08-23 16:00:00,11.921
2022-08-23 17:00:00,5.641
2022-08-23 18:00:00,0.501
2022-08-23 19:00:00,0.0
2022-08-23 20:00:00,0.0
2022-08-23 21:00:00,0.0
2022-08-23 22:00:00,0.0
2022-08-23 23:00:00,0.0
2022-08-24 00:00:00,0.0
2022-08-24 01:00:00,0.0
2022-08-24 02:00:00,0.0
2022-08-24 03:00:00,0.0
2022-08-24 04:00:00,0.0
2022-08-24 05:00:00,0.0
2022-08-24 06:00:00,0.36
2022-08-24 07:00:00,4.362
2022-08-24 08:00:00,11.877
2022-08-24 09:00:00,19.036
2022-08-24 10:00:00,24.081
2022-08-24 11:00:00,26.23
2022-08-24 12:00:00,27.34
2022-08-24 13:00:00,23.862
2022-08-24 14:00:00,22.504
2022-08-24 15:00:00,16.429
2022-08-24 16:00:00,9.448
2022-08-24 17:00:00,3.83
2022-08-24 18:00:00,0.356
2022-08-24 19:00:00,0.0
2022-08-24 20:00:00,0.0
2022-08-24 21:00:00,0.0
2022-08-24 22:00:00,0.0
2022-08-24 23:00:00,0.0
2022-08-25 00:00:00,0.0
2022-08-25 01:00:00,0.0
2022-08-25 02:00:00,0.0
2022-08-25 03:00:00,0.0
2022-08-25 04:00:00,0.0
2022-08-25 05:00:00,0.0
2022-08-25 06:00:00,0.429
2022-08-25 07:00:00,5.784
2022-08-25 08:00:00,13.335
2022-08-25 09:00:00,19.53
2022-08-25 10:00:00,22.374
2022-08-25 11:00:00,21.855
2022-08-25 12:00:00,24.591
2022-08-25 13:00:00,24.143
2022-08-25 14:00:00,25.194
2022-08-25 15:00:00,20.366
2022-08-25 16:00:00,14.311
2022-08-25 17:00:00,6.804
2022-08-25 18:00:00,0.708
2022-08-25 19:00:00,0.0
2022-08-25 20:00:00,0.0
2022-08-25 21:00:00,0.0
2022-08-25 22:00:00,0.0
2022-08-25 23:00:00,0.0
2022-08-26 00:00:00,0.0
2022-08-26 01:00:00,0.0
2022-08-26 02:00:00,0.0
2022-08-26 03:00:00,0.0
2022-08-26 04:00:00,0.0
2022-08-26 05:00:00,0.0
2022-08-26 06:00:00,0.439
2022-08-26 07:00:00,5.02
2022-08-26 08:00:00,11.985
2022-08-26 09:00:00,17.554
2022-08-26 10:00:00,21.482
2022-08-26 11:00:00,22.872
2022-08-26 12:00:00,23.905
2022-08-26 13:00:00,22.085
2022-08-26 14:00:00,17.838
2022-08-26 15:00:00,12.687
2022-08-26 16:00:00,8.422
2022-08-26 17:00:00,3.865
2022-08-26 18:00:00,0.372
2022-08-26 19:00:00,0.0
2022-08-26 20:00:00,0.0
2022-08-26 21:00:00,0.0
2022-08-26 22:00:00,0.0
2022-08-26 23:00:00,0.0
2022-08-27 00:00:00,0.0
2022-08-27 01:00:00,0.0
2022-08-27 02:00:00,0.0
2022-08-27 03:00:00,0.0
2022-08-27 04:00:00,0.0
2022-08-27 05:00:00,0.0
2022-08-27 06:00:00,0.395
2022-08-27 07:00:00,4.061
2022-08-27 08:00:00,9.035
2022-08-27 09:00:00,13.033
2022-08-27 10:00:00,17.831
2022-08-27 11:00:00,19.007
2022-08-27 12:00:00,21.375
2022-08-27 13:00:00,20.717
2022-08-27 14:00:00,18.645
2022-08-27 15:00:00,15.335
2022-08-27 16:00:00,10.512
2022-08-27 17:00:00,4.73
2022-08-27 18:00:00,0.527
2022-08-27 19:00:00,0.0
2022-08-27 20:00:00,0.0
2022-08-27 21:00:00,0.0
2022-08-27 22:00:00,0.0
2022-08-27 23:00:00,0.0
2022-08-28 00:00:00,0.0
2022-08-28 01:00:00,0.0
2022-08-28 02:00:00,0.0
2022-08-28 03:00:00,0.0
2022-08-28 04:00:00,0.0
2022-08-28 05:00:00,0.0
2022-08-28 06:00:00,0.24
2022-08-28 07:00:00,3.059
2022-08-28 08:00:00,6.85
2022-08-28 09:00:00,10.656
2022-08-28 10:00:00,13.849
2022-08-28 11:00:00,17.673
2022-08-28 12:00:00,22.763
2022-08-28 13:00:00,24.917
2022-08-28 14:00:00,23.356
2022-08-28 15:00:00,18.634
2022-08-28 16:00:00,11.802
2022-08-28 17:00:00,4.785
2022-08-28 18:00:00,0.441
2022-08-28 19:00:00,0.0
2022-08-28 20:00:00,0.0
2022-08-28 21:00:00,0.0
2022-08-28 22:00:00,0.0
2022-08-28 23:00:00,0.0
2022-08-29 00:00:00,0.0
2022-08-29 01:00:00,0.0
2022-08-29 02:00:00,0.0
2022-08-29 03:00:00,0.0
2022-08-29 04:00:00,0.0
2022-08-29 05:00:00,0.0
2022-08-29 06:00:00,0.296
2022-08-29 07:00:00,3.295
2022-08-29 08:00:00,7.463
2022-08-29 09:00:00,11.568
2022-08-29 10:00:00,15.396
2022-08-29 11:00:00,17.872
2022-08-29 12:00:00,18.497
2022-08-29 13:00:00,18.857
2022-08-29 14:00:00,17.605
2022-08-29 15:00:00,14.177
2022-08-29 16:00:00,9.958
2022-08-29 17:00:00,4.438
2022-08-29 18:00:00,0.382
2022-08-29 19:00:00,0.0
2022-08-29 20:00:00,0.0
2022-08-29 21:00:00,0.0
2022-08-29 22:00:00,0.0
2022-08-29 23:00:00,0.0
2022-08-30 00:00:00,0.0
2022-08-30 01:00:00,0.0
2022-08-30 02:00:00,0.0
2022-08-30 03:00:00,0.0
2022-08-30 04:00:00,0.0
2022-08-30 05:00:00,0.0
2022-08-30 06:00:00,0.601
2022-08-30 07:00:00,6.877
2022-08-30 08:00:00,14.707
2022-08-30 09:00:00,20.626
2022-08-30 10:00:00,24.46
2022-08-30 11:00:00,25.706
2022-08-30 12:00:00,23.445
2022-08-30 13:00:00,19.615
2022-08-30 14:00:00,16.169
2022-08-30 15:00:00,12.789
2022-08-30 16:00:00,8.948
2022-08-30 17:00:00,3.909
2022-08-30 18:00:00,0.287
2022-08-30 19:00:00,0.0
2022-08-30 20:00:00,0.0
2022-08-30 21:00:00,0.0
2022-08-30 22:00:00,0.0
2022-08-30 23:00:00,0.0
2022-08-31 00:00:00,0.0
2022-08-31 01:00:00,0.0
2022-08-31 02:00:00,0.0
2022-08-31 03:00:00,0.0
2022-08-31 04:00:00,0.0
2022-08-31 05:00:00,0.0
2022-08-31 06:00:00,0.355
2022-08-31 07:00:00,4.096
2022-08-31 08:00:00,9.089
2022-08-31 09:00:00,12.824
2022-08-31 10:00:00,15.71
2022-08-31 11:00:00,13.35
2022-08-31 12:00:00,11.685
2022-08-31 13:00:00,11.597
2022-08-31 14:00:00,10.354
2022-08-31 15:00:00,7.559
2022-08-31 16:00:00,4.596
2022-08-31 17:00:00,1.744
2022-08-31 18:00:00,0.05
2022-08-31 19:00:00,0.0
2022-08-31 20:00:00,0.0
2022-08-31 21:00:00,0.0
2022-08-31 22:00:00,0.0
2022-08-31 23:00:00,0.0
2022-09-01 00:00:00,0.0
2022-09-01 01:00:00,0.0
2022-09-01 02:00:00,0.0
2022-09-01 03:00:00,0.0
2022-09-01 04:00:00,0.0
2022-09-01 05:00:00,0.0
2022-09-01 06:00:00,0.134
2022-09-01 07:00:00,3.306
2022-09-01 08:00:00,10.591
2022-09-01 09:00:00,18.437
2022-09-01 10:00:00,24.888
2022-09-01 11:00:00,29.217
2022-09-01 12:00:00,31.394
2022-09-01 13:00:00,30.364
2022-09-01 14:00:00,26.949
2022-09-01 15:00:00,22.015
2022-09-01 16:00:00,13.852
2022-09-01 17:00:00,5.498
2022-09-01 18:00:00,0.398
2022-09-01 19:00:00,0.0
2022-09-01 20:00:00,0.0
2022-09-01 21:00:00,0.0
2022-09-01 22:00:00,0.0
2022-09-01 23:00:00,0.0
2022-09-02 00:00:00,0.0
2022-09-02 01:00:00,0.0
2022-09-02 02:00:00,0.0
2022-09-02 03:00:00,0.0
2022-09-02 04:00:00,0.0
2022-09-02 05:00:00,0.0
2022-09-02 06:00:00,0.451
2022-09-02 07:00:00,6.363
2022-09-02 08:00:00,15.088
2022-09-02 09:00:00,23.472
2022-09-02 10:00:00,30.19
2022-09-02 11:00:00,33.922
2022-09-02 12:00:00,34.67
2022-09-02 13:00:00,33.37
2022-09-02 14:00:00,30.299
2022-09-02 15:00:00,24.53
2022-09-02 16:00:00,15.649
2022-09-02 17:00:00,6.125
2022-09-02 18:00:00,0.409
2022-09-02 19:00:00,0.0
2022-09-02 20:00:00,0.0
2022-09-02 21:00:00,0.0
2022-09-02 22:00:00,0.0
2022-09-02 23:00:00,0.0
2022-09-03 00:00:00,0.0
2022-09-03 01:00:00,0.0
2022-09-03 02:00:00,0.0
2022-09-03 03:00:00,0.0
2022-09-03 04:00:00,0.0
2022-09-03 05:00:00,0.0
2022-09-03 06:00:00,0.481
2022-09-03 07:00:00,7.703
2022-09-03 08:00:00,17.172
2022-09-03 09:00:00,25.264
2022-09-03 10:00:00,29.894
2022-09-03 11:00:00,32.002
2022-09-03 12:00:00,33.305
2022-09-03 13:00:00,31.963
2022-09-03 14:00:00,28.444
2022-09-03 15:00:00,22.905
2022-09-03 16:00:00,15.367
2022-09-03 17:00:00,6.826000000000001
2022-09-03 18:00:00,0.438
2022-09-03 19:00:00,0.0
2022-09-03 20:00:00,0.0
2022-09-03 21:00:00,0.0
2022-09-03 22:00:00,0.0
2022-09-03 23:00:00,0.0
2022-09-04 00:00:00,0.0
2022-09-04 01:00:00,0.0
2022-09-04 02:00:00,0.0
2022-09-04 03:00:00,0.0
2022-09-04 04:00:00,0.0
2022-09-04 05:00:00,0.0
2022-09-04 06:00:00,0.432
2022-09-04 07:00:00,6.606
2022-09-04 08:00:00,15.508
2022-09-04 09:00:00,23.595
2022-09-04 10:00:00,29.387
2022-09-04 11:00:00,31.32
2022-09-04 12:00:00,31.949
2022-09-04 13:00:00,29.19
2022-09-04 14:00:00,24.169
2022-09-04 15:00:00,18.442
2022-09-04 16:00:00,12.504
2022-09-04 17:00:00,6.277
2022-09-04 18:00:00,0.469
2022-09-04 19:00:00,0.0
2022-09-04 20:00:00,0.0
2022-09-04 21:00:00,0.0
2022-09-04 22:00:00,0.0
2022-09-04 23:00:00,0.0
2022-09-05 00:00:00,0.0
2022-09-05 01:00:00,0.0
2022-09-05 02:00:00,0.0
2022-09-05 03:00:00,0.0
2022-09-05 04:00:00,0.0
2022-09-05 05:00:00,0.0
2022-09-05 06:00:00,0.444
2022-09-05 07:00:00,7.059
2022-09-05 08:00:00,16.059
2022-09-05 09:00:00,23.509
2022-09-05 10:00:00,28.444
2022-09-05 11:00:00,31.699
2022-09-05 12:00:00,32.903
2022-09-05 13:00:00,31.222
2022-09-05 14:00:00,27.443
2022-09-05 15:00:00,21.517
2022-09-05 16:00:00,14.043
2022-09-05 17:00:00,6.092
2022-09-05 18:00:00,0.371
2022-09-05 19:00:00,0.0
2022-09-05 20:00:00,0.0
2022-09-05 21:00:00,0.0
2022-09-05 22:00:00,0.0
2022-09-05 23:00:00,0.0
2022-09-06 00:00:00,0.0
2022-09-06 01:00:00,0.0
2022-09-06 02:00:00,0.0
2022-09-06 03:00:00,0.0
2022-09-06 04:00:00,0.0
2022-09-06 05:00:00,0.0
2022-09-06 06:00:00,0.378
2022-09-06 07:00:00,5.762
2022-09-06 08:00:00,13.592
2022-09-06 09:00:00,21.05
2022-09-06 10:00:00,25.269
2022-09-06 11:00:00,26.342
2022-09-06 12:00:00,27.782
2022-09-06 13:00:00,26.291
2022-09-06 14:00:00,22.563
2022-09-06 15:00:00,17.962
2022-09-06 16:00:00,12.043
2022-09-06 17:00:00,4.83
2022-09-06 18:00:00,0.315
2022-09-06 19:00:00,0.0
2022-09-06 20:00:00,0.0
2022-09-06 21:00:00,0.0
2022-09-06 22:00:00,0.0
2022-09-06 23:00:00,0.0
2022-09-07 00:00:00,0.0
2022-09-07 01:00:00,0.0
2022-09-07 02:00:00,0.0
2022-09-07 03:00:00,0.0
2022-09-07 04:00:00,0.0
2022-09-07 05:00:00,0.0
2022-09-07 06:00:00,0.309
2022-09-07 07:00:00,5.042
2022-09-07 08:00:00,11.822
2022-09-07 09:00:00,17.245
2022-09-07 10:00:00,20.052
2022-09-07 11:00:00,20.024
2022-09-07 12:00:00,19.177
2022-09-07 13:00:00,18.203
2022-09-07 14:00:00,15.066
2022-09-07 15:00:00,10.641
2022-09-07 16:00:00,6.25
2022-09-07 17:00:00,2.363
2022-09-07 18:00:00,0.105
2022-09-07 19:00:00,0.0
2022-09-07 20:00:00,0.0
2022-09-07 21:00:00,0.0
2022-09-07 22:00:00,0.0
2022-09-07 23:00:00,0.0
2022-09-08 00:00:00,0.0
2022-09-08 01:00:00,0.0
2022-09-08 02:00:00,0.0
2022-09-08 03:00:00,0.0
2022-09-08 04:00:00,0.0
2022-09-08 05:00:00,0.0
2022-09-08 06:00:00,0.266
2022-09-08 07:00:00,4.606
2022-09-08 08:00:00,10.876
2022-09-08 09:00:00,16.535
2022-09-08 10:00:00,21.363
2022-09-08 11:00:00,25.559
2022-09-08 12:00:00,27.106
2022-09-08 13:00:00,27.591
2022-09-08 14:00:00,25.066
2022-09-08 15:00:00,21.176
2022-09-08 16:00:00,14.112
2022-09-08 17:00:00,5.905
2022-09-08 18:00:00,0.313
2022-09-08 19:00:00,0.0
2022-09-08 20:00:00,0.0
2022-09-08 21:00:00,0.0
2022-09-08 22:00:00,0.0
2022-09-08 23:00:00,0.0
2022-09-09 00:00:00,0.0
2022-09-09 01:00:00,0.0
2022-09-09 02:00:00,0.0
2022-09-09 03:00:00,0.0
2022-09-09 04:00:00,0.0
2022-09-09 05:00:00,0.0
2022-09-09 06:00:00,0.359
2022-09-09 07:00:00,6.699
2022-09-09 08:00:00,15.805
2022-09-09 09:00:00,23.952
2022-09-09 10:00:00,29.958
2022-09-09 11:00:00,34.276
2022-09-09 12:00:00,35.302
2022-09-09 13:00:00,34.037
2022-09-09 14:00:00,30.637
2022-09-09 15:00:00,24.514
2022-09-09 16:00:00,16.121
2022-09-09 17:00:00,6.639
2022-09-09 18:00:00,0.355
2022-09-09 19:00:00,0.0
2022-09-09 20:00:00,0.0
2022-09-09 21:00:00,0.0
2022-09-09 22:00:00,0.0
2022-09-09 23:00:00,0.0
2022-09-10 00:00:00,0.0
2022-09-10 01:00:00,0.0
2022-09-10 02:00:00,0.0
2022-09-10 03:00:00,0.0
2022-09-10 04:00:00,0.0
2022-09-10 05:00:00,0.0
2022-09-10 06:00:00,0.379
2022-09-10 07:00:00,7.228
2022-09-10 08:00:00,16.533
2022-09-10 09:00:00,24.184
2022-09-10 10:00:00,29.342
2022-09-10 11:00:00,32.272
2022-09-10 12:00:00,32.531
2022-09-10 13:00:00,28.959
2022-09-10 14:00:00,23.968
2022-09-10 15:00:00,16.778
2022-09-10 16:00:00,9.995
2022-09-10 17:00:00,4.0
2022-09-10 18:00:00,0.199
2022-09-10 19:00:00,0.0
2022-09-10 20:00:00,0.0
2022-09-10 21:00:00,0.0
2022-09-10 22:00:00,0.0
2022-09-10 23:00:00,0.0
2022-09-11 00:00:00,0.0
2022-09-11 01:00:00,0.0
2022-09-11 02:00:00,0.0
2022-09-11 03:00:00,0.0
2022-09-11 04:00:00,0.0
2022-09-11 05:00:00,0.0
2022-09-11 06:00:00,0.301
2022-09-11 07:00:00,5.936
2022-09-11 08:00:00,14.449
2022-09-11 09:00:00,22.19
2022-09-11 10:00:00,27.111
2022-09-11 11:00:00,28.871
2022-09-11 12:00:00,28.989
2022-09-11 13:00:00,28.458
2022-09-11 14:00:00,26.306
2022-09-11 15:00:00,20.081
2022-09-11 16:00:00,11.311
2022-09-11 17:00:00,3.344
2022-09-11 18:00:00,0.088
2022-09-11 19:00:00,0.0
2022-09-11 20:00:00,0.0
2022-09-11 21:00:00,0.0
2022-09-11 22:00:00,0.0
2022-09-11 23:00:00,0.0
2022-09-12 00:00:00,0.0
2022-09-12 01:00:00,0.0
2022-09-12 02:00:00,0.0
2022-09-12 03:00:00,0.0
2022-09-12 04:00:00,0.0
2022-09-12 05:00:00,0.0
2022-09-12 06:00:00,0.147
2022-09-12 07:00:00,4.218
2022-09-12 08:00:00,12.967
2022-09-12 09:00:00,21.883
2022-09-12 10:00:00,28.062
2022-09-12 11:00:00,31.821
2022-09-12 12:00:00,33.119
2022-09-12 13:00:00,30.984
2022-09-12 14:00:00,26.263
2022-09-12 15:00:00,19.65
2022-09-12 16:00:00,12.614
2022-09-12 17:00:00,5.935
2022-09-12 18:00:00,0.311
2022-09-12 19:00:00,0.0
2022-09-12 20:00:00,0.0
2022-09-12 21:00:00,0.0
2022-09-12 22:00:00,0.0
2022-09-12 23:00:00,0.0
2022-09-13 00:00:00,0.0
2022-09-13 01:00:00,0.0
2022-09-13 02:00:00,0.0
2022-09-13 03:00:00,0.0
2022-09-13 04:00:00,0.0
2022-09-13 05:00:00,0.0
2022-09-13 06:00:00,0.336
2022-09-13 07:00:00,7.074
2022-09-13 08:00:00,16.658
2022-09-13 09:00:00,24.538
2022-09-13 10:00:00,27.968
2022-09-13 11:00:00,30.099
2022-09-13 12:00:00,30.93
2022-09-13 13:00:00,30.645
2022-09-13 14:00:00,28.696
2022-09-13 15:00:00,23.505
2022-09-13 16:00:00,15.649
2022-09-13 17:00:00,6.539
2022-09-13 18:00:00,0.282
2022-09-13 19:00:00,0.0
2022-09-13 20:00:00,0.0
2022-09-13 21:00:00,0.0
2022-09-13 22:00:00,0.0
2022-09-13 23:00:00,0.0
2022-09-14 00:00:00,0.0
2022-09-14 01:00:00,0.0
2022-09-14 02:00:00,0.0
2022-09-14 03:00:00,0.0
2022-09-14 04:00:00,0.0
2022-09-14 05:00:00,0.0
2022-09-14 06:00:00,0.294
2022-09-14 07:00:00,6.349
2022-09-14 08:00:00,16.016
2022-09-14 09:00:00,24.155
2022-09-14 10:00:00,29.825
2022-09-14 11:00:00,32.693
2022-09-14 12:00:00,33.183
2022-09-14 13:00:00,31.789
2022-09-14 14:00:00,28.673
2022-09-14 15:00:00,23.196
2022-09-14 16:00:00,15.252
2022-09-14 17:00:00,6.28
2022-09-14 18:00:00,0.259
2022-09-14 19:00:00,0.0
2022-09-14 20:00:00,0.0
2022-09-14 21:00:00,0.0
2022-09-14 22:00:00,0.0
2022-09-14 23:00:00,0.0
2022-09-15 00:00:00,0.0
2022-09-15 01:00:00,0.0
2022-09-15 02:00:00,0.0
2022-09-15 03:00:00,0.0
2022-09-15 04:00:00,0.0
2022-09-15 05:00:00,0.0
2022-09-15 06:00:00,0.275
2022-09-15 07:00:00,5.859
2022-09-15 08:00:00,15.495
2022-09-15 09:00:00,24.294
2022-09-15 10:00:00,30.259
2022-09-15 11:00:00,33.605
2022-09-15 12:00:00,34.621
2022-09-15 13:00:00,33.305
2022-09-15 14:00:00,29.434
2022-09-15 15:00:00,23.246
2022-09-15 16:00:00,14.83
2022-09-15 17:00:00,5.963
2022-09-15 18:00:00,0.224
2022-09-15 19:00:00,0.0
2022-09-15 20:00:00,0.0
2022-09-15 21:00:00,0.0
2022-09-15 22:00:00,0.0
2022-09-15 23:00:00,0.0
2022-09-16 00:00:00,0.0
2022-09-16 01:00:00,0.0
2022-09-16 02:00:00,0.0
2022-09-16 03:00:00,0.0
2022-09-16 04:00:00,0.0
2022-09-16 05:00:00,0.0
2022-09-16 06:00:00,0.227
2022-09-16 07:00:00,5.955
2022-09-16 08:00:00,14.702
2022-09-16 09:00:00,22.312
2022-09-16 10:00:00,28.436
2022-09-16 11:00:00,32.223
2022-09-16 12:00:00,33.319
2022-09-16 13:00:00,31.952
2022-09-16 14:00:00,28.298
2022-09-16 15:00:00,21.907
2022-09-16 16:00:00,14.36
2022-09-16 17:00:00,5.702
2022-09-16 18:00:00,0.195
2022-09-16 19:00:00,0.0
2022-09-16 20:00:00,0.0
2022-09-16 21:00:00,0.0
2022-09-16 22:00:00,0.0
2022-09-16 23:00:00,0.0
2022-09-17 00:00:00,0.0
2022-09-17 01:00:00,0.0
2022-09-17 02:00:00,0.0
2022-09-17 03:00:00,0.0
2022-09-17 04:00:00,0.0
2022-09-17 05:00:00,0.0
2022-09-17 06:00:00,0.184
2022-09-17 07:00:00,5.668
2022-09-17 08:00:00,15.413
2022-09-17 09:00:00,23.641
2022-09-17 10:00:00,29.594
2022-09-17 11:00:00,32.601
2022-09-17 12:00:00,33.791
2022-09-17 13:00:00,32.537
2022-09-17 14:00:00,29.153
2022-09-17 15:00:00,23.081
2022-09-17 16:00:00,14.707
2022-09-17 17:00:00,5.673
2022-09-17 18:00:00,0.19
2022-09-17 19:00:00,0.0
2022-09-17 20:00:00,0.0
2022-09-17 21:00:00,0.0
2022-09-17 22:00:00,0.0
2022-09-17 23:00:00,0.0
2022-09-18 00:00:00,0.0
2022-09-18 01:00:00,0.0
2022-09-18 02:00:00,0.0
2022-09-18 03:00:00,0.0
2022-09-18 04:00:00,0.0
2022-09-18 05:00:00,0.0
2022-09-18 06:00:00,0.161
2022-09-18 07:00:00,4.989
2022-09-18 08:00:00,12.822
2022-09-18 09:00:00,21.962
2022-09-18 10:00:00,28.943
2022-09-18 11:00:00,32.495
2022-09-18 12:00:00,33.242
2022-09-18 13:00:00,31.934
2022-09-18 14:00:00,28.079
2022-09-18 15:00:00,22.083
2022-09-18 16:00:00,13.885
2022-09-18 17:00:00,5.197
2022-09-18 18:00:00,0.156
2022-09-18 19:00:00,0.0
2022-09-18 20:00:00,0.0
2022-09-18 21:00:00,0.0
2022-09-18 22:00:00,0.0
2022-09-18 23:00:00,0.0
2022-09-19 00:00:00,0.0
2022-09-19 01:00:00,0.0
2022-09-19 02:00:00,0.0
2022-09-19 03:00:00,0.0
2022-09-19 04:00:00,0.0
2022-09-19 05:00:00,0.0
2022-09-19 06:00:00,0.122
2022-09-19 07:00:00,4.558
2022-09-19 08:00:00,12.06
2022-09-19 09:00:00,19.216
2022-09-19 10:00:00,24.958
2022-09-19 11:00:00,28.804
2022-09-19 12:00:00,29.662
2022-09-19 13:00:00,29.061
2022-09-19 14:00:00,26.674
2022-09-19 15:00:00,20.664
2022-09-19 16:00:00,12.638
2022-09-19 17:00:00,4.589
2022-09-19 18:00:00,0.113
2022-09-19 19:00:00,0.0
2022-09-19 20:00:00,0.0
2022-09-19 21:00:00,0.0
2022-09-19 22:00:00,0.0
2022-09-19 23:00:00,0.0
2022-09-20 00:00:00,0.0
2022-09-20 01:00:00,0.0
2022-09-20 02:00:00,0.0
2022-09-20 03:00:00,0.0
2022-09-20 04:00:00,0.0
2022-09-20 05:00:00,0.0
2022-09-20 06:00:00,0.207
2022-09-20 07:00:00,6.456
2022-09-20 08:00:00,15.966
2022-09-20 09:00:00,24.117
2022-09-20 10:00:00,29.872
2022-09-20 11:00:00,32.177
2022-09-20 12:00:00,33.237
2022-09-20 13:00:00,31.78
2022-09-20 14:00:00,28.158
2022-09-20 15:00:00,21.68
2022-09-20 16:00:00,13.269
2022-09-20 17:00:00,5.03
2022-09-20 18:00:00,0.126
2022-09-20 19:00:00,0.0
2022-09-20 20:00:00,0.0
2022-09-20 21:00:00,0.0
2022-09-20 22:00:00,0.0
2022-09-20 23:00:00,0.0
2022-09-21 00:00:00,0.0
2022-09-21 01:00:00,0.0
2022-09-21 02:00:00,0.0
2022-09-21 03:00:00,0.0
2022-09-21 04:00:00,0.0
2022-09-21 05:00:00,0.0
2022-09-21 06:00:00,0.029
2022-09-21 07:00:00,3.345
2022-09-21 08:00:00,10.457
2022-09-21 09:00:00,17.839
2022-09-21 10:00:00,23.746
2022-09-21 11:00:00,28.333
2022-09-21 12:00:00,30.584
2022-09-21 13:00:00,29.831
2022-09-21 14:00:00,26.534
2022-09-21 15:00:00,20.94
2022-09-21 16:00:00,13.08
2022-09-21 17:00:00,4.963
2022-09-21 18:00:00,0.107
2022-09-21 19:00:00,0.0
2022-09-21 20:00:00,0.0
2022-09-21 21:00:00,0.0
2022-09-21 22:00:00,0.0
2022-09-21 23:00:00,0.0
2022-09-22 00:00:00,0.0
2022-09-22 01:00:00,0.0
2022-09-22 02:00:00,0.0
2022-09-22 03:00:00,0.0
2022-09-22 04:00:00,0.0
2022-09-22 05:00:00,0.0
2022-09-22 06:00:00,0.152
2022-09-22 07:00:00,5.957
2022-09-22 08:00:00,15.409
2022-09-22 09:00:00,23.668
2022-09-22 10:00:00,28.918
2022-09-22 11:00:00,32.614
2022-09-22 12:00:00,33.345
2022-09-22 13:00:00,30.862
2022-09-22 14:00:00,27.135
2022-09-22 15:00:00,20.243
2022-09-22 16:00:00,11.64
2022-09-22 17:00:00,4.043
2022-09-22 18:00:00,0.066
2022-09-22 19:00:00,0.0
2022-09-22 20:00:00,0.0
2022-09-22 21:00:00,0.0
2022-09-22 22:00:00,0.0
2022-09-22 23:00:00,0.0
2022-09-23 00:00:00,0.0
2022-09-23 01:00:00,0.0
2022-09-23 02:00:00,0.0
2022-09-23 03:00:00,0.0
2022-09-23 04:00:00,0.0
2022-09-23 05:00:00,0.0
2022-09-23 06:00:00,0.128
2022-09-23 07:00:00,5.418
2022-09-23 08:00:00,14.273
2022-09-23 09:00:00,22.314
2022-09-23 10:00:00,28.178
2022-09-23 11:00:00,31.549
2022-09-23 12:00:00,32.436
2022-09-23 13:00:00,30.204
2022-09-23 14:00:00,27.256
2022-09-23 15:00:00,20.643
2022-09-23 16:00:00,11.5
2022-09-23 17:00:00,3.975
2022-09-23 18:00:00,0.062
2022-09-23 19:00:00,0.0
2022-09-23 20:00:00,0.0
2022-09-23 21:00:00,0.0
2022-09-23 22:00:00,0.0
2022-09-23 23:00:00,0.0
2022-09-24 00:00:00,0.0
2022-09-24 01:00:00,0.0
2022-09-24 02:00:00,0.0
2022-09-24 03:00:00,0.0
2022-09-24 04:00:00,0.0
2022-09-24 05:00:00,0.0
2022-09-24 06:00:00,0.117
2022-09-24 07:00:00,5.585
2022-09-24 08:00:00,14.976
2022-09-24 09:00:00,23.256
2022-09-24 10:00:00,29.466
2022-09-24 11:00:00,31.591
2022-09-24 12:00:00,33.388
2022-09-24 13:00:00,31.798
2022-09-24 14:00:00,28.739
2022-09-24 15:00:00,21.672
2022-09-24 16:00:00,12.772
2022-09-24 17:00:00,4.279
2022-09-24 18:00:00,0.064
2022-09-24 19:00:00,0.0
2022-09-24 20:00:00,0.0
2022-09-24 21:00:00,0.0
2022-09-24 22:00:00,0.0
2022-09-24 23:00:00,0.0
2022-09-25 00:00:00,0.0
2022-09-25 01:00:00,0.0
2022-09-25 02:00:00,0.0
2022-09-25 03:00:00,0.0
2022-09-25 04:00:00,0.0
2022-09-25 05:00:00,0.0
2022-09-25 06:00:00,0.102
2022-09-25 07:00:00,5.298
2022-09-25 08:00:00,13.781
2022-09-25 09:00:00,20.756
2022-09-25 10:00:00,25.05
2022-09-25 11:00:00,29.312
2022-09-25 12:00:00,30.247
2022-09-25 13:00:00,27.291
2022-09-25 14:00:00,25.507
2022-09-25 15:00:00,19.372
2022-09-25 16:00:00,13.255
2022-09-25 17:00:00,4.781
2022-09-25 18:00:00,0.062
2022-09-25 19:00:00,0.0
2022-09-25 20:00:00,0.0
2022-09-25 21:00:00,0.0
2022-09-25 22:00:00,0.0
2022-09-25 23:00:00,0.0
2022-09-26 00:00:00,0.0
2022-09-26 01:00:00,0.0
2022-09-26 02:00:00,0.0
2022-09-26 03:00:00,0.0
2022-09-26 04:00:00,0.0
2022-09-26 05:00:00,0.0
2022-09-26 06:00:00,0.127
2022-09-26 07:00:00,6.287
2022-09-26 08:00:00,16.255
2022-09-26 09:00:00,24.749
2022-09-26 10:00:00,30.76
2022-09-26 11:00:00,33.761
2022-09-26 12:00:00,34.732
2022-09-26 13:00:00,32.884
2022-09-26 14:00:00,28.851
2022-09-26 15:00:00,23.633
2022-09-26 16:00:00,14.667
2022-09-26 17:00:00,5.318
2022-09-26 18:00:00,0.073
2022-09-26 19:00:00,0.0
2022-09-26 20:00:00,0.0
2022-09-26 21:00:00,0.0
2022-09-26 22:00:00,0.0
2022-09-26 23:00:00,0.0
2022-09-27 00:00:00,0.0
2022-09-27 01:00:00,0.0
2022-09-27 02:00:00,0.0
2022-09-27 03:00:00,0.0
2022-09-27 04:00:00,0.0
2022-09-27 05:00:00,0.0
2022-09-27 06:00:00,0.112
2022-09-27 07:00:00,6.035
2022-09-27 08:00:00,14.402
2022-09-27 09:00:00,19.297
2022-09-27 10:00:00,22.179
2022-09-27 11:00:00,25.045
2022-09-27 12:00:00,28.51
2022-09-27 13:00:00,27.809
2022-09-27 14:00:00,27.93
2022-09-27 15:00:00,21.622
2022-09-27 16:00:00,13.395
2022-09-27 17:00:00,4.983
2022-09-27 18:00:00,0.068
2022-09-27 19:00:00,0.0
2022-09-27 20:00:00,0.0
2022-09-27 21:00:00,0.0
2022-09-27 22:00:00,0.0
2022-09-27 23:00:00,0.0
2022-09-28 00:00:00,0.0
2022-09-28 01:00:00,0.0
2022-09-28 02:00:00,0.0
2022-09-28 03:00:00,0.0
2022-09-28 04:00:00,0.0
2022-09-28 05:00:00,0.0
2022-09-28 06:00:00,0.08
2022-09-28 07:00:00,5.219
2022-09-28 08:00:00,13.967
2022-09-28 09:00:00,21.624
2022-09-28 10:00:00,27.556
2022-09-28 11:00:00,31.202
2022-09-28 12:00:00,31.036
2022-09-28 13:00:00,28.094
2022-09-28 14:00:00,23.154
2022-09-28 15:00:00,17.235
2022-09-28 16:00:00,10.97
2022-09-28 17:00:00,3.78
2022-09-28 18:00:00,0.01
2022-09-28 19:00:00,0.0
2022-09-28 20:00:00,0.0
2022-09-28 21:00:00,0.0
2022-09-28 22:00:00,0.0
2022-09-28 23:00:00,0.0
2022-09-29 00:00:00,0.0
2022-09-29 01:00:00,0.0
2022-09-29 02:00:00,0.0
2022-09-29 03:00:00,0.0
2022-09-29 04:00:00,0.0
2022-09-29 05:00:00,0.0
2022-09-29 06:00:00,0.0
2022-09-29 07:00:00,3.047
2022-09-29 08:00:00,9.658
2022-09-29 09:00:00,14.176
2022-09-29 10:00:00,15.921
2022-09-29 11:00:00,15.612
2022-09-29 12:00:00,14.08
2022-09-29 13:00:00,11.655
2022-09-29 14:00:00,9.738
2022-09-29 15:00:00,6.611
2022-09-29 16:00:00,3.876
2022-09-29 17:00:00,1.356
2022-09-29 18:00:00,0.0
2022-09-29 19:00:00,0.0
2022-09-29 20:00:00,0.0
2022-09-29 21:00:00,0.0
2022-09-29 22:00:00,0.0
2022-09-29 23:00:00,0.0
2022-09-30 00:00:00,0.0
2022-09-30 01:00:00,0.0
2022-09-30 02:00:00,0.0
2022-09-30 03:00:00,0.0
2022-09-30 04:00:00,0.0
2022-09-30 05:00:00,0.0
2022-09-30 06:00:00,0.0
2022-09-30 07:00:00,1.597
2022-09-30 08:00:00,4.977
2022-09-30 09:00:00,8.794
2022-09-30 10:00:00,11.547
2022-09-30 11:00:00,14.04
2022-09-30 12:00:00,14.182
2022-09-30 13:00:00,13.398
2022-09-30 14:00:00,11.544
2022-09-30 15:00:00,8.882
2022-09-30 16:00:00,5.886
2022-09-30 17:00:00,2.168
2022-09-30 18:00:00,0.0
2022-09-30 19:00:00,0.0
2022-09-30 20:00:00,0.0
2022-09-30 21:00:00,0.0
2022-09-30 22:00:00,0.0
2022-09-30 23:00:00,0.0
2022-10-01 00:00:00,0.0
2022-10-01 01:00:00,0.0
2022-10-01 02:00:00,0.0
2022-10-01 03:00:00,0.0
2022-10-01 04:00:00,0.0
2022-10-01 05:00:00,0.0
2022-10-01 06:00:00,0.0
2022-10-01 07:00:00,1.975
2022-10-01 08:00:00,6.899
2022-10-01 09:00:00,12.553
2022-10-01 10:00:00,16.943
2022-10-01 11:00:00,20.186
2022-10-01 12:00:00,22.003
2022-10-01 13:00:00,22.196
2022-10-01 14:00:00,20.27
2022-10-01 15:00:00,14.138
2022-10-01 16:00:00,8.943
2022-10-01 17:00:00,3.303
2022-10-01 18:00:00,0.003
2022-10-01 19:00:00,0.0
2022-10-01 20:00:00,0.0
2022-10-01 21:00:00,0.0
2022-10-01 22:00:00,0.0
2022-10-01 23:00:00,0.0
2022-10-02 00:00:00,0.0
2022-10-02 01:00:00,0.0
2022-10-02 02:00:00,0.0
2022-10-02 03:00:00,0.0
2022-10-02 04:00:00,0.0
2022-10-02 05:00:00,0.0
2022-10-02 06:00:00,0.0
2022-10-02 07:00:00,2.869
2022-10-02 08:00:00,9.484
2022-10-02 09:00:00,18.61
2022-10-02 10:00:00,25.946
2022-10-02 11:00:00,29.194
2022-10-02 12:00:00,32.926
2022-10-02 13:00:00,32.089
2022-10-02 14:00:00,27.789
2022-10-02 15:00:00,21.076
2022-10-02 16:00:00,13.347
2022-10-02 17:00:00,5.042
2022-10-02 18:00:00,0.035
2022-10-02 19:00:00,0.0
2022-10-02 20:00:00,0.0
2022-10-02 21:00:00,0.0
2022-10-02 22:00:00,0.0
2022-10-02 23:00:00,0.0
2022-10-03 00:00:00,0.0
2022-10-03 01:00:00,0.0
2022-10-03 02:00:00,0.0
2022-10-03 03:00:00,0.0
2022-10-03 04:00:00,0.0
2022-10-03 05:00:00,0.0
2022-10-03 06:00:00,0.005
2022-10-03 07:00:00,3.961
2022-10-03 08:00:00,11.349
2022-10-03 09:00:00,17.418
2022-10-03 10:00:00,23.159
2022-10-03 11:00:00,27.258
2022-10-03 12:00:00,29.614
2022-10-03 13:00:00,28.825
2022-10-03 14:00:00,23.96
2022-10-03 15:00:00,17.634
2022-10-03 16:00:00,10.492
2022-10-03 17:00:00,3.499
2022-10-03 18:00:00,0.0
2022-10-03 19:00:00,0.0
2022-10-03 20:00:00,0.0
2022-10-03 21:00:00,0.0
2022-10-03 22:00:00,0.0
2022-10-03 23:00:00,0.0
2022-10-04 00:00:00,0.0
2022-10-04 01:00:00,0.0
2022-10-04 02:00:00,0.0
2022-10-04 03:00:00,0.0
2022-10-04 04:00:00,0.0
2022-10-04 05:00:00,0.0
2022-10-04 06:00:00,0.059
2022-10-04 07:00:00,6.146
2022-10-04 08:00:00,16.464
2022-10-04 09:00:00,25.2
2022-10-04 10:00:00,31.511
2022-10-04 11:00:00,35.36
2022-10-04 12:00:00,36.41
2022-10-04 13:00:00,35.071
2022-10-04 14:00:00,31.455
2022-10-04 15:00:00,25.068
2022-10-04 16:00:00,16.347
2022-10-04 17:00:00,5.881
2022-10-04 18:00:00,0.025
2022-10-04 19:00:00,0.0
2022-10-04 20:00:00,0.0
2022-10-04 21:00:00,0.0
2022-10-04 22:00:00,0.0
2022-10-04 23:00:00,0.0
2022-10-05 00:00:00,0.0
2022-10-05 01:00:00,0.0
2022-10-05 02:00:00,0.0
2022-10-05 03:00:00,0.0
2022-10-05 04:00:00,0.0
2022-10-05 05:00:00,0.0
2022-10-05 06:00:00,0.022
2022-10-05 07:00:00,5.086
2022-10-05 08:00:00,12.655
2022-10-05 09:00:00,20.088
2022-10-05 10:00:00,27.736
2022-10-05 11:00:00,32.804
2022-10-05 12:00:00,32.204
2022-10-05 13:00:00,30.897
2022-10-05 14:00:00,27.809
2022-10-05 15:00:00,21.98
2022-10-05 16:00:00,12.723
2022-10-05 17:00:00,4.416
2022-10-05 18:00:00,0.003
2022-10-05 19:00:00,0.0
2022-10-05 20:00:00,0.0
2022-10-05 21:00:00,0.0
2022-10-05 22:00:00,0.0
2022-10-05 23:00:00,0.0
2022-10-06 00:00:00,0.0
2022-10-06 01:00:00,0.0
2022-10-06 02:00:00,0.0
2022-10-06 03:00:00,0.0
2022-10-06 04:00:00,0.0
2022-10-06 05:00:00,0.0
2022-10-06 06:00:00,0.013
2022-10-06 07:00:00,5.551
2022-10-06 08:00:00,15.751
2022-10-06 09:00:00,24.361
2022-10-06 10:00:00,30.947
2022-10-06 11:00:00,34.633
2022-10-06 12:00:00,35.697
2022-10-06 13:00:00,34.429
2022-10-06 14:00:00,30.991
2022-10-06 15:00:00,24.764
2022-10-06 16:00:00,16.09
2022-10-06 17:00:00,5.685
2022-10-06 18:00:00,0.004
2022-10-06 19:00:00,0.0
2022-10-06 20:00:00,0.0
2022-10-06 21:00:00,0.0
2022-10-06 22:00:00,0.0
2022-10-06 23:00:00,0.0
2022-10-07 00:00:00,0.0
2022-10-07 01:00:00,0.0
2022-10-07 02:00:00,0.0
2022-10-07 03:00:00,0.0
2022-10-07 04:00:00,0.0
2022-10-07 05:00:00,0.0
2022-10-07 06:00:00,0.0
2022-10-07 07:00:00,4.631
2022-10-07 08:00:00,13.821
2022-10-07 09:00:00,23.342
2022-10-07 10:00:00,30.151
2022-10-07 11:00:00,35.06
2022-10-07 12:00:00,36.131
2022-10-07 13:00:00,34.062
2022-10-07 14:00:00,28.94
2022-10-07 15:00:00,21.204
2022-10-07 16:00:00,13.535
2022-10-07 17:00:00,4.731
2022-10-07 18:00:00,0.0
2022-10-07 19:00:00,0.0
2022-10-07 20:00:00,0.0
2022-10-07 21:00:00,0.0
2022-10-07 22:00:00,0.0
2022-10-07 23:00:00,0.0
2022-10-08 00:00:00,0.0
2022-10-08 01:00:00,0.0
2022-10-08 02:00:00,0.0
2022-10-08 03:00:00,0.0
2022-10-08 04:00:00,0.0
2022-10-08 05:00:00,0.0
2022-10-08 06:00:00,0.0
2022-10-08 07:00:00,5.172
2022-10-08 08:00:00,15.223
2022-10-08 09:00:00,23.923
2022-10-08 10:00:00,30.135
2022-10-08 11:00:00,34.349
2022-10-08 12:00:00,34.73
2022-10-08 13:00:00,33.595
2022-10-08 14:00:00,30.157
2022-10-08 15:00:00,24.053
2022-10-08 16:00:00,13.383
2022-10-08 17:00:00,4.161
2022-10-08 18:00:00,0.0
2022-10-08 19:00:00,0.0
2022-10-08 20:00:00,0.0
2022-10-08 21:00:00,0.0
2022-10-08 22:00:00,0.0
2022-10-08 23:00:00,0.0
2022-10-09 00:00:00,0.0
2022-10-09 01:00:00,0.0
2022-10-09 02:00:00,0.0
2022-10-09 03:00:00,0.0
2022-10-09 04:00:00,0.0
2022-10-09 05:00:00,0.0
2022-10-09 06:00:00,0.0
2022-10-09 07:00:00,5.612
2022-10-09 08:00:00,16.086
2022-10-09 09:00:00,25.065
2022-10-09 10:00:00,31.334
2022-10-09 11:00:00,35.049
2022-10-09 12:00:00,36.119
2022-10-09 13:00:00,34.801
2022-10-09 14:00:00,30.933
2022-10-09 15:00:00,24.628
2022-10-09 16:00:00,15.838
2022-10-09 17:00:00,5.728
2022-10-09 18:00:00,0.0
2022-10-09 19:00:00,0.0
2022-10-09 20:00:00,0.0
2022-10-09 21:00:00,0.0
2022-10-09 22:00:00,0.0
2022-10-09 23:00:00,0.0
2022-10-10 00:00:00,0.0
2022-10-10 01:00:00,0.0
2022-10-10 02:00:00,0.0
2022-10-10 03:00:00,0.0
2022-10-10 04:00:00,0.0
2022-10-10 05:00:00,0.0
2022-10-10 06:00:00,0.0
2022-10-10 07:00:00,6.078
2022-10-10 08:00:00,17.341
2022-10-10 09:00:00,26.78
2022-10-10 10:00:00,33.3
2022-10-10 11:00:00,37.038
2022-10-10 12:00:00,38.148
2022-10-10 13:00:00,36.812
2022-10-10 14:00:00,32.963
2022-10-10 15:00:00,26.537
2022-10-10 16:00:00,17.528
2022-10-10 17:00:00,6.759
2022-10-10 18:00:00,0.0
2022-10-10 19:00:00,0.0
2022-10-10 20:00:00,0.0
2022-10-10 21:00:00,0.0
2022-10-10 22:00:00,0.0
2022-10-10 23:00:00,0.0
2022-10-11 00:00:00,0.0
2022-10-11 01:00:00,0.0
2022-10-11 02:00:00,0.0
2022-10-11 03:00:00,0.0
2022-10-11 04:00:00,0.0
2022-10-11 05:00:00,0.0
2022-10-11 06:00:00,0.0
2022-10-11 07:00:00,6.885
2022-10-11 08:00:00,18.33
2022-10-11 09:00:00,27.524
2022-10-11 10:00:00,33.727
2022-10-11 11:00:00,37.179
2022-10-11 12:00:00,38.115
2022-10-11 13:00:00,36.628
2022-10-11 14:00:00,32.683
2022-10-11 15:00:00,26.191
2022-10-11 16:00:00,17.085
2022-10-11 17:00:00,6.429
2022-10-11 18:00:00,0.0
2022-10-11 19:00:00,0.0
2022-10-11 20:00:00,0.0
2022-10-11 21:00:00,0.0
2022-10-11 22:00:00,0.0
2022-10-11 23:00:00,0.0
2022-10-12 00:00:00,0.0
2022-10-12 01:00:00,0.0
2022-10-12 02:00:00,0.0
2022-10-12 03:00:00,0.0
2022-10-12 04:00:00,0.0
2022-10-12 05:00:00,0.0
2022-10-12 06:00:00,0.0
2022-10-12 07:00:00,6.294
2022-10-12 08:00:00,17.612
2022-10-12 09:00:00,26.93
2022-10-12 10:00:00,33.317
2022-10-12 11:00:00,36.955
2022-10-12 12:00:00,38.061
2022-10-12 13:00:00,36.741
2022-10-12 14:00:00,32.866
2022-10-12 15:00:00,26.464
2022-10-12 16:00:00,17.479
2022-10-12 17:00:00,6.763
2022-10-12 18:00:00,0.0
2022-10-12 19:00:00,0.0
2022-10-12 20:00:00,0.0
2022-10-12 21:00:00,0.0
2022-10-12 22:00:00,0.0
2022-10-12 23:00:00,0.0
2022-10-13 00:00:00,0.0
2022-10-13 01:00:00,0.0
2022-10-13 02:00:00,0.0
2022-10-13 03:00:00,0.0
2022-10-13 04:00:00,0.0
2022-10-13 05:00:00,0.0
2022-10-13 06:00:00,0.0
2022-10-13 07:00:00,6.513
2022-10-13 08:00:00,17.901
2022-10-13 09:00:00,27.006
2022-10-13 10:00:00,33.092
2022-10-13 11:00:00,36.489
2022-10-13 12:00:00,37.408
2022-10-13 13:00:00,36.01
2022-10-13 14:00:00,32.146
2022-10-13 15:00:00,25.584
2022-10-13 16:00:00,16.772
2022-10-13 17:00:00,6.255
2022-10-13 18:00:00,0.0
2022-10-13 19:00:00,0.0
2022-10-13 20:00:00,0.0
2022-10-13 21:00:00,0.0
2022-10-13 22:00:00,0.0
2022-10-13 23:00:00,0.0
2022-10-14 00:00:00,0.0
2022-10-14 01:00:00,0.0
2022-10-14 02:00:00,0.0
2022-10-14 03:00:00,0.0
2022-10-14 04:00:00,0.0
2022-10-14 05:00:00,0.0
2022-10-14 06:00:00,0.0
2022-10-14 07:00:00,6.26
2022-10-14 08:00:00,17.476
2022-10-14 09:00:00,26.558
2022-10-14 10:00:00,32.765
2022-10-14 11:00:00,36.295
2022-10-14 12:00:00,37.335
2022-10-14 13:00:00,35.975
2022-10-14 14:00:00,32.194
2022-10-14 15:00:00,25.883
2022-10-14 16:00:00,17.052
2022-10-14 17:00:00,6.549
2022-10-14 18:00:00,0.0
2022-10-14 19:00:00,0.0
2022-10-14 20:00:00,0.0
2022-10-14 21:00:00,0.0
2022-10-14 22:00:00,0.0
2022-10-14 23:00:00,0.0
2022-10-15 00:00:00,0.0
2022-10-15 01:00:00,0.0
2022-10-15 02:00:00,0.0
2022-10-15 03:00:00,0.0
2022-10-15 04:00:00,0.0
2022-10-15 05:00:00,0.0
2022-10-15 06:00:00,0.0
2022-10-15 07:00:00,6.166
2022-10-15 08:00:00,17.498
2022-10-15 09:00:00,26.7
2022-10-15 10:00:00,32.988
2022-10-15 11:00:00,36.526
2022-10-15 12:00:00,37.507
2022-10-15 13:00:00,36.107
2022-10-15 14:00:00,32.31
2022-10-15 15:00:00,25.917
2022-10-15 16:00:00,16.968
2022-10-15 17:00:00,6.389
2022-10-15 18:00:00,0.0
2022-10-15 19:00:00,0.0
2022-10-15 20:00:00,0.0
2022-10-15 21:00:00,0.0
2022-10-15 22:00:00,0.0
2022-10-15 23:00:00,0.0
2022-10-16 00:00:00,0.0
2022-10-16 01:00:00,0.0
2022-10-16 02:00:00,0.0
2022-10-16 03:00:00,0.0
2022-10-16 04:00:00,0.0
2022-10-16 05:00:00,0.0
2022-10-16 06:00:00,0.0
2022-10-16 07:00:00,5.1
2022-10-16 08:00:00,15.833
2022-10-16 09:00:00,25.669
2022-10-16 10:00:00,32.297
2022-10-16 11:00:00,35.889
2022-10-16 12:00:00,36.79
2022-10-16 13:00:00,35.085
2022-10-16 14:00:00,29.24
2022-10-16 15:00:00,18.461
2022-10-16 16:00:00,7.068
2022-10-16 17:00:00,1.745
2022-10-16 18:00:00,0.0
2022-10-16 19:00:00,0.0
2022-10-16 20:00:00,0.0
2022-10-16 21:00:00,0.0
2022-10-16 22:00:00,0.0
2022-10-16 23:00:00,0.0
2022-10-17 00:00:00,0.0
2022-10-17 01:00:00,0.0
2022-10-17 02:00:00,0.0
2022-10-17 03:00:00,0.0
2022-10-17 04:00:00,0.0
2022-10-17 05:00:00,0.0
2022-10-17 06:00:00,0.0
2022-10-17 07:00:00,3.438
2022-10-17 08:00:00,12.993
2022-10-17 09:00:00,25.076
2022-10-17 10:00:00,32.373
2022-10-17 11:00:00,35.993
2022-10-17 12:00:00,37.179
2022-10-17 13:00:00,35.866
2022-10-17 14:00:00,32.125
2022-10-17 15:00:00,25.818
2022-10-17 16:00:00,16.855
2022-10-17 17:00:00,5.895
2022-10-17 18:00:00,0.0
2022-10-17 19:00:00,0.0
2022-10-17 20:00:00,0.0
2022-10-17 21:00:00,0.0
2022-10-17 22:00:00,0.0
2022-10-17 23:00:00,0.0
2022-10-18 00:00:00,0.0
2022-10-18 01:00:00,0.0
2022-10-18 02:00:00,0.0
2022-10-18 03:00:00,0.0
2022-10-18 04:00:00,0.0
2022-10-18 05:00:00,0.0
2022-10-18 06:00:00,0.0
2022-10-18 07:00:00,1.245
2022-10-18 08:00:00,5.177
2022-10-18 09:00:00,10.784
2022-10-18 10:00:00,15.893
2022-10-18 11:00:00,18.983
2022-10-18 12:00:00,20.649
2022-10-18 13:00:00,20.016
2022-10-18 14:00:00,17.046
2022-10-18 15:00:00,12.832
2022-10-18 16:00:00,8.03
2022-10-18 17:00:00,2.602
2022-10-18 18:00:00,0.0
2022-10-18 19:00:00,0.0
2022-10-18 20:00:00,0.0
2022-10-18 21:00:00,0.0
2022-10-18 22:00:00,0.0
2022-10-18 23:00:00,0.0
2022-10-19 00:00:00,0.0
2022-10-19 01:00:00,0.0
2022-10-19 02:00:00,0.0
2022-10-19 03:00:00,0.0
2022-10-19 04:00:00,0.0
2022-10-19 05:00:00,0.0
2022-10-19 06:00:00,0.0
2022-10-19 07:00:00,1.745
2022-10-19 08:00:00,7.821
2022-10-19 09:00:00,16.799
2022-10-19 10:00:00,26.126
2022-10-19 11:00:00,32.427
2022-10-19 12:00:00,33.714
2022-10-19 13:00:00,32.529
2022-10-19 14:00:00,29.184
2022-10-19 15:00:00,22.774
2022-10-19 16:00:00,13.612
2022-10-19 17:00:00,4.377
2022-10-19 18:00:00,0.0
2022-10-19 19:00:00,0.0
2022-10-19 20:00:00,0.0
2022-10-19 21:00:00,0.0
2022-10-19 22:00:00,0.0
2022-10-19 23:00:00,0.0
2022-10-20 00:00:00,0.0
2022-10-20 01:00:00,0.0
2022-10-20 02:00:00,0.0
2022-10-20 03:00:00,0.0
2022-10-20 04:00:00,0.0
2022-10-20 05:00:00,0.0
2022-10-20 06:00:00,0.0
2022-10-20 07:00:00,3.941
2022-10-20 08:00:00,14.435
2022-10-20 09:00:00,24.779
2022-10-20 10:00:00,31.883
2022-10-20 11:00:00,35.669
2022-10-20 12:00:00,36.691
2022-10-20 13:00:00,35.218
2022-10-20 14:00:00,31.388
2022-10-20 15:00:00,25.083
2022-10-20 16:00:00,15.965
2022-10-20 17:00:00,5.381
2022-10-20 18:00:00,0.0
2022-10-20 19:00:00,0.0
2022-10-20 20:00:00,0.0
2022-10-20 21:00:00,0.0
2022-10-20 22:00:00,0.0
2022-10-20 23:00:00,0.0
2022-10-21 00:00:00,0.0
2022-10-21 01:00:00,0.0
2022-10-21 02:00:00,0.0
2022-10-21 03:00:00,0.0
2022-10-21 04:00:00,0.0
2022-10-21 05:00:00,0.0
2022-10-21 06:00:00,0.0
2022-10-21 07:00:00,4.644
2022-10-21 08:00:00,15.527
2022-10-21 09:00:00,24.874
2022-10-21 10:00:00,31.422
2022-10-21 11:00:00,34.966
2022-10-21 12:00:00,35.977
2022-10-21 13:00:00,34.624
2022-10-21 14:00:00,30.992
2022-10-21 15:00:00,24.46
2022-10-21 16:00:00,15.348
2022-10-21 17:00:00,5.214
2022-10-21 18:00:00,0.0
2022-10-21 19:00:00,0.0
2022-10-21 20:00:00,0.0
2022-10-21 21:00:00,0.0
2022-10-21 22:00:00,0.0
2022-10-21 23:00:00,0.0
2022-10-22 00:00:00,0.0
2022-10-22 01:00:00,0.0
2022-10-22 02:00:00,0.0
2022-10-22 03:00:00,0.0
2022-10-22 04:00:00,0.0
2022-10-22 05:00:00,0.0
2022-10-22 06:00:00,0.0
2022-10-22 07:00:00,5.333
2022-10-22 08:00:00,16.727
2022-10-22 09:00:00,26.071
2022-10-22 10:00:00,32.412
2022-10-22 11:00:00,35.988
2022-10-22 12:00:00,36.884
2022-10-22 13:00:00,35.018
2022-10-22 14:00:00,30.491
2022-10-22 15:00:00,22.11
2022-10-22 16:00:00,12.742
2022-10-22 17:00:00,4.386
2022-10-22 18:00:00,0.0
2022-10-22 19:00:00,0.0
2022-10-22 20:00:00,0.0
2022-10-22 21:00:00,0.0
2022-10-22 22:00:00,0.0
2022-10-22 23:00:00,0.0
2022-10-23 00:00:00,0.0
2022-10-23 01:00:00,0.0
2022-10-23 02:00:00,0.0
2022-10-23 03:00:00,0.0
2022-10-23 04:00:00,0.0
2022-10-23 05:00:00,0.0
2022-10-23 06:00:00,0.0
2022-10-23 07:00:00,5.063
2022-10-23 08:00:00,16.076
2022-10-23 09:00:00,25.116
2022-10-23 10:00:00,31.365
2022-10-23 11:00:00,34.941
2022-10-23 12:00:00,36.069
2022-10-23 13:00:00,34.794
2022-10-23 14:00:00,31.012
2022-10-23 15:00:00,24.733
2022-10-23 16:00:00,15.851
2022-10-23 17:00:00,6.496
2022-10-23 18:00:00,0.0
2022-10-23 19:00:00,0.0
2022-10-23 20:00:00,0.0
2022-10-23 21:00:00,0.0
2022-10-23 22:00:00,0.0
2022-10-23 23:00:00,0.0
2022-10-24 00:00:00,0.0
2022-10-24 01:00:00,0.0
2022-10-24 02:00:00,0.0
2022-10-24 03:00:00,0.0
2022-10-24 04:00:00,0.0
2022-10-24 05:00:00,0.0
2022-10-24 06:00:00,0.0
2022-10-24 07:00:00,4.383
2022-10-24 08:00:00,14.999
2022-10-24 09:00:00,24.157
2022-10-24 10:00:00,30.497
2022-10-24 11:00:00,34.078
2022-10-24 12:00:00,35.142
2022-10-24 13:00:00,33.726
2022-10-24 14:00:00,29.808
2022-10-24 15:00:00,23.068
2022-10-24 16:00:00,13.642
2022-10-24 17:00:00,4.468
2022-10-24 18:00:00,0.0
2022-10-24 19:00:00,0.0
2022-10-24 20:00:00,0.0
2022-10-24 21:00:00,0.0
2022-10-24 22:00:00,0.0
2022-10-24 23:00:00,0.0
2022-10-25 00:00:00,0.0
2022-10-25 01:00:00,0.0
2022-10-25 02:00:00,0.0
2022-10-25 03:00:00,0.0
2022-10-25 04:00:00,0.0
2022-10-25 05:00:00,0.0
2022-10-25 06:00:00,0.0
2022-10-25 07:00:00,3.838
2022-10-25 08:00:00,14.226
2022-10-25 09:00:00,23.875
2022-10-25 10:00:00,30.665
2022-10-25 11:00:00,34.542
2022-10-25 12:00:00,35.773
2022-10-25 13:00:00,34.478
2022-10-25 14:00:00,30.452
2022-10-25 15:00:00,23.907
2022-10-25 16:00:00,14.731
2022-10-25 17:00:00,5.182
2022-10-25 18:00:00,0.0
2022-10-25 19:00:00,0.0
2022-10-25 20:00:00,0.0
2022-10-25 21:00:00,0.0
2022-10-25 22:00:00,0.0
2022-10-25 23:00:00,0.0
2022-10-26 00:00:00,0.0
2022-10-26 01:00:00,0.0
2022-10-26 02:00:00,0.0
2022-10-26 03:00:00,0.0
2022-10-26 04:00:00,0.0
2022-10-26 05:00:00,0.0
2022-10-26 06:00:00,0.0
2022-10-26 07:00:00,3.889
2022-10-26 08:00:00,14.596
2022-10-26 09:00:00,24.865
2022-10-26 10:00:00,31.483
2022-10-26 11:00:00,35.239
2022-10-26 12:00:00,36.386
2022-10-26 13:00:00,35.037
2022-10-26 14:00:00,31.571
2022-10-26 15:00:00,25.055
2022-10-26 16:00:00,15.846
2022-10-26 17:00:00,5.949
2022-10-26 18:00:00,0.0
2022-10-26 19:00:00,0.0
2022-10-26 20:00:00,0.0
2022-10-26 21:00:00,0.0
2022-10-26 22:00:00,0.0
2022-10-26 23:00:00,0.0
2022-10-27 00:00:00,0.0
2022-10-27 01:00:00,0.0
2022-10-27 02:00:00,0.0
2022-10-27 03:00:00,0.0
2022-10-27 04:00:00,0.0
2022-10-27 05:00:00,0.0
2022-10-27 06:00:00,0.0
2022-10-27 07:00:00,4.194
2022-10-27 08:00:00,14.957
2022-10-27 09:00:00,24.371
2022-10-27 10:00:00,30.836
2022-10-27 11:00:00,34.447
2022-10-27 12:00:00,35.407
2022-10-27 13:00:00,33.812
2022-10-27 14:00:00,30.999
2022-10-27 15:00:00,24.13
2022-10-27 16:00:00,14.635
2022-10-27 17:00:00,4.837
2022-10-27 18:00:00,0.0
2022-10-27 19:00:00,0.0
2022-10-27 20:00:00,0.0
2022-10-27 21:00:00,0.0
2022-10-27 22:00:00,0.0
2022-10-27 23:00:00,0.0
2022-10-28 00:00:00,0.0
2022-10-28 01:00:00,0.0
2022-10-28 02:00:00,0.0
2022-10-28 03:00:00,0.0
2022-10-28 04:00:00,0.0
2022-10-28 05:00:00,0.0
2022-10-28 06:00:00,0.0
2022-10-28 07:00:00,3.981
2022-10-28 08:00:00,14.745
2022-10-28 09:00:00,24.274
2022-10-28 10:00:00,30.833
2022-10-28 11:00:00,34.56
2022-10-28 12:00:00,35.673
2022-10-28 13:00:00,34.302
2022-10-28 14:00:00,29.922
2022-10-28 15:00:00,23.361
2022-10-28 16:00:00,14.269
2022-10-28 17:00:00,4.766
2022-10-28 18:00:00,0.0
2022-10-28 19:00:00,0.0
2022-10-28 20:00:00,0.0
2022-10-28 21:00:00,0.0
2022-10-28 22:00:00,0.0
2022-10-28 23:00:00,0.0
2022-10-29 00:00:00,0.0
2022-10-29 01:00:00,0.0
2022-10-29 02:00:00,0.0
2022-10-29 03:00:00,0.0
2022-10-29 04:00:00,0.0
2022-10-29 05:00:00,0.0
2022-10-29 06:00:00,0.0
2022-10-29 07:00:00,3.903
2022-10-29 08:00:00,14.68
2022-10-29 09:00:00,24.314
2022-10-29 10:00:00,30.975
2022-10-29 11:00:00,34.209
2022-10-29 12:00:00,34.45
2022-10-29 13:00:00,32.045
2022-10-29 14:00:00,28.655
2022-10-29 15:00:00,23.031
2022-10-29 16:00:00,14.852
2022-10-29 17:00:00,5.608
2022-10-29 18:00:00,0.0
2022-10-29 19:00:00,0.0
2022-10-29 20:00:00,0.0
2022-10-29 21:00:00,0.0
2022-10-29 22:00:00,0.0
2022-10-29 23:00:00,0.0
2022-10-30 00:00:00,0.0
2022-10-30 01:00:00,0.0
2022-10-30 02:00:00,0.0
2022-10-30 03:00:00,0.0
2022-10-30 04:00:00,0.0
2022-10-30 05:00:00,0.0
2022-10-30 06:00:00,0.0
2022-10-30 07:00:00,4.415
2022-10-30 08:00:00,15.621
2022-10-30 09:00:00,25.305
2022-10-30 10:00:00,31.9
2022-10-30 11:00:00,35.656
2022-10-30 12:00:00,36.906
2022-10-30 13:00:00,35.719
2022-10-30 14:00:00,31.932
2022-10-30 15:00:00,25.547
2022-10-30 16:00:00,16.457
2022-10-30 17:00:00,6.249
2022-10-30 18:00:00,0.0
2022-10-30 19:00:00,0.0
2022-10-30 20:00:00,0.0
2022-10-30 21:00:00,0.0
2022-10-30 22:00:00,0.0
2022-10-30 23:00:00,0.0
2022-10-31 00:00:00,0.0
2022-10-31 01:00:00,0.0
2022-10-31 02:00:00,0.0
2022-10-31 03:00:00,0.0
2022-10-31 04:00:00,0.0
2022-10-31 05:00:00,0.0
2022-10-31 06:00:00,0.0
2022-10-31 07:00:00,4.005
2022-10-31 08:00:00,15.563
2022-10-31 09:00:00,25.423
2022-10-31 10:00:00,32.188
2022-10-31 11:00:00,35.933
2022-10-31 12:00:00,37.09
2022-10-31 13:00:00,35.752
2022-10-31 14:00:00,31.519
2022-10-31 15:00:00,24.794
2022-10-31 16:00:00,14.088
2022-10-31 17:00:00,4.417
2022-10-31 18:00:00,0.0
2022-10-31 19:00:00,0.0
2022-10-31 20:00:00,0.0
2022-10-31 21:00:00,0.0
2022-10-31 22:00:00,0.0
2022-10-31 23:00:00,0.0
2022-11-01 00:00:00,0.0
2022-11-01 01:00:00,0.0
2022-11-01 02:00:00,0.0
2022-11-01 03:00:00,0.0
2022-11-01 04:00:00,0.0
2022-11-01 05:00:00,0.0
2022-11-01 06:00:00,0.0
2022-11-01 07:00:00,3.193
2022-11-01 08:00:00,11.086
2022-11-01 09:00:00,18.189
2022-11-01 10:00:00,24.37
2022-11-01 11:00:00,26.166
2022-11-01 12:00:00,23.976
2022-11-01 13:00:00,19.444
2022-11-01 14:00:00,13.464
2022-11-01 15:00:00,8.449
2022-11-01 16:00:00,4.452
2022-11-01 17:00:00,1.145
2022-11-01 18:00:00,0.0
2022-11-01 19:00:00,0.0
2022-11-01 20:00:00,0.0
2022-11-01 21:00:00,0.0
2022-11-01 22:00:00,0.0
2022-11-01 23:00:00,0.0
2022-11-02 00:00:00,0.0
2022-11-02 01:00:00,0.0
2022-11-02 02:00:00,0.0
2022-11-02 03:00:00,0.0
2022-11-02 04:00:00,0.0
2022-11-02 05:00:00,0.0
2022-11-02 06:00:00,0.0
2022-11-02 07:00:00,0.638
2022-11-02 08:00:00,3.256
2022-11-02 09:00:00,6.048
2022-11-02 10:00:00,8.567
2022-11-02 11:00:00,10.456
2022-11-02 12:00:00,11.729
2022-11-02 13:00:00,11.868
2022-11-02 14:00:00,10.802
2022-11-02 15:00:00,8.566
2022-11-02 16:00:00,5.068
2022-11-02 17:00:00,1.263
2022-11-02 18:00:00,0.0
2022-11-02 19:00:00,0.0
2022-11-02 20:00:00,0.0
2022-11-02 21:00:00,0.0
2022-11-02 22:00:00,0.0
2022-11-02 23:00:00,0.0
2022-11-03 00:00:00,0.0
2022-11-03 01:00:00,0.0
2022-11-03 02:00:00,0.0
2022-11-03 03:00:00,0.0
2022-11-03 04:00:00,0.0
2022-11-03 05:00:00,0.0
2022-11-03 06:00:00,0.0
2022-11-03 07:00:00,1.432
2022-11-03 08:00:00,6.338
2022-11-03 09:00:00,10.361
2022-11-03 10:00:00,13.382
2022-11-03 11:00:00,14.49
2022-11-03 12:00:00,15.164
2022-11-03 13:00:00,14.462
2022-11-03 14:00:00,12.406
2022-11-03 15:00:00,8.822
2022-11-03 16:00:00,4.952
2022-11-03 17:00:00,1.078
2022-11-03 18:00:00,0.0
2022-11-03 19:00:00,0.0
2022-11-03 20:00:00,0.0
2022-11-03 21:00:00,0.0
2022-11-03 22:00:00,0.0
2022-11-03 23:00:00,0.0
2022-11-04 00:00:00,0.0
2022-11-04 01:00:00,0.0
2022-11-04 02:00:00,0.0
2022-11-04 03:00:00,0.0
2022-11-04 04:00:00,0.0
2022-11-04 05:00:00,0.0
2022-11-04 06:00:00,0.0
2022-11-04 07:00:00,0.666
2022-11-04 08:00:00,3.617
2022-11-04 09:00:00,7.019
2022-11-04 10:00:00,10.758
2022-11-04 11:00:00,13.911
2022-11-04 12:00:00,15.654
2022-11-04 13:00:00,15.757
2022-11-04 14:00:00,13.724
2022-11-04 15:00:00,10.148
2022-11-04 16:00:00,5.421
2022-11-04 17:00:00,1.104
2022-11-04 18:00:00,0.0
2022-11-04 19:00:00,0.0
2022-11-04 20:00:00,0.0
2022-11-04 21:00:00,0.0
2022-11-04 22:00:00,0.0
2022-11-04 23:00:00,0.0
2022-11-05 00:00:00,0.0
2022-11-05 01:00:00,0.0
2022-11-05 02:00:00,0.0
2022-11-05 03:00:00,0.0
2022-11-05 04:00:00,0.0
2022-11-05 05:00:00,0.0
2022-11-05 06:00:00,0.0
2022-11-05 07:00:00,1.649
2022-11-05 08:00:00,8.359
2022-11-05 09:00:00,15.328
2022-11-05 10:00:00,20.719
2022-11-05 11:00:00,22.358
2022-11-05 12:00:00,22.604
2022-11-05 13:00:00,22.474
2022-11-05 14:00:00,20.207
2022-11-05 15:00:00,14.593
2022-11-05 16:00:00,7.86
2022-11-05 17:00:00,1.918
2022-11-05 18:00:00,0.0
2022-11-05 19:00:00,0.0
2022-11-05 20:00:00,0.0
2022-11-05 21:00:00,0.0
2022-11-05 22:00:00,0.0
2022-11-05 23:00:00,0.0
2022-11-06 00:00:00,0.0
2022-11-06 01:00:00,0.0
2022-11-06 02:00:00,0.0
2022-11-06 03:00:00,0.0
2022-11-06 04:00:00,0.0
2022-11-06 05:00:00,0.0
2022-11-06 06:00:00,0.0
2022-11-06 07:00:00,1.469
2022-11-06 08:00:00,7.109
2022-11-06 09:00:00,13.039
2022-11-06 10:00:00,18.393
2022-11-06 11:00:00,20.829
2022-11-06 12:00:00,21.541
2022-11-06 13:00:00,21.355
2022-11-06 14:00:00,19.072
2022-11-06 15:00:00,14.519
2022-11-06 16:00:00,8.374
2022-11-06 17:00:00,2.358
2022-11-06 18:00:00,0.0
2022-11-06 19:00:00,0.0
2022-11-06 20:00:00,0.0
2022-11-06 21:00:00,0.0
2022-11-06 22:00:00,0.0
2022-11-06 23:00:00,0.0
2022-11-07 00:00:00,0.0
2022-11-07 01:00:00,0.0
2022-11-07 02:00:00,0.0
2022-11-07 03:00:00,0.0
2022-11-07 04:00:00,0.0
2022-11-07 05:00:00,0.0
2022-11-07 06:00:00,0.0
2022-11-07 07:00:00,0.783
2022-11-07 08:00:00,5.612
2022-11-07 09:00:00,12.145
2022-11-07 10:00:00,18.441
2022-11-07 11:00:00,22.315
2022-11-07 12:00:00,21.431
2022-11-07 13:00:00,15.712
2022-11-07 14:00:00,13.349
2022-11-07 15:00:00,9.476
2022-11-07 16:00:00,5.025
2022-11-07 17:00:00,1.015
2022-11-07 18:00:00,0.0
2022-11-07 19:00:00,0.0
2022-11-07 20:00:00,0.0
2022-11-07 21:00:00,0.0
2022-11-07 22:00:00,0.0
2022-11-07 23:00:00,0.0
2022-11-08 00:00:00,0.0
2022-11-08 01:00:00,0.0
2022-11-08 02:00:00,0.0
2022-11-08 03:00:00,0.0
2022-11-08 04:00:00,0.0
2022-11-08 05:00:00,0.0
2022-11-08 06:00:00,0.0
2022-11-08 07:00:00,1.104
2022-11-08 08:00:00,5.986
2022-11-08 09:00:00,11.876
2022-11-08 10:00:00,17.796
2022-11-08 11:00:00,20.638
2022-11-08 12:00:00,21.866
2022-11-08 13:00:00,21.568
2022-11-08 14:00:00,19.083
2022-11-08 15:00:00,14.236
2022-11-08 16:00:00,8.019
2022-11-08 17:00:00,1.937
2022-11-08 18:00:00,0.0
2022-11-08 19:00:00,0.0
2022-11-08 20:00:00,0.0
2022-11-08 21:00:00,0.0
2022-11-08 22:00:00,0.0
2022-11-08 23:00:00,0.0
2022-11-09 00:00:00,0.0
2022-11-09 01:00:00,0.0
2022-11-09 02:00:00,0.0
2022-11-09 03:00:00,0.0
2022-11-09 04:00:00,0.0
2022-11-09 05:00:00,0.0
2022-11-09 06:00:00,0.0
2022-11-09 07:00:00,1.632
2022-11-09 08:00:00,8.196
2022-11-09 09:00:00,16.733
2022-11-09 10:00:00,23.755
2022-11-09 11:00:00,28.036
2022-11-09 12:00:00,29.721
2022-11-09 13:00:00,29.36
2022-11-09 14:00:00,24.931
2022-11-09 15:00:00,19.83
2022-11-09 16:00:00,11.728
2022-11-09 17:00:00,3.264
2022-11-09 18:00:00,0.0
2022-11-09 19:00:00,0.0
2022-11-09 20:00:00,0.0
2022-11-09 21:00:00,0.0
2022-11-09 22:00:00,0.0
2022-11-09 23:00:00,0.0
2022-11-10 00:00:00,0.0
2022-11-10 01:00:00,0.0
2022-11-10 02:00:00,0.0
2022-11-10 03:00:00,0.0
2022-11-10 04:00:00,0.0
2022-11-10 05:00:00,0.0
2022-11-10 06:00:00,0.0
2022-11-10 07:00:00,3.412
2022-11-10 08:00:00,14.651
2022-11-10 09:00:00,24.168
2022-11-10 10:00:00,30.503
2022-11-10 11:00:00,33.402
2022-11-10 12:00:00,34.757
2022-11-10 13:00:00,33.237
2022-11-10 14:00:00,30.101
2022-11-10 15:00:00,23.546
2022-11-10 16:00:00,14.354
2022-11-10 17:00:00,3.884
2022-11-10 18:00:00,0.0
2022-11-10 19:00:00,0.0
2022-11-10 20:00:00,0.0
2022-11-10 21:00:00,0.0
2022-11-10 22:00:00,0.0
2022-11-10 23:00:00,0.0
2022-11-11 00:00:00,0.0
2022-11-11 01:00:00,0.0
2022-11-11 02:00:00,0.0
2022-11-11 03:00:00,0.0
2022-11-11 04:00:00,0.0
2022-11-11 05:00:00,0.0
2022-11-11 06:00:00,0.0
2022-11-11 07:00:00,1.906
2022-11-11 08:00:00,9.997
2022-11-11 09:00:00,19.461
2022-11-11 10:00:00,29.164
2022-11-11 11:00:00,33.443
2022-11-11 12:00:00,35.107
2022-11-11 13:00:00,33.987
2022-11-11 14:00:00,31.457
2022-11-11 15:00:00,25.086
2022-11-11 16:00:00,15.958
2022-11-11 17:00:00,5.106
2022-11-11 18:00:00,0.0
2022-11-11 19:00:00,0.0
2022-11-11 20:00:00,0.0
2022-11-11 21:00:00,0.0
2022-11-11 22:00:00,0.0
2022-11-11 23:00:00,0.0
2022-11-12 00:00:00,0.0
2022-11-12 01:00:00,0.0
2022-11-12 02:00:00,0.0
2022-11-12 03:00:00,0.0
2022-11-12 04:00:00,0.0
2022-11-12 05:00:00,0.0
2022-11-12 06:00:00,0.0
2022-11-12 07:00:00,3.888
2022-11-12 08:00:00,15.551
2022-11-12 09:00:00,25.041
2022-11-12 10:00:00,31.45
2022-11-12 11:00:00,34.311
2022-11-12 12:00:00,35.622
2022-11-12 13:00:00,34.243
2022-11-12 14:00:00,30.576
2022-11-12 15:00:00,23.906
2022-11-12 16:00:00,14.518
2022-11-12 17:00:00,3.966
2022-11-12 18:00:00,0.0
2022-11-12 19:00:00,0.0
2022-11-12 20:00:00,0.0
2022-11-12 21:00:00,0.0
2022-11-12 22:00:00,0.0
2022-11-12 23:00:00,0.0
2022-11-13 00:00:00,0.0
2022-11-13 01:00:00,0.0
2022-11-13 02:00:00,0.0
2022-11-13 03:00:00,0.0
2022-11-13 04:00:00,0.0
2022-11-13 05:00:00,0.0
2022-11-13 06:00:00,0.0
2022-11-13 07:00:00,2.573
2022-11-13 08:00:00,12.194
2022-11-13 09:00:00,21.94
2022-11-13 10:00:00,28.656
2022-11-13 11:00:00,33.237
2022-11-13 12:00:00,34.1
2022-11-13 13:00:00,32.481
2022-11-13 14:00:00,29.725
2022-11-13 15:00:00,22.931
2022-11-13 16:00:00,13.165
2022-11-13 17:00:00,3.341
2022-11-13 18:00:00,0.0
2022-11-13 19:00:00,0.0
2022-11-13 20:00:00,0.0
2022-11-13 21:00:00,0.0
2022-11-13 22:00:00,0.0
2022-11-13 23:00:00,0.0
2022-11-14 00:00:00,0.0
2022-11-14 01:00:00,0.0
2022-11-14 02:00:00,0.0
2022-11-14 03:00:00,0.0
2022-11-14 04:00:00,0.0
2022-11-14 05:00:00,0.0
2022-11-14 06:00:00,0.0
2022-11-14 07:00:00,1.96
2022-11-14 08:00:00,10.276
2022-11-14 09:00:00,19.794
2022-11-14 10:00:00,27.068
2022-11-14 11:00:00,31.621
2022-11-14 12:00:00,33.214
2022-11-14 13:00:00,30.211
2022-11-14 14:00:00,24.843
2022-11-14 15:00:00,17.08
2022-11-14 16:00:00,9.209
2022-11-14 17:00:00,2.267
2022-11-14 18:00:00,0.0
2022-11-14 19:00:00,0.0
2022-11-14 20:00:00,0.0
2022-11-14 21:00:00,0.0
2022-11-14 22:00:00,0.0
2022-11-14 23:00:00,0.0
2022-11-15 00:00:00,0.0
2022-11-15 01:00:00,0.0
2022-11-15 02:00:00,0.0
2022-11-15 03:00:00,0.0
2022-11-15 04:00:00,0.0
2022-11-15 05:00:00,0.0
2022-11-15 06:00:00,0.0
2022-11-15 07:00:00,1.901
2022-11-15 08:00:00,10.153
2022-11-15 09:00:00,19.43
2022-11-15 10:00:00,27.449
2022-11-15 11:00:00,32.533
2022-11-15 12:00:00,33.867
2022-11-15 13:00:00,31.871
2022-11-15 14:00:00,25.543
2022-11-15 15:00:00,17.458
2022-11-15 16:00:00,8.329
2022-11-15 17:00:00,1.797
2022-11-15 18:00:00,0.0
2022-11-15 19:00:00,0.0
2022-11-15 20:00:00,0.0
2022-11-15 21:00:00,0.0
2022-11-15 22:00:00,0.0
2022-11-15 23:00:00,0.0
2022-11-16 00:00:00,0.0
2022-11-16 01:00:00,0.0
2022-11-16 02:00:00,0.0
2022-11-16 03:00:00,0.0
2022-11-16 04:00:00,0.0
2022-11-16 05:00:00,0.0
2022-11-16 06:00:00,0.0
2022-11-16 07:00:00,2.05
2022-11-16 08:00:00,10.982
2022-11-16 09:00:00,20.569
2022-11-16 10:00:00,28.444
2022-11-16 11:00:00,33.694
2022-11-16 12:00:00,34.85
2022-11-16 13:00:00,32.968
2022-11-16 14:00:00,29.269
2022-11-16 15:00:00,20.913
2022-11-16 16:00:00,11.814
2022-11-16 17:00:00,2.776
2022-11-16 18:00:00,0.0
2022-11-16 19:00:00,0.0
2022-11-16 20:00:00,0.0
2022-11-16 21:00:00,0.0
2022-11-16 22:00:00,0.0
2022-11-16 23:00:00,0.0
2022-11-17 00:00:00,0.0
2022-11-17 01:00:00,0.0
2022-11-17 02:00:00,0.0
2022-11-17 03:00:00,0.0
2022-11-17 04:00:00,0.0
2022-11-17 05:00:00,0.0
2022-11-17 06:00:00,0.0
2022-11-17 07:00:00,3.007
2022-11-17 08:00:00,14.16
2022-11-17 09:00:00,23.797
2022-11-17 10:00:00,30.361
2022-11-17 11:00:00,34.573
2022-11-17 12:00:00,35.506
2022-11-17 13:00:00,33.782
2022-11-17 14:00:00,30.547
2022-11-17 15:00:00,23.918
2022-11-17 16:00:00,14.575
2022-11-17 17:00:00,3.147
2022-11-17 18:00:00,0.0
2022-11-17 19:00:00,0.0
2022-11-17 20:00:00,0.0
2022-11-17 21:00:00,0.0
2022-11-17 22:00:00,0.0
2022-11-17 23:00:00,0.0
2022-11-18 00:00:00,0.0
2022-11-18 01:00:00,0.0
2022-11-18 02:00:00,0.0
2022-11-18 03:00:00,0.0
2022-11-18 04:00:00,0.0
2022-11-18 05:00:00,0.0
2022-11-18 06:00:00,0.0
2022-11-18 07:00:00,3.145
2022-11-18 08:00:00,14.346
2022-11-18 09:00:00,23.93
2022-11-18 10:00:00,30.339
2022-11-18 11:00:00,33.666
2022-11-18 12:00:00,34.506
2022-11-18 13:00:00,33.426
2022-11-18 14:00:00,30.242
2022-11-18 15:00:00,23.604
2022-11-18 16:00:00,14.189
2022-11-18 17:00:00,3.556
2022-11-18 18:00:00,0.0
2022-11-18 19:00:00,0.0
2022-11-18 20:00:00,0.0
2022-11-18 21:00:00,0.0
2022-11-18 22:00:00,0.0
2022-11-18 23:00:00,0.0
2022-11-19 00:00:00,0.0
2022-11-19 01:00:00,0.0
2022-11-19 02:00:00,0.0
2022-11-19 03:00:00,0.0
2022-11-19 04:00:00,0.0
2022-11-19 05:00:00,0.0
2022-11-19 06:00:00,0.0
2022-11-19 07:00:00,1.809
2022-11-19 08:00:00,9.729
2022-11-19 09:00:00,17.268
2022-11-19 10:00:00,22.612
2022-11-19 11:00:00,26.097
2022-11-19 12:00:00,25.891
2022-11-19 13:00:00,23.383
2022-11-19 14:00:00,19.823
2022-11-19 15:00:00,13.803
2022-11-19 16:00:00,6.82
2022-11-19 17:00:00,1.199
2022-11-19 18:00:00,0.0
2022-11-19 19:00:00,0.0
2022-11-19 20:00:00,0.0
2022-11-19 21:00:00,0.0
2022-11-19 22:00:00,0.0
2022-11-19 23:00:00,0.0
2022-11-20 00:00:00,0.0
2022-11-20 01:00:00,0.0
2022-11-20 02:00:00,0.0
2022-11-20 03:00:00,0.0
2022-11-20 04:00:00,0.0
2022-11-20 05:00:00,0.0
2022-11-20 06:00:00,0.0
2022-11-20 07:00:00,2.77
2022-11-20 08:00:00,14.058
2022-11-20 09:00:00,23.899
2022-11-20 10:00:00,30.613
2022-11-20 11:00:00,34.287
2022-11-20 12:00:00,35.381
2022-11-20 13:00:00,33.743
2022-11-20 14:00:00,28.355
2022-11-20 15:00:00,21.542
2022-11-20 16:00:00,12.172
2022-11-20 17:00:00,2.577
2022-11-20 18:00:00,0.0
2022-11-20 19:00:00,0.0
2022-11-20 20:00:00,0.0
2022-11-20 21:00:00,0.0
2022-11-20 22:00:00,0.0
2022-11-20 23:00:00,0.0
2022-11-21 00:00:00,0.0
2022-11-21 01:00:00,0.0
2022-11-21 02:00:00,0.0
2022-11-21 03:00:00,0.0
2022-11-21 04:00:00,0.0
2022-11-21 05:00:00,0.0
2022-11-21 06:00:00,0.0
2022-11-21 07:00:00,2.52
2022-11-21 08:00:00,12.48
2022-11-21 09:00:00,21.717
2022-11-21 10:00:00,28.026
2022-11-21 11:00:00,30.263
2022-11-21 12:00:00,28.521
2022-11-21 13:00:00,26.332
2022-11-21 14:00:00,19.096
2022-11-21 15:00:00,12.084
2022-11-21 16:00:00,5.403
2022-11-21 17:00:00,0.581
2022-11-21 18:00:00,0.0
2022-11-21 19:00:00,0.0
2022-11-21 20:00:00,0.0
2022-11-21 21:00:00,0.0
2022-11-21 22:00:00,0.0
2022-11-21 23:00:00,0.0
2022-11-22 00:00:00,0.0
2022-11-22 01:00:00,0.0
2022-11-22 02:00:00,0.0
2022-11-22 03:00:00,0.0
2022-11-22 04:00:00,0.0
2022-11-22 05:00:00,0.0
2022-11-22 06:00:00,0.0
2022-11-22 07:00:00,1.016
2022-11-22 08:00:00,5.489
2022-11-22 09:00:00,10.867
2022-11-22 10:00:00,16.307
2022-11-22 11:00:00,22.562
2022-11-22 12:00:00,26.26
2022-11-22 13:00:00,26.374
2022-11-22 14:00:00,20.641
2022-11-22 15:00:00,12.205
2022-11-22 16:00:00,4.994
2022-11-22 17:00:00,0.722
2022-11-22 18:00:00,0.0
2022-11-22 19:00:00,0.0
2022-11-22 20:00:00,0.0
2022-11-22 21:00:00,0.0
2022-11-22 22:00:00,0.0
2022-11-22 23:00:00,0.0
2022-11-23 00:00:00,0.0
2022-11-23 01:00:00,0.0
2022-11-23 02:00:00,0.0
2022-11-23 03:00:00,0.0
2022-11-23 04:00:00,0.0
2022-11-23 05:00:00,0.0
2022-11-23 06:00:00,0.0
2022-11-23 07:00:00,0.593
2022-11-23 08:00:00,4.153
2022-11-23 09:00:00,8.249
2022-11-23 10:00:00,11.748
2022-11-23 11:00:00,14.002
2022-11-23 12:00:00,15.866
2022-11-23 13:00:00,17.006
2022-11-23 14:00:00,16.046
2022-11-23 15:00:00,11.551
2022-11-23 16:00:00,5.663
2022-11-23 17:00:00,1.032
2022-11-23 18:00:00,0.0
2022-11-23 19:00:00,0.0
2022-11-23 20:00:00,0.0
2022-11-23 21:00:00,0.0
2022-11-23 22:00:00,0.0
2022-11-23 23:00:00,0.0
2022-11-24 00:00:00,0.0
2022-11-24 01:00:00,0.0
2022-11-24 02:00:00,0.0
2022-11-24 03:00:00,0.0
2022-11-24 04:00:00,0.0
2022-11-24 05:00:00,0.0
2022-11-24 06:00:00,0.0
2022-11-24 07:00:00,0.475
2022-11-24 08:00:00,4.158
2022-11-24 09:00:00,8.881
2022-11-24 10:00:00,13.925
2022-11-24 11:00:00,17.779
2022-11-24 12:00:00,17.384
2022-11-24 13:00:00,16.394
2022-11-24 14:00:00,14.106
2022-11-24 15:00:00,9.956
2022-11-24 16:00:00,5.093
2022-11-24 17:00:00,0.806
2022-11-24 18:00:00,0.0
2022-11-24 19:00:00,0.0
2022-11-24 20:00:00,0.0
2022-11-24 21:00:00,0.0
2022-11-24 22:00:00,0.0
2022-11-24 23:00:00,0.0
2022-11-25 00:00:00,0.0
2022-11-25 01:00:00,0.0
2022-11-25 02:00:00,0.0
2022-11-25 03:00:00,0.0
2022-11-25 04:00:00,0.0
2022-11-25 05:00:00,0.0
2022-11-25 06:00:00,0.0
2022-11-25 07:00:00,0.344
2022-11-25 08:00:00,2.433
2022-11-25 09:00:00,5.837
2022-11-25 10:00:00,8.531
2022-11-25 11:00:00,10.284
2022-11-25 12:00:00,10.978
2022-11-25 13:00:00,10.543
2022-11-25 14:00:00,9.381
2022-11-25 15:00:00,7.173
2022-11-25 16:00:00,3.755
2022-11-25 17:00:00,0.43
2022-11-25 18:00:00,0.0
2022-11-25 19:00:00,0.0
2022-11-25 20:00:00,0.0
2022-11-25 21:00:00,0.0
2022-11-25 22:00:00,0.0
2022-11-25 23:00:00,0.0
2022-11-26 00:00:00,0.0
2022-11-26 01:00:00,0.0
2022-11-26 02:00:00,0.0
2022-11-26 03:00:00,0.0
2022-11-26 04:00:00,0.0
2022-11-26 05:00:00,0.0
2022-11-26 06:00:00,0.0
2022-11-26 07:00:00,0.39
2022-11-26 08:00:00,3.178
2022-11-26 09:00:00,5.818
2022-11-26 10:00:00,8.553
2022-11-26 11:00:00,11.504
2022-11-26 12:00:00,14.216
2022-11-26 13:00:00,15.048
2022-11-26 14:00:00,13.397
2022-11-26 15:00:00,9.544
2022-11-26 16:00:00,4.944
2022-11-26 17:00:00,0.779
2022-11-26 18:00:00,0.0
2022-11-26 19:00:00,0.0
2022-11-26 20:00:00,0.0
2022-11-26 21:00:00,0.0
2022-11-26 22:00:00,0.0
2022-11-26 23:00:00,0.0
2022-11-27 00:00:00,0.0
2022-11-27 01:00:00,0.0
2022-11-27 02:00:00,0.0
2022-11-27 03:00:00,0.0
2022-11-27 04:00:00,0.0
2022-11-27 05:00:00,0.0
2022-11-27 06:00:00,0.0
2022-11-27 07:00:00,1.343
2022-11-27 08:00:00,8.212
2022-11-27 09:00:00,14.835
2022-11-27 10:00:00,18.189
2022-11-27 11:00:00,17.449
2022-11-27 12:00:00,16.936
2022-11-27 13:00:00,15.033
2022-11-27 14:00:00,10.845
2022-11-27 15:00:00,8.741
2022-11-27 16:00:00,5.262
2022-11-27 17:00:00,1.116
2022-11-27 18:00:00,0.0
2022-11-27 19:00:00,0.0
2022-11-27 20:00:00,0.0
2022-11-27 21:00:00,0.0
2022-11-27 22:00:00,0.0
2022-11-27 23:00:00,0.0
2022-11-28 00:00:00,0.0
2022-11-28 01:00:00,0.0
2022-11-28 02:00:00,0.0
2022-11-28 03:00:00,0.0
2022-11-28 04:00:00,0.0
2022-11-28 05:00:00,0.0
2022-11-28 06:00:00,0.0
2022-11-28 07:00:00,2.399
2022-11-28 08:00:00,13.336
2022-11-28 09:00:00,23.552
2022-11-28 10:00:00,30.197
2022-11-28 11:00:00,33.513
2022-11-28 12:00:00,34.203
2022-11-28 13:00:00,32.776
2022-11-28 14:00:00,28.89
2022-11-28 15:00:00,22.158
2022-11-28 16:00:00,11.421
2022-11-28 17:00:00,2.922
2022-11-28 18:00:00,0.0
2022-11-28 19:00:00,0.0
2022-11-28 20:00:00,0.0
2022-11-28 21:00:00,0.0
2022-11-28 22:00:00,0.0
2022-11-28 23:00:00,0.0
2022-11-29 00:00:00,0.0
2022-11-29 01:00:00,0.0
2022-11-29 02:00:00,0.0
2022-11-29 03:00:00,0.0
2022-11-29 04:00:00,0.0
2022-11-29 05:00:00,0.0
2022-11-29 06:00:00,0.0
2022-11-29 07:00:00,2.154
2022-11-29 08:00:00,11.369
2022-11-29 09:00:00,21.689
2022-11-29 10:00:00,29.382
2022-11-29 11:00:00,33.306
2022-11-29 12:00:00,33.815
2022-11-29 13:00:00,32.705
2022-11-29 14:00:00,29.343
2022-11-29 15:00:00,20.815
2022-11-29 16:00:00,10.192
2022-11-29 17:00:00,1.868
2022-11-29 18:00:00,0.0
2022-11-29 19:00:00,0.0
2022-11-29 20:00:00,0.0
2022-11-29 21:00:00,0.0
2022-11-29 22:00:00,0.0
2022-11-29 23:00:00,0.0
2022-11-30 00:00:00,0.0
2022-11-30 01:00:00,0.0
2022-11-30 02:00:00,0.0
2022-11-30 03:00:00,0.0
2022-11-30 04:00:00,0.0
2022-11-30 05:00:00,0.0
2022-11-30 06:00:00,0.0
2022-11-30 07:00:00,1.281
2022-11-30 08:00:00,9.265
2022-11-30 09:00:00,19.676
2022-11-30 10:00:00,27.775
2022-11-30 11:00:00,32.593
2022-11-30 12:00:00,33.619
2022-11-30 13:00:00,32.151
2022-11-30 14:00:00,27.38
2022-11-30 15:00:00,18.932
2022-11-30 16:00:00,9.035
2022-11-30 17:00:00,1.427
2022-11-30 18:00:00,0.0
2022-11-30 19:00:00,0.0
2022-11-30 20:00:00,0.0
2022-11-30 21:00:00,0.0
2022-11-30 22:00:00,0.0
2022-11-30 23:00:00,0.0
2022-12-01 00:00:00,0.0
2022-12-01 01:00:00,0.0
2022-12-01 02:00:00,0.0
2022-12-01 03:00:00,0.0
2022-12-01 04:00:00,0.0
2022-12-01 05:00:00,0.0
2022-12-01 06:00:00,0.0
2022-12-01 07:00:00,1.021
2022-12-01 08:00:00,6.931
2022-12-01 09:00:00,13.918
2022-12-01 10:00:00,20.065
2022-12-01 11:00:00,24.488
2022-12-01 12:00:00,26.695
2022-12-01 13:00:00,24.678
2022-12-01 14:00:00,20.36
2022-12-01 15:00:00,14.655
2022-12-01 16:00:00,7.657
2022-12-01 17:00:00,1.256
2022-12-01 18:00:00,0.0
2022-12-01 19:00:00,0.0
2022-12-01 20:00:00,0.0
2022-12-01 21:00:00,0.0
2022-12-01 22:00:00,0.0
2022-12-01 23:00:00,0.0
2022-12-02 00:00:00,0.0
2022-12-02 01:00:00,0.0
2022-12-02 02:00:00,0.0
2022-12-02 03:00:00,0.0
2022-12-02 04:00:00,0.0
2022-12-02 05:00:00,0.0
2022-12-02 06:00:00,0.0
2022-12-02 07:00:00,1.341
2022-12-02 08:00:00,9.127
2022-12-02 09:00:00,15.653
2022-12-02 10:00:00,19.131
2022-12-02 11:00:00,22.962
2022-12-02 12:00:00,31.344
2022-12-02 13:00:00,33.477
2022-12-02 14:00:00,30.039
2022-12-02 15:00:00,22.785
2022-12-02 16:00:00,12.394
2022-12-02 17:00:00,2.494
2022-12-02 18:00:00,0.0
2022-12-02 19:00:00,0.0
2022-12-02 20:00:00,0.0
2022-12-02 21:00:00,0.0
2022-12-02 22:00:00,0.0
2022-12-02 23:00:00,0.0
2022-12-03 00:00:00,0.0
2022-12-03 01:00:00,0.0
2022-12-03 02:00:00,0.0
2022-12-03 03:00:00,0.0
2022-12-03 04:00:00,0.0
2022-12-03 05:00:00,0.0
2022-12-03 06:00:00,0.0
2022-12-03 07:00:00,2.002
2022-12-03 08:00:00,11.518
2022-12-03 09:00:00,19.742
2022-12-03 10:00:00,25.588
2022-12-03 11:00:00,29.628
2022-12-03 12:00:00,32.132
2022-12-03 13:00:00,31.536
2022-12-03 14:00:00,27.783
2022-12-03 15:00:00,21.049
2022-12-03 16:00:00,11.741
2022-12-03 17:00:00,2.247
2022-12-03 18:00:00,0.0
2022-12-03 19:00:00,0.0
2022-12-03 20:00:00,0.0
2022-12-03 21:00:00,0.0
2022-12-03 22:00:00,0.0
2022-12-03 23:00:00,0.0
2022-12-04 00:00:00,0.0
2022-12-04 01:00:00,0.0
2022-12-04 02:00:00,0.0
2022-12-04 03:00:00,0.0
2022-12-04 04:00:00,0.0
2022-12-04 05:00:00,0.0
2022-12-04 06:00:00,0.0
2022-12-04 07:00:00,1.558
2022-12-04 08:00:00,9.546
2022-12-04 09:00:00,17.885
2022-12-04 10:00:00,24.527
2022-12-04 11:00:00,28.254
2022-12-04 12:00:00,29.624
2022-12-04 13:00:00,28.156
2022-12-04 14:00:00,24.013
2022-12-04 15:00:00,18.006
2022-12-04 16:00:00,10.018
2022-12-04 17:00:00,1.871
2022-12-04 18:00:00,0.0
2022-12-04 19:00:00,0.0
2022-12-04 20:00:00,0.0
2022-12-04 21:00:00,0.0
2022-12-04 22:00:00,0.0
2022-12-04 23:00:00,0.0
2022-12-05 00:00:00,0.0
2022-12-05 01:00:00,0.0
2022-12-05 02:00:00,0.0
2022-12-05 03:00:00,0.0
2022-12-05 04:00:00,0.0
2022-12-05 05:00:00,0.0
2022-12-05 06:00:00,0.0
2022-12-05 07:00:00,1.039
2022-12-05 08:00:00,6.64
2022-12-05 09:00:00,12.788
2022-12-05 10:00:00,17.78
2022-12-05 11:00:00,21.258
2022-12-05 12:00:00,23.874
2022-12-05 13:00:00,24.861
2022-12-05 14:00:00,22.793
2022-12-05 15:00:00,18.276
2022-12-05 16:00:00,11.545
2022-12-05 17:00:00,2.491
2022-12-05 18:00:00,0.0
2022-12-05 19:00:00,0.0
2022-12-05 20:00:00,0.0
2022-12-05 21:00:00,0.0
2022-12-05 22:00:00,0.0
2022-12-05 23:00:00,0.0
2022-12-06 00:00:00,0.0
2022-12-06 01:00:00,0.0
2022-12-06 02:00:00,0.0
2022-12-06 03:00:00,0.0
2022-12-06 04:00:00,0.0
2022-12-06 05:00:00,0.0
2022-12-06 06:00:00,0.0
2022-12-06 07:00:00,2.438
2022-12-06 08:00:00,13.98
2022-12-06 09:00:00,23.226
2022-12-06 10:00:00,28.855
2022-12-06 11:00:00,31.733
2022-12-06 12:00:00,33.621
2022-12-06 13:00:00,32.204
2022-12-06 14:00:00,28.989
2022-12-06 15:00:00,22.756
2022-12-06 16:00:00,13.376
2022-12-06 17:00:00,2.982
2022-12-06 18:00:00,0.0
2022-12-06 19:00:00,0.0
2022-12-06 20:00:00,0.0
2022-12-06 21:00:00,0.0
2022-12-06 22:00:00,0.0
2022-12-06 23:00:00,0.0
2022-12-07 00:00:00,0.0
2022-12-07 01:00:00,0.0
2022-12-07 02:00:00,0.0
2022-12-07 03:00:00,0.0
2022-12-07 04:00:00,0.0
2022-12-07 05:00:00,0.0
2022-12-07 06:00:00,0.0
2022-12-07 07:00:00,2.891
2022-12-07 08:00:00,15.13
2022-12-07 09:00:00,25.657
2022-12-07 10:00:00,32.668
2022-12-07 11:00:00,36.627
2022-12-07 12:00:00,37.699
2022-12-07 13:00:00,36.186
2022-12-07 14:00:00,32.054
2022-12-07 15:00:00,25.134
2022-12-07 16:00:00,15.135
2022-12-07 17:00:00,3.486
2022-12-07 18:00:00,0.0
2022-12-07 19:00:00,0.0
2022-12-07 20:00:00,0.0
2022-12-07 21:00:00,0.0
2022-12-07 22:00:00,0.0
2022-12-07 23:00:00,0.0
2022-12-08 00:00:00,0.0
2022-12-08 01:00:00,0.0
2022-12-08 02:00:00,0.0
2022-12-08 03:00:00,0.0
2022-12-08 04:00:00,0.0
2022-12-08 05:00:00,0.0
2022-12-08 06:00:00,0.0
2022-12-08 07:00:00,1.201
2022-12-08 08:00:00,7.694
2022-12-08 09:00:00,15.077
2022-12-08 10:00:00,22.739
2022-12-08 11:00:00,30.683
2022-12-08 12:00:00,35.523
2022-12-08 13:00:00,34.381
2022-12-08 14:00:00,28.951
2022-12-08 15:00:00,21.09
2022-12-08 16:00:00,11.459
2022-12-08 17:00:00,2.16
2022-12-08 18:00:00,0.0
2022-12-08 19:00:00,0.0
2022-12-08 20:00:00,0.0
2022-12-08 21:00:00,0.0
2022-12-08 22:00:00,0.0
2022-12-08 23:00:00,0.0
2022-12-09 00:00:00,0.0
2022-12-09 01:00:00,0.0
2022-12-09 02:00:00,0.0
2022-12-09 03:00:00,0.0
2022-12-09 04:00:00,0.0
2022-12-09 05:00:00,0.0
2022-12-09 06:00:00,0.0
2022-12-09 07:00:00,2.216
2022-12-09 08:00:00,13.267
2022-12-09 09:00:00,23.993
2022-12-09 10:00:00,31.306
2022-12-09 11:00:00,36.237
2022-12-09 12:00:00,37.44
2022-12-09 13:00:00,35.998
2022-12-09 14:00:00,31.986
2022-12-09 15:00:00,25.075
2022-12-09 16:00:00,15.027
2022-12-09 17:00:00,3.434
2022-12-09 18:00:00,0.0
2022-12-09 19:00:00,0.0
2022-12-09 20:00:00,0.0
2022-12-09 21:00:00,0.0
2022-12-09 22:00:00,0.0
2022-12-09 23:00:00,0.0
2022-12-10 00:00:00,0.0
2022-12-10 01:00:00,0.0
2022-12-10 02:00:00,0.0
2022-12-10 03:00:00,0.0
2022-12-10 04:00:00,0.0
2022-12-10 05:00:00,0.0
2022-12-10 06:00:00,0.0
2022-12-10 07:00:00,2.371
2022-12-10 08:00:00,13.553
2022-12-10 09:00:00,24.132
2022-12-10 10:00:00,31.328
2022-12-10 11:00:00,36.064
2022-12-10 12:00:00,37.155
2022-12-10 13:00:00,35.545
2022-12-10 14:00:00,31.507
2022-12-10 15:00:00,24.345
2022-12-10 16:00:00,14.033
2022-12-10 17:00:00,2.87
2022-12-10 18:00:00,0.0
2022-12-10 19:00:00,0.0
2022-12-10 20:00:00,0.0
2022-12-10 21:00:00,0.0
2022-12-10 22:00:00,0.0
2022-12-10 23:00:00,0.0
2022-12-11 00:00:00,0.0
2022-12-11 01:00:00,0.0
2022-12-11 02:00:00,0.0
2022-12-11 03:00:00,0.0
2022-12-11 04:00:00,0.0
2022-12-11 05:00:00,0.0
2022-12-11 06:00:00,0.0
2022-12-11 07:00:00,2.241
2022-12-11 08:00:00,11.82
2022-12-11 09:00:00,19.526
2022-12-11 10:00:00,22.315
2022-12-11 11:00:00,19.519
2022-12-11 12:00:00,20.571
2022-12-11 13:00:00,21.31
2022-12-11 14:00:00,17.152
2022-12-11 15:00:00,12.216
2022-12-11 16:00:00,6.316
2022-12-11 17:00:00,0.977
2022-12-11 18:00:00,0.0
2022-12-11 19:00:00,0.0
2022-12-11 20:00:00,0.0
2022-12-11 21:00:00,0.0
2022-12-11 22:00:00,0.0
2022-12-11 23:00:00,0.0
2022-12-12 00:00:00,0.0
2022-12-12 01:00:00,0.0
2022-12-12 02:00:00,0.0
2022-12-12 03:00:00,0.0
2022-12-12 04:00:00,0.0
2022-12-12 05:00:00,0.0
2022-12-12 06:00:00,0.0
2022-12-12 07:00:00,1.526
2022-12-12 08:00:00,11.327
2022-12-12 09:00:00,22.17
2022-12-12 10:00:00,30.042
2022-12-12 11:00:00,34.097
2022-12-12 12:00:00,35.433
2022-12-12 13:00:00,33.953
2022-12-12 14:00:00,30.214
2022-12-12 15:00:00,22.667
2022-12-12 16:00:00,12.148
2022-12-12 17:00:00,2.12
2022-12-12 18:00:00,0.0
2022-12-12 19:00:00,0.0
2022-12-12 20:00:00,0.0
2022-12-12 21:00:00,0.0
2022-12-12 22:00:00,0.0
2022-12-12 23:00:00,0.0
2022-12-13 00:00:00,0.0
2022-12-13 01:00:00,0.0
2022-12-13 02:00:00,0.0
2022-12-13 03:00:00,0.0
2022-12-13 04:00:00,0.0
2022-12-13 05:00:00,0.0
2022-12-13 06:00:00,0.0
2022-12-13 07:00:00,1.18
2022-12-13 08:00:00,6.079
2022-12-13 09:00:00,11.254
2022-12-13 10:00:00,14.599
2022-12-13 11:00:00,17.418
2022-12-13 12:00:00,20.267
2022-12-13 13:00:00,21.17
2022-12-13 14:00:00,19.622
2022-12-13 15:00:00,15.714
2022-12-13 16:00:00,8.806000000000001
2022-12-13 17:00:00,1.418
2022-12-13 18:00:00,0.0
2022-12-13 19:00:00,0.0
2022-12-13 20:00:00,0.0
2022-12-13 21:00:00,0.0
2022-12-13 22:00:00,0.0
2022-12-13 23:00:00,0.0
2022-12-14 00:00:00,0.0
2022-12-14 01:00:00,0.0
2022-12-14 02:00:00,0.0
2022-12-14 03:00:00,0.0
2022-12-14 04:00:00,0.0
2022-12-14 05:00:00,0.0
2022-12-14 06:00:00,0.0
2022-12-14 07:00:00,0.857
2022-12-14 08:00:00,6.73
2022-12-14 09:00:00,15.608
2022-12-14 10:00:00,21.251
2022-12-14 11:00:00,25.749
2022-12-14 12:00:00,27.166
2022-12-14 13:00:00,24.776
2022-12-14 14:00:00,20.433
2022-12-14 15:00:00,15.11
2022-12-14 16:00:00,7.931
2022-12-14 17:00:00,1.201
2022-12-14 18:00:00,0.0
2022-12-14 19:00:00,0.0
2022-12-14 20:00:00,0.0
2022-12-14 21:00:00,0.0
2022-12-14 22:00:00,0.0
2022-12-14 23:00:00,0.0
2022-12-15 00:00:00,0.0
2022-12-15 01:00:00,0.0
2022-12-15 02:00:00,0.0
2022-12-15 03:00:00,0.0
2022-12-15 04:00:00,0.0
2022-12-15 05:00:00,0.0
2022-12-15 06:00:00,0.0
2022-12-15 07:00:00,1.221
2022-12-15 08:00:00,8.034
2022-12-15 09:00:00,15.815
2022-12-15 10:00:00,21.399
2022-12-15 11:00:00,25.587
2022-12-15 12:00:00,28.062
2022-12-15 13:00:00,27.678
2022-12-15 14:00:00,24.195
2022-12-15 15:00:00,18.491
2022-12-15 16:00:00,9.97
2022-12-15 17:00:00,1.583
2022-12-15 18:00:00,0.0
2022-12-15 19:00:00,0.0
2022-12-15 20:00:00,0.0
2022-12-15 21:00:00,0.0
2022-12-15 22:00:00,0.0
2022-12-15 23:00:00,0.0
2022-12-16 00:00:00,0.0
2022-12-16 01:00:00,0.0
2022-12-16 02:00:00,0.0
2022-12-16 03:00:00,0.0
2022-12-16 04:00:00,0.0
2022-12-16 05:00:00,0.0
2022-12-16 06:00:00,0.0
2022-12-16 07:00:00,0.724
2022-12-16 08:00:00,5.187
2022-12-16 09:00:00,10.535
2022-12-16 10:00:00,14.378
2022-12-16 11:00:00,16.159
2022-12-16 12:00:00,18.839
2022-12-16 13:00:00,18.408
2022-12-16 14:00:00,15.438
2022-12-16 15:00:00,10.662
2022-12-16 16:00:00,5.379
2022-12-16 17:00:00,0.63
2022-12-16 18:00:00,0.0
2022-12-16 19:00:00,0.0
2022-12-16 20:00:00,0.0
2022-12-16 21:00:00,0.0
2022-12-16 22:00:00,0.0
2022-12-16 23:00:00,0.0
2022-12-17 00:00:00,0.0
2022-12-17 01:00:00,0.0
2022-12-17 02:00:00,0.0
2022-12-17 03:00:00,0.0
2022-12-17 04:00:00,0.0
2022-12-17 05:00:00,0.0
2022-12-17 06:00:00,0.0
2022-12-17 07:00:00,0.463
2022-12-17 08:00:00,2.964
2022-12-17 09:00:00,5.593
2022-12-17 10:00:00,8.721
2022-12-17 11:00:00,11.256
2022-12-17 12:00:00,12.598
2022-12-17 13:00:00,14.625
2022-12-17 14:00:00,14.108
2022-12-17 15:00:00,10.58
2022-12-17 16:00:00,5.88
2022-12-17 17:00:00,1.011
2022-12-17 18:00:00,0.0
2022-12-17 19:00:00,0.0
2022-12-17 20:00:00,0.0
2022-12-17 21:00:00,0.0
2022-12-17 22:00:00,0.0
2022-12-17 23:00:00,0.0
2022-12-18 00:00:00,0.0
2022-12-18 01:00:00,0.0
2022-12-18 02:00:00,0.0
2022-12-18 03:00:00,0.0
2022-12-18 04:00:00,0.0
2022-12-18 05:00:00,0.0
2022-12-18 06:00:00,0.0
2022-12-18 07:00:00,2.283
2022-12-18 08:00:00,14.215
2022-12-18 09:00:00,25.956
2022-12-18 10:00:00,35.288
2022-12-18 11:00:00,39.553
2022-12-18 12:00:00,40.727
2022-12-18 13:00:00,39.208
2022-12-18 14:00:00,34.849
2022-12-18 15:00:00,27.742
2022-12-18 16:00:00,17.253
2022-12-18 17:00:00,4.444
2022-12-18 18:00:00,0.0
2022-12-18 19:00:00,0.0
2022-12-18 20:00:00,0.0
2022-12-18 21:00:00,0.0
2022-12-18 22:00:00,0.0
2022-12-18 23:00:00,0.0
2022-12-19 00:00:00,0.0
2022-12-19 01:00:00,0.0
2022-12-19 02:00:00,0.0
2022-12-19 03:00:00,0.0
2022-12-19 04:00:00,0.0
2022-12-19 05:00:00,0.0
2022-12-19 06:00:00,0.0
2022-12-19 07:00:00,4.567
2022-12-19 08:00:00,17.722
2022-12-19 09:00:00,28.618
2022-12-19 10:00:00,35.51
2022-12-19 11:00:00,39.281
2022-12-19 12:00:00,40.205
2022-12-19 13:00:00,38.507
2022-12-19 14:00:00,34.148
2022-12-19 15:00:00,26.846
2022-12-19 16:00:00,16.208
2022-12-19 17:00:00,3.867
2022-12-19 18:00:00,0.0
2022-12-19 19:00:00,0.0
2022-12-19 20:00:00,0.0
2022-12-19 21:00:00,0.0
2022-12-19 22:00:00,0.0
2022-12-19 23:00:00,0.0
2022-12-20 00:00:00,0.0
2022-12-20 01:00:00,0.0
2022-12-20 02:00:00,0.0
2022-12-20 03:00:00,0.0
2022-12-20 04:00:00,0.0
2022-12-20 05:00:00,0.0
2022-12-20 06:00:00,0.0
2022-12-20 07:00:00,3.487
2022-12-20 08:00:00,15.039
2022-12-20 09:00:00,25.505
2022-12-20 10:00:00,32.256
2022-12-20 11:00:00,35.88
2022-12-20 12:00:00,36.024
2022-12-20 13:00:00,32.875
2022-12-20 14:00:00,25.269
2022-12-20 15:00:00,15.609
2022-12-20 16:00:00,7.23
2022-12-20 17:00:00,0.969
2022-12-20 18:00:00,0.0
2022-12-20 19:00:00,0.0
2022-12-20 20:00:00,0.0
2022-12-20 21:00:00,0.0
2022-12-20 22:00:00,0.0
2022-12-20 23:00:00,0.0
2022-12-21 00:00:00,0.0
2022-12-21 01:00:00,0.0
2022-12-21 02:00:00,0.0
2022-12-21 03:00:00,0.0
2022-12-21 04:00:00,0.0
2022-12-21 05:00:00,0.0
2022-12-21 06:00:00,0.0
2022-12-21 07:00:00,2.614
2022-12-21 08:00:00,13.873
2022-12-21 09:00:00,24.502
2022-12-21 10:00:00,31.671
2022-12-21 11:00:00,36.481
2022-12-21 12:00:00,37.85
2022-12-21 13:00:00,36.55
2022-12-21 14:00:00,32.429
2022-12-21 15:00:00,25.578
2022-12-21 16:00:00,15.485
2022-12-21 17:00:00,3.786
2022-12-21 18:00:00,0.0
2022-12-21 19:00:00,0.0
2022-12-21 20:00:00,0.0
2022-12-21 21:00:00,0.0
2022-12-21 22:00:00,0.0
2022-12-21 23:00:00,0.0
2022-12-22 00:00:00,0.0
2022-12-22 01:00:00,0.0
2022-12-22 02:00:00,0.0
2022-12-22 03:00:00,0.0
2022-12-22 04:00:00,0.0
2022-12-22 05:00:00,0.0
2022-12-22 06:00:00,0.0
2022-12-22 07:00:00,3.809
2022-12-22 08:00:00,16.418
2022-12-22 09:00:00,27.149
2022-12-22 10:00:00,33.931
2022-12-22 11:00:00,37.841
2022-12-22 12:00:00,38.857
2022-12-22 13:00:00,37.285
2022-12-22 14:00:00,33.035
2022-12-22 15:00:00,25.827
2022-12-22 16:00:00,15.285
2022-12-22 17:00:00,3.459
2022-12-22 18:00:00,0.0
2022-12-22 19:00:00,0.0
2022-12-22 20:00:00,0.0
2022-12-22 21:00:00,0.0
2022-12-22 22:00:00,0.0
2022-12-22 23:00:00,0.0
2022-12-23 00:00:00,0.0
2022-12-23 01:00:00,0.0
2022-12-23 02:00:00,0.0
2022-12-23 03:00:00,0.0
2022-12-23 04:00:00,0.0
2022-12-23 05:00:00,0.0
2022-12-23 06:00:00,0.0
2022-12-23 07:00:00,3.322
2022-12-23 08:00:00,15.739
2022-12-23 09:00:00,26.895
2022-12-23 10:00:00,33.985
2022-12-23 11:00:00,37.883
2022-12-23 12:00:00,38.949
2022-12-23 13:00:00,37.419
2022-12-23 14:00:00,33.081
2022-12-23 15:00:00,25.899
2022-12-23 16:00:00,15.314
2022-12-23 17:00:00,3.474
2022-12-23 18:00:00,0.0
2022-12-23 19:00:00,0.0
2022-12-23 20:00:00,0.0
2022-12-23 21:00:00,0.0
2022-12-23 22:00:00,0.0
2022-12-23 23:00:00,0.0
2022-12-24 00:00:00,0.0
2022-12-24 01:00:00,0.0
2022-12-24 02:00:00,0.0
2022-12-24 03:00:00,0.0
2022-12-24 04:00:00,0.0
2022-12-24 05:00:00,0.0
2022-12-24 06:00:00,0.0
2022-12-24 07:00:00,3.013
2022-12-24 08:00:00,14.912
2022-12-24 09:00:00,25.779
2022-12-24 10:00:00,32.836
2022-12-24 11:00:00,36.897
2022-12-24 12:00:00,38.021
2022-12-24 13:00:00,36.465
2022-12-24 14:00:00,32.437
2022-12-24 15:00:00,25.333
2022-12-24 16:00:00,14.956
2022-12-24 17:00:00,3.457
2022-12-24 18:00:00,0.0
2022-12-24 19:00:00,0.0
2022-12-24 20:00:00,0.0
2022-12-24 21:00:00,0.0
2022-12-24 22:00:00,0.0
2022-12-24 23:00:00,0.0
2022-12-25 00:00:00,0.0
2022-12-25 01:00:00,0.0
2022-12-25 02:00:00,0.0
2022-12-25 03:00:00,0.0
2022-12-25 04:00:00,0.0
2022-12-25 05:00:00,0.0
2022-12-25 06:00:00,0.0
2022-12-25 07:00:00,3.554
2022-12-25 08:00:00,15.923
2022-12-25 09:00:00,26.542
2022-12-25 10:00:00,33.165
2022-12-25 11:00:00,36.832
2022-12-25 12:00:00,37.65
2022-12-25 13:00:00,35.995
2022-12-25 14:00:00,32.153
2022-12-25 15:00:00,24.93
2022-12-25 16:00:00,14.402
2022-12-25 17:00:00,3.213
2022-12-25 18:00:00,0.0
2022-12-25 19:00:00,0.0
2022-12-25 20:00:00,0.0
2022-12-25 21:00:00,0.0
2022-12-25 22:00:00,0.0
2022-12-25 23:00:00,0.0
2022-12-26 00:00:00,0.0
2022-12-26 01:00:00,0.0
2022-12-26 02:00:00,0.0
2022-12-26 03:00:00,0.0
2022-12-26 04:00:00,0.0
2022-12-26 05:00:00,0.0
2022-12-26 06:00:00,0.0
2022-12-26 07:00:00,2.374
2022-12-26 08:00:00,10.972
2022-12-26 09:00:00,18.636
2022-12-26 10:00:00,24.866
2022-12-26 11:00:00,30.868
2022-12-26 12:00:00,33.334
2022-12-26 13:00:00,32.612
2022-12-26 14:00:00,29.373
2022-12-26 15:00:00,22.605
2022-12-26 16:00:00,12.255
2022-12-26 17:00:00,2.308
2022-12-26 18:00:00,0.0
2022-12-26 19:00:00,0.0
2022-12-26 20:00:00,0.0
2022-12-26 21:00:00,0.0
2022-12-26 22:00:00,0.0
2022-12-26 23:00:00,0.0
2022-12-27 00:00:00,0.0
2022-12-27 01:00:00,0.0
2022-12-27 02:00:00,0.0
2022-12-27 03:00:00,0.0
2022-12-27 04:00:00,0.0
2022-12-27 05:00:00,0.0
2022-12-27 06:00:00,0.0
2022-12-27 07:00:00,2.57
2022-12-27 08:00:00,13.443
2022-12-27 09:00:00,23.057
2022-12-27 10:00:00,29.416
2022-12-27 11:00:00,33.715
2022-12-27 12:00:00,34.581
2022-12-27 13:00:00,33.243
2022-12-27 14:00:00,29.206
2022-12-27 15:00:00,22.498
2022-12-27 16:00:00,12.492
2022-12-27 17:00:00,2.493
2022-12-27 18:00:00,0.0
2022-12-27 19:00:00,0.0
2022-12-27 20:00:00,0.0
2022-12-27 21:00:00,0.0
2022-12-27 22:00:00,0.0
2022-12-27 23:00:00,0.0
2022-12-28 00:00:00,0.0
2022-12-28 01:00:00,0.0
2022-12-28 02:00:00,0.0
2022-12-28 03:00:00,0.0
2022-12-28 04:00:00,0.0
2022-12-28 05:00:00,0.0
2022-12-28 06:00:00,0.0
2022-12-28 07:00:00,1.534
2022-12-28 08:00:00,9.841
2022-12-28 09:00:00,19.346
2022-12-28 10:00:00,27.28
2022-12-28 11:00:00,33.637
2022-12-28 12:00:00,35.344
2022-12-28 13:00:00,34.004
2022-12-28 14:00:00,28.848
2022-12-28 15:00:00,21.916
2022-12-28 16:00:00,11.091
2022-12-28 17:00:00,1.841
2022-12-28 18:00:00,0.0
2022-12-28 19:00:00,0.0
2022-12-28 20:00:00,0.0
2022-12-28 21:00:00,0.0
2022-12-28 22:00:00,0.0
2022-12-28 23:00:00,0.0
2022-12-29 00:00:00,0.0
2022-12-29 01:00:00,0.0
2022-12-29 02:00:00,0.0
2022-12-29 03:00:00,0.0
2022-12-29 04:00:00,0.0
2022-12-29 05:00:00,0.0
2022-12-29 06:00:00,0.0
2022-12-29 07:00:00,1.312
2022-12-29 08:00:00,10.807
2022-12-29 09:00:00,21.262
2022-12-29 10:00:00,27.794
2022-12-29 11:00:00,30.176
2022-12-29 12:00:00,33.275
2022-12-29 13:00:00,32.888
2022-12-29 14:00:00,29.421
2022-12-29 15:00:00,21.639
2022-12-29 16:00:00,11.198
2022-12-29 17:00:00,1.995
2022-12-29 18:00:00,0.0
2022-12-29 19:00:00,0.0
2022-12-29 20:00:00,0.0
2022-12-29 21:00:00,0.0
2022-12-29 22:00:00,0.0
2022-12-29 23:00:00,0.0
2022-12-30 00:00:00,0.0
2022-12-30 01:00:00,0.0
2022-12-30 02:00:00,0.0
2022-12-30 03:00:00,0.0
2022-12-30 04:00:00,0.0
2022-12-30 05:00:00,0.0
2022-12-30 06:00:00,0.0
2022-12-30 07:00:00,2.31
2022-12-30 08:00:00,13.323
2022-12-30 09:00:00,24.201
2022-12-30 10:00:00,31.642
2022-12-30 11:00:00,35.652
2022-12-30 12:00:00,36.828
2022-12-30 13:00:00,35.265
2022-12-30 14:00:00,30.782
2022-12-30 15:00:00,23.357
2022-12-30 16:00:00,12.841
2022-12-30 17:00:00,2.587
2022-12-30 18:00:00,0.0
2022-12-30 19:00:00,0.0
2022-12-30 20:00:00,0.0
2022-12-30 21:00:00,0.0
2022-12-30 22:00:00,0.0
2022-12-30 23:00:00,0.0
2022-12-31 00:00:00,0.0
2022-12-31 01:00:00,0.0
2022-12-31 02:00:00,0.0
2022-12-31 03:00:00,0.0
2022-12-31 04:00:00,0.0
2022-12-31 05:00:00,0.0
2022-12-31 06:00:00,0.0
2022-12-31 07:00:00,1.862
2022-12-31 08:00:00,8.618
2022-12-31 09:00:00,14.098
2022-12-31 10:00:00,21.709
2022-12-31 11:00:00,30.788
2022-12-31 12:00:00,34.942
2022-12-31 13:00:00,35.312
2022-12-31 14:00:00,31.302
2022-12-31 15:00:00,23.927
2022-12-31 16:00:00,13.384
2022-12-31 17:00:00,2.867
2022-12-31 18:00:00,0.0
2022-12-31 19:00:00,0.0
2022-12-31 20:00:00,0.0
2022-12-31 21:00:00,0.0
2022-12-31 22:00:00,0.0
2022-12-31 23:00:00,0.0
2023-01-01 00:00:00,0.0
2023-01-01 01:00:00,0.0
2023-01-01 02:00:00,0.0
2023-01-01 03:00:00,0.0
2023-01-01 04:00:00,0.0
2023-01-01 05:00:00,0.0
2023-01-01 06:00:00,0.0
2023-01-01 07:00:00,1.436
