time,electricity
2022-01-01 08:00:00,11.296
2022-01-01 09:00:00,21.799
2022-01-01 10:00:00,28.914
2022-01-01 11:00:00,32.864
2022-01-01 12:00:00,33.767
2022-01-01 13:00:00,31.563
2022-01-01 14:00:00,25.371
2022-01-01 15:00:00,16.779
2022-01-01 16:00:00,6.209
2022-01-01 17:00:00,0.044
2022-01-01 18:00:00,0.0
2022-01-01 19:00:00,0.0
2022-01-01 20:00:00,0.0
2022-01-01 21:00:00,0.0
2022-01-01 22:00:00,0.0
2022-01-01 23:00:00,0.0
2022-01-02 00:00:00,0.0
2022-01-02 01:00:00,0.0
2022-01-02 02:00:00,0.0
2022-01-02 03:00:00,0.0
2022-01-02 04:00:00,0.0
2022-01-02 05:00:00,0.0
2022-01-02 06:00:00,0.0
2022-01-02 07:00:00,2.189
2022-01-02 08:00:00,13.896
2022-01-02 09:00:00,24.898
2022-01-02 10:00:00,31.937
2022-01-02 11:00:00,35.222
2022-01-02 12:00:00,35.87
2022-01-02 13:00:00,33.628
2022-01-02 14:00:00,25.558
2022-01-02 15:00:00,16.663
2022-01-02 16:00:00,5.927
2022-01-02 17:00:00,0.035
2022-01-02 18:00:00,0.0
2022-01-02 19:00:00,0.0
2022-01-02 20:00:00,0.0
2022-01-02 21:00:00,0.0
2022-01-02 22:00:00,0.0
2022-01-02 23:00:00,0.0
2022-01-03 00:00:00,0.0
2022-01-03 01:00:00,0.0
2022-01-03 02:00:00,0.0
2022-01-03 03:00:00,0.0
2022-01-03 04:00:00,0.0
2022-01-03 05:00:00,0.0
2022-01-03 06:00:00,0.0
2022-01-03 07:00:00,1.596
2022-01-03 08:00:00,11.383
2022-01-03 09:00:00,21.986
2022-01-03 10:00:00,29.193
2022-01-03 11:00:00,32.114
2022-01-03 12:00:00,32.699
2022-01-03 13:00:00,30.279
2022-01-03 14:00:00,25.179
2022-01-03 15:00:00,16.558
2022-01-03 16:00:00,6.055
2022-01-03 17:00:00,0.043
2022-01-03 18:00:00,0.0
2022-01-03 19:00:00,0.0
2022-01-03 20:00:00,0.0
2022-01-03 21:00:00,0.0
2022-01-03 22:00:00,0.0
2022-01-03 23:00:00,0.0
2022-01-04 00:00:00,0.0
2022-01-04 01:00:00,0.0
2022-01-04 02:00:00,0.0
2022-01-04 03:00:00,0.0
2022-01-04 04:00:00,0.0
2022-01-04 05:00:00,0.0
2022-01-04 06:00:00,0.0
2022-01-04 07:00:00,0.986
2022-01-04 08:00:00,8.734
2022-01-04 09:00:00,17.677
2022-01-04 10:00:00,22.575
2022-01-04 11:00:00,21.437
2022-01-04 12:00:00,13.23
2022-01-04 13:00:00,6.304
2022-01-04 14:00:00,4.933
2022-01-04 15:00:00,3.091
2022-01-04 16:00:00,1.199
2022-01-04 17:00:00,0.0
2022-01-04 18:00:00,0.0
2022-01-04 19:00:00,0.0
2022-01-04 20:00:00,0.0
2022-01-04 21:00:00,0.0
2022-01-04 22:00:00,0.0
2022-01-04 23:00:00,0.0
2022-01-05 00:00:00,0.0
2022-01-05 01:00:00,0.0
2022-01-05 02:00:00,0.0
2022-01-05 03:00:00,0.0
2022-01-05 04:00:00,0.0
2022-01-05 05:00:00,0.0
2022-01-05 06:00:00,0.0
2022-01-05 07:00:00,0.023
2022-01-05 08:00:00,1.389
2022-01-05 09:00:00,4.895
2022-01-05 10:00:00,12.242
2022-01-05 11:00:00,20.202
2022-01-05 12:00:00,21.649
2022-01-05 13:00:00,19.864
2022-01-05 14:00:00,16.378
2022-01-05 15:00:00,8.828
2022-01-05 16:00:00,2.479
2022-01-05 17:00:00,0.0
2022-01-05 18:00:00,0.0
2022-01-05 19:00:00,0.0
2022-01-05 20:00:00,0.0
2022-01-05 21:00:00,0.0
2022-01-05 22:00:00,0.0
2022-01-05 23:00:00,0.0
2022-01-06 00:00:00,0.0
2022-01-06 01:00:00,0.0
2022-01-06 02:00:00,0.0
2022-01-06 03:00:00,0.0
2022-01-06 04:00:00,0.0
2022-01-06 05:00:00,0.0
2022-01-06 06:00:00,0.0
2022-01-06 07:00:00,0.453
2022-01-06 08:00:00,3.916
2022-01-06 09:00:00,8.353
2022-01-06 10:00:00,12.279
2022-01-06 11:00:00,10.62
2022-01-06 12:00:00,7.934
2022-01-06 13:00:00,6.496
2022-01-06 14:00:00,5.121
2022-01-06 15:00:00,3.3
2022-01-06 16:00:00,1.594
2022-01-06 17:00:00,0.0
2022-01-06 18:00:00,0.0
2022-01-06 19:00:00,0.0
2022-01-06 20:00:00,0.0
2022-01-06 21:00:00,0.0
2022-01-06 22:00:00,0.0
2022-01-06 23:00:00,0.0
2022-01-07 00:00:00,0.0
2022-01-07 01:00:00,0.0
2022-01-07 02:00:00,0.0
2022-01-07 03:00:00,0.0
2022-01-07 04:00:00,0.0
2022-01-07 05:00:00,0.0
2022-01-07 06:00:00,0.0
2022-01-07 07:00:00,0.302
2022-01-07 08:00:00,2.691
2022-01-07 09:00:00,6.171
2022-01-07 10:00:00,8.71
2022-01-07 11:00:00,8.75
2022-01-07 12:00:00,9.395
2022-01-07 13:00:00,7.607
2022-01-07 14:00:00,5.675
2022-01-07 15:00:00,3.364
2022-01-07 16:00:00,1.023
2022-01-07 17:00:00,0.0
2022-01-07 18:00:00,0.0
2022-01-07 19:00:00,0.0
2022-01-07 20:00:00,0.0
2022-01-07 21:00:00,0.0
2022-01-07 22:00:00,0.0
2022-01-07 23:00:00,0.0
2022-01-08 00:00:00,0.0
2022-01-08 01:00:00,0.0
2022-01-08 02:00:00,0.0
2022-01-08 03:00:00,0.0
2022-01-08 04:00:00,0.0
2022-01-08 05:00:00,0.0
2022-01-08 06:00:00,0.0
2022-01-08 07:00:00,0.451
2022-01-08 08:00:00,5.281
2022-01-08 09:00:00,12.922
2022-01-08 10:00:00,15.664
2022-01-08 11:00:00,13.093
2022-01-08 12:00:00,12.33
2022-01-08 13:00:00,12.91
2022-01-08 14:00:00,9.82
2022-01-08 15:00:00,5.592
2022-01-08 16:00:00,1.589
2022-01-08 17:00:00,0.0
2022-01-08 18:00:00,0.0
2022-01-08 19:00:00,0.0
2022-01-08 20:00:00,0.0
2022-01-08 21:00:00,0.0
2022-01-08 22:00:00,0.0
2022-01-08 23:00:00,0.0
2022-01-09 00:00:00,0.0
2022-01-09 01:00:00,0.0
2022-01-09 02:00:00,0.0
2022-01-09 03:00:00,0.0
2022-01-09 04:00:00,0.0
2022-01-09 05:00:00,0.0
2022-01-09 06:00:00,0.0
2022-01-09 07:00:00,0.181
2022-01-09 08:00:00,2.958
2022-01-09 09:00:00,7.982
2022-01-09 10:00:00,13.084
2022-01-09 11:00:00,12.524
2022-01-09 12:00:00,14.199
2022-01-09 13:00:00,13.203
2022-01-09 14:00:00,10.705
2022-01-09 15:00:00,7.211
2022-01-09 16:00:00,2.689
2022-01-09 17:00:00,0.0
2022-01-09 18:00:00,0.0
2022-01-09 19:00:00,0.0
2022-01-09 20:00:00,0.0
2022-01-09 21:00:00,0.0
2022-01-09 22:00:00,0.0
2022-01-09 23:00:00,0.0
2022-01-10 00:00:00,0.0
2022-01-10 01:00:00,0.0
2022-01-10 02:00:00,0.0
2022-01-10 03:00:00,0.0
2022-01-10 04:00:00,0.0
2022-01-10 05:00:00,0.0
2022-01-10 06:00:00,0.0
2022-01-10 07:00:00,1.045
2022-01-10 08:00:00,6.711
2022-01-10 09:00:00,13.864
2022-01-10 10:00:00,17.51
2022-01-10 11:00:00,19.278
2022-01-10 12:00:00,16.078
2022-01-10 13:00:00,13.135
2022-01-10 14:00:00,9.584
2022-01-10 15:00:00,5.918
2022-01-10 16:00:00,1.422
2022-01-10 17:00:00,0.0
2022-01-10 18:00:00,0.0
2022-01-10 19:00:00,0.0
2022-01-10 20:00:00,0.0
2022-01-10 21:00:00,0.0
2022-01-10 22:00:00,0.0
2022-01-10 23:00:00,0.0
2022-01-11 00:00:00,0.0
2022-01-11 01:00:00,0.0
2022-01-11 02:00:00,0.0
2022-01-11 03:00:00,0.0
2022-01-11 04:00:00,0.0
2022-01-11 05:00:00,0.0
2022-01-11 06:00:00,0.0
2022-01-11 07:00:00,0.379
2022-01-11 08:00:00,4.099
2022-01-11 09:00:00,12.408
2022-01-11 10:00:00,25.3
2022-01-11 11:00:00,34.827
2022-01-11 12:00:00,35.751
2022-01-11 13:00:00,33.535
2022-01-11 14:00:00,26.969
2022-01-11 15:00:00,18.022
2022-01-11 16:00:00,6.886
2022-01-11 17:00:00,0.122
2022-01-11 18:00:00,0.0
2022-01-11 19:00:00,0.0
2022-01-11 20:00:00,0.0
2022-01-11 21:00:00,0.0
2022-01-11 22:00:00,0.0
2022-01-11 23:00:00,0.0
2022-01-12 00:00:00,0.0
2022-01-12 01:00:00,0.0
2022-01-12 02:00:00,0.0
2022-01-12 03:00:00,0.0
2022-01-12 04:00:00,0.0
2022-01-12 05:00:00,0.0
2022-01-12 06:00:00,0.0
2022-01-12 07:00:00,2.27
2022-01-12 08:00:00,13.095
2022-01-12 09:00:00,24.467
2022-01-12 10:00:00,31.666
2022-01-12 11:00:00,34.534
2022-01-12 12:00:00,34.776
2022-01-12 13:00:00,31.499
2022-01-12 14:00:00,25.442
2022-01-12 15:00:00,16.375
2022-01-12 16:00:00,5.775
2022-01-12 17:00:00,0.08600000000000001
2022-01-12 18:00:00,0.0
2022-01-12 19:00:00,0.0
2022-01-12 20:00:00,0.0
2022-01-12 21:00:00,0.0
2022-01-12 22:00:00,0.0
2022-01-12 23:00:00,0.0
2022-01-13 00:00:00,0.0
2022-01-13 01:00:00,0.0
2022-01-13 02:00:00,0.0
2022-01-13 03:00:00,0.0
2022-01-13 04:00:00,0.0
2022-01-13 05:00:00,0.0
2022-01-13 06:00:00,0.0
2022-01-13 07:00:00,1.249
2022-01-13 08:00:00,9.042
2022-01-13 09:00:00,20.16
2022-01-13 10:00:00,30.306
2022-01-13 11:00:00,35.332
2022-01-13 12:00:00,36.41
2022-01-13 13:00:00,34.252
2022-01-13 14:00:00,28.102
2022-01-13 15:00:00,19.266
2022-01-13 16:00:00,7.84
2022-01-13 17:00:00,0.191
2022-01-13 18:00:00,0.0
2022-01-13 19:00:00,0.0
2022-01-13 20:00:00,0.0
2022-01-13 21:00:00,0.0
2022-01-13 22:00:00,0.0
2022-01-13 23:00:00,0.0
2022-01-14 00:00:00,0.0
2022-01-14 01:00:00,0.0
2022-01-14 02:00:00,0.0
2022-01-14 03:00:00,0.0
2022-01-14 04:00:00,0.0
2022-01-14 05:00:00,0.0
2022-01-14 06:00:00,0.0
2022-01-14 07:00:00,0.803
2022-01-14 08:00:00,6.317
2022-01-14 09:00:00,12.64
2022-01-14 10:00:00,16.128
2022-01-14 11:00:00,18.229
2022-01-14 12:00:00,19.426
2022-01-14 13:00:00,19.504
2022-01-14 14:00:00,17.466
2022-01-14 15:00:00,12.317
2022-01-14 16:00:00,4.985
2022-01-14 17:00:00,0.085
2022-01-14 18:00:00,0.0
2022-01-14 19:00:00,0.0
2022-01-14 20:00:00,0.0
2022-01-14 21:00:00,0.0
2022-01-14 22:00:00,0.0
2022-01-14 23:00:00,0.0
2022-01-15 00:00:00,0.0
2022-01-15 01:00:00,0.0
2022-01-15 02:00:00,0.0
2022-01-15 03:00:00,0.0
2022-01-15 04:00:00,0.0
2022-01-15 05:00:00,0.0
2022-01-15 06:00:00,0.0
2022-01-15 07:00:00,0.191
2022-01-15 08:00:00,2.599
2022-01-15 09:00:00,7.402
2022-01-15 10:00:00,9.739
2022-01-15 11:00:00,13.059
2022-01-15 12:00:00,15.722
2022-01-15 13:00:00,18.061
2022-01-15 14:00:00,17.751
2022-01-15 15:00:00,10.441
2022-01-15 16:00:00,3.501
2022-01-15 17:00:00,0.0
2022-01-15 18:00:00,0.0
2022-01-15 19:00:00,0.0
2022-01-15 20:00:00,0.0
2022-01-15 21:00:00,0.0
2022-01-15 22:00:00,0.0
2022-01-15 23:00:00,0.0
2022-01-16 00:00:00,0.0
2022-01-16 01:00:00,0.0
2022-01-16 02:00:00,0.0
2022-01-16 03:00:00,0.0
2022-01-16 04:00:00,0.0
2022-01-16 05:00:00,0.0
2022-01-16 06:00:00,0.0
2022-01-16 07:00:00,1.141
2022-01-16 08:00:00,6.258
2022-01-16 09:00:00,12.854
2022-01-16 10:00:00,12.705
2022-01-16 11:00:00,17.448
2022-01-16 12:00:00,25.347
2022-01-16 13:00:00,20.077
2022-01-16 14:00:00,11.589
2022-01-16 15:00:00,8.063
2022-01-16 16:00:00,1.221
2022-01-16 17:00:00,0.0
2022-01-16 18:00:00,0.0
2022-01-16 19:00:00,0.0
2022-01-16 20:00:00,0.0
2022-01-16 21:00:00,0.0
2022-01-16 22:00:00,0.0
2022-01-16 23:00:00,0.0
2022-01-17 00:00:00,0.0
2022-01-17 01:00:00,0.0
2022-01-17 02:00:00,0.0
2022-01-17 03:00:00,0.0
2022-01-17 04:00:00,0.0
2022-01-17 05:00:00,0.0
2022-01-17 06:00:00,0.0
2022-01-17 07:00:00,0.369
2022-01-17 08:00:00,2.979
2022-01-17 09:00:00,6.867
2022-01-17 10:00:00,10.569
2022-01-17 11:00:00,12.404
2022-01-17 12:00:00,13.43
2022-01-17 13:00:00,13.472
2022-01-17 14:00:00,15.89
2022-01-17 15:00:00,10.01
2022-01-17 16:00:00,4.244
2022-01-17 17:00:00,0.079
2022-01-17 18:00:00,0.0
2022-01-17 19:00:00,0.0
2022-01-17 20:00:00,0.0
2022-01-17 21:00:00,0.0
2022-01-17 22:00:00,0.0
2022-01-17 23:00:00,0.0
2022-01-18 00:00:00,0.0
2022-01-18 01:00:00,0.0
2022-01-18 02:00:00,0.0
2022-01-18 03:00:00,0.0
2022-01-18 04:00:00,0.0
2022-01-18 05:00:00,0.0
2022-01-18 06:00:00,0.0
2022-01-18 07:00:00,1.97
2022-01-18 08:00:00,11.981
2022-01-18 09:00:00,23.606
2022-01-18 10:00:00,30.959
2022-01-18 11:00:00,33.294
2022-01-18 12:00:00,34.208
2022-01-18 13:00:00,32.089
2022-01-18 14:00:00,24.129
2022-01-18 15:00:00,15.829
2022-01-18 16:00:00,5.988
2022-01-18 17:00:00,0.163
2022-01-18 18:00:00,0.0
2022-01-18 19:00:00,0.0
2022-01-18 20:00:00,0.0
2022-01-18 21:00:00,0.0
2022-01-18 22:00:00,0.0
2022-01-18 23:00:00,0.0
2022-01-19 00:00:00,0.0
2022-01-19 01:00:00,0.0
2022-01-19 02:00:00,0.0
2022-01-19 03:00:00,0.0
2022-01-19 04:00:00,0.0
2022-01-19 05:00:00,0.0
2022-01-19 06:00:00,0.0
2022-01-19 07:00:00,0.625
2022-01-19 08:00:00,4.4
2022-01-19 09:00:00,11.105
2022-01-19 10:00:00,26.526
2022-01-19 11:00:00,33.846
2022-01-19 12:00:00,34.616
2022-01-19 13:00:00,32.331
2022-01-19 14:00:00,28.328
2022-01-19 15:00:00,19.575
2022-01-19 16:00:00,8.124
2022-01-19 17:00:00,0.303
2022-01-19 18:00:00,0.0
2022-01-19 19:00:00,0.0
2022-01-19 20:00:00,0.0
2022-01-19 21:00:00,0.0
2022-01-19 22:00:00,0.0
2022-01-19 23:00:00,0.0
2022-01-20 00:00:00,0.0
2022-01-20 01:00:00,0.0
2022-01-20 02:00:00,0.0
2022-01-20 03:00:00,0.0
2022-01-20 04:00:00,0.0
2022-01-20 05:00:00,0.0
2022-01-20 06:00:00,0.0
2022-01-20 07:00:00,0.465
2022-01-20 08:00:00,2.679
2022-01-20 09:00:00,5.582
2022-01-20 10:00:00,9.600999999999999
2022-01-20 11:00:00,15.126
2022-01-20 12:00:00,15.193
2022-01-20 13:00:00,16.525
2022-01-20 14:00:00,11.527
2022-01-20 15:00:00,5.278
2022-01-20 16:00:00,1.561
2022-01-20 17:00:00,0.0
2022-01-20 18:00:00,0.0
2022-01-20 19:00:00,0.0
2022-01-20 20:00:00,0.0
2022-01-20 21:00:00,0.0
2022-01-20 22:00:00,0.0
2022-01-20 23:00:00,0.0
2022-01-21 00:00:00,0.0
2022-01-21 01:00:00,0.0
2022-01-21 02:00:00,0.0
2022-01-21 03:00:00,0.0
2022-01-21 04:00:00,0.0
2022-01-21 05:00:00,0.0
2022-01-21 06:00:00,0.0
2022-01-21 07:00:00,0.163
2022-01-21 08:00:00,1.691
2022-01-21 09:00:00,3.92
2022-01-21 10:00:00,6.248
2022-01-21 11:00:00,8.173
2022-01-21 12:00:00,10.337
2022-01-21 13:00:00,10.133
2022-01-21 14:00:00,9.248
2022-01-21 15:00:00,6.564
2022-01-21 16:00:00,2.519
2022-01-21 17:00:00,0.008
2022-01-21 18:00:00,0.0
2022-01-21 19:00:00,0.0
2022-01-21 20:00:00,0.0
2022-01-21 21:00:00,0.0
2022-01-21 22:00:00,0.0
2022-01-21 23:00:00,0.0
2022-01-22 00:00:00,0.0
2022-01-22 01:00:00,0.0
2022-01-22 02:00:00,0.0
2022-01-22 03:00:00,0.0
2022-01-22 04:00:00,0.0
2022-01-22 05:00:00,0.0
2022-01-22 06:00:00,0.0
2022-01-22 07:00:00,0.053
2022-01-22 08:00:00,0.936
2022-01-22 09:00:00,2.063
2022-01-22 10:00:00,2.95
2022-01-22 11:00:00,3.411
2022-01-22 12:00:00,3.3
2022-01-22 13:00:00,3.354
2022-01-22 14:00:00,3.923
2022-01-22 15:00:00,2.363
2022-01-22 16:00:00,0.9540000000000001
2022-01-22 17:00:00,0.0
2022-01-22 18:00:00,0.0
2022-01-22 19:00:00,0.0
2022-01-22 20:00:00,0.0
2022-01-22 21:00:00,0.0
2022-01-22 22:00:00,0.0
2022-01-22 23:00:00,0.0
2022-01-23 00:00:00,0.0
2022-01-23 01:00:00,0.0
2022-01-23 02:00:00,0.0
2022-01-23 03:00:00,0.0
2022-01-23 04:00:00,0.0
2022-01-23 05:00:00,0.0
2022-01-23 06:00:00,0.0
2022-01-23 07:00:00,0.411
2022-01-23 08:00:00,2.982
2022-01-23 09:00:00,6.295
2022-01-23 10:00:00,8.271
2022-01-23 11:00:00,9.301
2022-01-23 12:00:00,8.323
2022-01-23 13:00:00,7.376
2022-01-23 14:00:00,5.039
2022-01-23 15:00:00,3.065
2022-01-23 16:00:00,1.377
2022-01-23 17:00:00,0.0
2022-01-23 18:00:00,0.0
2022-01-23 19:00:00,0.0
2022-01-23 20:00:00,0.0
2022-01-23 21:00:00,0.0
2022-01-23 22:00:00,0.0
2022-01-23 23:00:00,0.0
2022-01-24 00:00:00,0.0
2022-01-24 01:00:00,0.0
2022-01-24 02:00:00,0.0
2022-01-24 03:00:00,0.0
2022-01-24 04:00:00,0.0
2022-01-24 05:00:00,0.0
2022-01-24 06:00:00,0.0
2022-01-24 07:00:00,0.158
2022-01-24 08:00:00,1.975
2022-01-24 09:00:00,4.819
2022-01-24 10:00:00,7.911
2022-01-24 11:00:00,10.602
2022-01-24 12:00:00,10.929
2022-01-24 13:00:00,9.754
2022-01-24 14:00:00,8.064
2022-01-24 15:00:00,5.669
2022-01-24 16:00:00,2.175
2022-01-24 17:00:00,0.019
2022-01-24 18:00:00,0.0
2022-01-24 19:00:00,0.0
2022-01-24 20:00:00,0.0
2022-01-24 21:00:00,0.0
2022-01-24 22:00:00,0.0
2022-01-24 23:00:00,0.0
2022-01-25 00:00:00,0.0
2022-01-25 01:00:00,0.0
2022-01-25 02:00:00,0.0
2022-01-25 03:00:00,0.0
2022-01-25 04:00:00,0.0
2022-01-25 05:00:00,0.0
2022-01-25 06:00:00,0.0
2022-01-25 07:00:00,0.867
2022-01-25 08:00:00,5.399
2022-01-25 09:00:00,11.194
2022-01-25 10:00:00,14.728
2022-01-25 11:00:00,14.602
2022-01-25 12:00:00,11.844
2022-01-25 13:00:00,9.891
2022-01-25 14:00:00,9.852
2022-01-25 15:00:00,6.185
2022-01-25 16:00:00,2.258
2022-01-25 17:00:00,0.019
2022-01-25 18:00:00,0.0
2022-01-25 19:00:00,0.0
2022-01-25 20:00:00,0.0
2022-01-25 21:00:00,0.0
2022-01-25 22:00:00,0.0
2022-01-25 23:00:00,0.0
2022-01-26 00:00:00,0.0
2022-01-26 01:00:00,0.0
2022-01-26 02:00:00,0.0
2022-01-26 03:00:00,0.0
2022-01-26 04:00:00,0.0
2022-01-26 05:00:00,0.0
2022-01-26 06:00:00,0.0
2022-01-26 07:00:00,0.306
2022-01-26 08:00:00,2.545
2022-01-26 09:00:00,5.32
2022-01-26 10:00:00,7.863
2022-01-26 11:00:00,8.527
2022-01-26 12:00:00,9.003
2022-01-26 13:00:00,7.586
2022-01-26 14:00:00,6.293
2022-01-26 15:00:00,4.189
2022-01-26 16:00:00,1.471
2022-01-26 17:00:00,0.007
2022-01-26 18:00:00,0.0
2022-01-26 19:00:00,0.0
2022-01-26 20:00:00,0.0
2022-01-26 21:00:00,0.0
2022-01-26 22:00:00,0.0
2022-01-26 23:00:00,0.0
2022-01-27 00:00:00,0.0
2022-01-27 01:00:00,0.0
2022-01-27 02:00:00,0.0
2022-01-27 03:00:00,0.0
2022-01-27 04:00:00,0.0
2022-01-27 05:00:00,0.0
2022-01-27 06:00:00,0.0
2022-01-27 07:00:00,0.5650000000000001
2022-01-27 08:00:00,4.03
2022-01-27 09:00:00,7.219
2022-01-27 10:00:00,8.892
2022-01-27 11:00:00,11.031
2022-01-27 12:00:00,9.729
2022-01-27 13:00:00,8.645
2022-01-27 14:00:00,5.806
2022-01-27 15:00:00,3.92
2022-01-27 16:00:00,1.416
2022-01-27 17:00:00,0.0
2022-01-27 18:00:00,0.0
2022-01-27 19:00:00,0.0
2022-01-27 20:00:00,0.0
2022-01-27 21:00:00,0.0
2022-01-27 22:00:00,0.0
2022-01-27 23:00:00,0.0
2022-01-28 00:00:00,0.0
2022-01-28 01:00:00,0.0
2022-01-28 02:00:00,0.0
2022-01-28 03:00:00,0.0
2022-01-28 04:00:00,0.0
2022-01-28 05:00:00,0.0
2022-01-28 06:00:00,0.0
2022-01-28 07:00:00,0.417
2022-01-28 08:00:00,2.992
2022-01-28 09:00:00,5.98
2022-01-28 10:00:00,8.911
2022-01-28 11:00:00,10.562
2022-01-28 12:00:00,12.06
2022-01-28 13:00:00,11.423
2022-01-28 14:00:00,7.41
2022-01-28 15:00:00,4.012
2022-01-28 16:00:00,1.726
2022-01-28 17:00:00,0.019
2022-01-28 18:00:00,0.0
2022-01-28 19:00:00,0.0
2022-01-28 20:00:00,0.0
2022-01-28 21:00:00,0.0
2022-01-28 22:00:00,0.0
2022-01-28 23:00:00,0.0
2022-01-29 00:00:00,0.0
2022-01-29 01:00:00,0.0
2022-01-29 02:00:00,0.0
2022-01-29 03:00:00,0.0
2022-01-29 04:00:00,0.0
2022-01-29 05:00:00,0.0
2022-01-29 06:00:00,0.0
2022-01-29 07:00:00,1.01
2022-01-29 08:00:00,5.795
2022-01-29 09:00:00,14.595
2022-01-29 10:00:00,15.379
2022-01-29 11:00:00,12.907
2022-01-29 12:00:00,13.462
2022-01-29 13:00:00,16.672
2022-01-29 14:00:00,9.777
2022-01-29 15:00:00,6.168
2022-01-29 16:00:00,2.434
2022-01-29 17:00:00,0.14
2022-01-29 18:00:00,0.0
2022-01-29 19:00:00,0.0
2022-01-29 20:00:00,0.0
2022-01-29 21:00:00,0.0
2022-01-29 22:00:00,0.0
2022-01-29 23:00:00,0.0
2022-01-30 00:00:00,0.0
2022-01-30 01:00:00,0.0
2022-01-30 02:00:00,0.0
2022-01-30 03:00:00,0.0
2022-01-30 04:00:00,0.0
2022-01-30 05:00:00,0.0
2022-01-30 06:00:00,0.0
2022-01-30 07:00:00,2.029
2022-01-30 08:00:00,11.347
2022-01-30 09:00:00,24.331
2022-01-30 10:00:00,28.188
2022-01-30 11:00:00,25.732
2022-01-30 12:00:00,28.788
2022-01-30 13:00:00,23.072
2022-01-30 14:00:00,19.302
2022-01-30 15:00:00,12.108
2022-01-30 16:00:00,6.355
2022-01-30 17:00:00,0.552
2022-01-30 18:00:00,0.0
2022-01-30 19:00:00,0.0
2022-01-30 20:00:00,0.0
2022-01-30 21:00:00,0.0
2022-01-30 22:00:00,0.0
2022-01-30 23:00:00,0.0
2022-01-31 00:00:00,0.0
2022-01-31 01:00:00,0.0
2022-01-31 02:00:00,0.0
2022-01-31 03:00:00,0.0
2022-01-31 04:00:00,0.0
2022-01-31 05:00:00,0.0
2022-01-31 06:00:00,0.0
2022-01-31 07:00:00,0.5670000000000001
2022-01-31 08:00:00,3.02
2022-01-31 09:00:00,6.256
2022-01-31 10:00:00,9.5
2022-01-31 11:00:00,11.618
2022-01-31 12:00:00,10.668
2022-01-31 13:00:00,8.569
2022-01-31 14:00:00,6.58
2022-01-31 15:00:00,3.861
2022-01-31 16:00:00,2.113
2022-01-31 17:00:00,0.176
2022-01-31 18:00:00,0.0
2022-01-31 19:00:00,0.0
2022-01-31 20:00:00,0.0
2022-01-31 21:00:00,0.0
2022-01-31 22:00:00,0.0
2022-01-31 23:00:00,0.0
2022-02-01 00:00:00,0.0
2022-02-01 01:00:00,0.0
2022-02-01 02:00:00,0.0
2022-02-01 03:00:00,0.0
2022-02-01 04:00:00,0.0
2022-02-01 05:00:00,0.0
2022-02-01 06:00:00,0.0
2022-02-01 07:00:00,0.96
2022-02-01 08:00:00,6.905
2022-02-01 09:00:00,15.123
2022-02-01 10:00:00,21.412
2022-02-01 11:00:00,24.048
2022-02-01 12:00:00,22.414
2022-02-01 13:00:00,18.97
2022-02-01 14:00:00,14.568
2022-02-01 15:00:00,8.752
2022-02-01 16:00:00,3.818
2022-02-01 17:00:00,0.191
2022-02-01 18:00:00,0.0
2022-02-01 19:00:00,0.0
2022-02-01 20:00:00,0.0
2022-02-01 21:00:00,0.0
2022-02-01 22:00:00,0.0
2022-02-01 23:00:00,0.0
2022-02-02 00:00:00,0.0
2022-02-02 01:00:00,0.0
2022-02-02 02:00:00,0.0
2022-02-02 03:00:00,0.0
2022-02-02 04:00:00,0.0
2022-02-02 05:00:00,0.0
2022-02-02 06:00:00,0.0
2022-02-02 07:00:00,1.047
2022-02-02 08:00:00,6.436
2022-02-02 09:00:00,12.874
2022-02-02 10:00:00,16.011
2022-02-02 11:00:00,15.879
2022-02-02 12:00:00,15.723
2022-02-02 13:00:00,12.431
2022-02-02 14:00:00,5.625
2022-02-02 15:00:00,3.468
2022-02-02 16:00:00,1.974
2022-02-02 17:00:00,0.146
2022-02-02 18:00:00,0.0
2022-02-02 19:00:00,0.0
2022-02-02 20:00:00,0.0
2022-02-02 21:00:00,0.0
2022-02-02 22:00:00,0.0
2022-02-02 23:00:00,0.0
2022-02-03 00:00:00,0.0
2022-02-03 01:00:00,0.0
2022-02-03 02:00:00,0.0
2022-02-03 03:00:00,0.0
2022-02-03 04:00:00,0.0
2022-02-03 05:00:00,0.0
2022-02-03 06:00:00,0.0
2022-02-03 07:00:00,1.384
2022-02-03 08:00:00,5.525
2022-02-03 09:00:00,9.391
2022-02-03 10:00:00,13.452
2022-02-03 11:00:00,14.873
2022-02-03 12:00:00,15.142
2022-02-03 13:00:00,15.561
2022-02-03 14:00:00,12.756
2022-02-03 15:00:00,8.61
2022-02-03 16:00:00,3.645
2022-02-03 17:00:00,0.244
2022-02-03 18:00:00,0.0
2022-02-03 19:00:00,0.0
2022-02-03 20:00:00,0.0
2022-02-03 21:00:00,0.0
2022-02-03 22:00:00,0.0
2022-02-03 23:00:00,0.0
2022-02-04 00:00:00,0.0
2022-02-04 01:00:00,0.0
2022-02-04 02:00:00,0.0
2022-02-04 03:00:00,0.0
2022-02-04 04:00:00,0.0
2022-02-04 05:00:00,0.0
2022-02-04 06:00:00,0.0
2022-02-04 07:00:00,1.674
2022-02-04 08:00:00,8.952
2022-02-04 09:00:00,19.383
2022-02-04 10:00:00,26.588
2022-02-04 11:00:00,28.049
2022-02-04 12:00:00,29.432
2022-02-04 13:00:00,31.971
2022-02-04 14:00:00,29.397
2022-02-04 15:00:00,21.605
2022-02-04 16:00:00,10.397
2022-02-04 17:00:00,1.127
2022-02-04 18:00:00,0.0
2022-02-04 19:00:00,0.0
2022-02-04 20:00:00,0.0
2022-02-04 21:00:00,0.0
2022-02-04 22:00:00,0.0
2022-02-04 23:00:00,0.0
2022-02-05 00:00:00,0.0
2022-02-05 01:00:00,0.0
2022-02-05 02:00:00,0.0
2022-02-05 03:00:00,0.0
2022-02-05 04:00:00,0.0
2022-02-05 05:00:00,0.0
2022-02-05 06:00:00,0.0
2022-02-05 07:00:00,4.64
2022-02-05 08:00:00,15.4
2022-02-05 09:00:00,25.378
2022-02-05 10:00:00,32.165
2022-02-05 11:00:00,35.487
2022-02-05 12:00:00,36.137
2022-02-05 13:00:00,33.812
2022-02-05 14:00:00,29.731
2022-02-05 15:00:00,21.003
2022-02-05 16:00:00,9.426
2022-02-05 17:00:00,0.975
2022-02-05 18:00:00,0.0
2022-02-05 19:00:00,0.0
2022-02-05 20:00:00,0.0
2022-02-05 21:00:00,0.0
2022-02-05 22:00:00,0.0
2022-02-05 23:00:00,0.0
2022-02-06 00:00:00,0.0
2022-02-06 01:00:00,0.0
2022-02-06 02:00:00,0.0
2022-02-06 03:00:00,0.0
2022-02-06 04:00:00,0.0
2022-02-06 05:00:00,0.0
2022-02-06 06:00:00,0.0
2022-02-06 07:00:00,0.743
2022-02-06 08:00:00,3.301
2022-02-06 09:00:00,6.21
2022-02-06 10:00:00,9.323
2022-02-06 11:00:00,12.647
2022-02-06 12:00:00,14.111
2022-02-06 13:00:00,13.289
2022-02-06 14:00:00,11.393
2022-02-06 15:00:00,7.194
2022-02-06 16:00:00,2.007
2022-02-06 17:00:00,0.019
2022-02-06 18:00:00,0.0
2022-02-06 19:00:00,0.0
2022-02-06 20:00:00,0.0
2022-02-06 21:00:00,0.0
2022-02-06 22:00:00,0.0
2022-02-06 23:00:00,0.0
2022-02-07 00:00:00,0.0
2022-02-07 01:00:00,0.0
2022-02-07 02:00:00,0.0
2022-02-07 03:00:00,0.0
2022-02-07 04:00:00,0.0
2022-02-07 05:00:00,0.0
2022-02-07 06:00:00,0.0
2022-02-07 07:00:00,0.167
2022-02-07 08:00:00,2.414
2022-02-07 09:00:00,8.423
2022-02-07 10:00:00,12.15
2022-02-07 11:00:00,16.21
2022-02-07 12:00:00,20.109
2022-02-07 13:00:00,15.168
2022-02-07 14:00:00,11.399
2022-02-07 15:00:00,7.318
2022-02-07 16:00:00,3.172
2022-02-07 17:00:00,0.209
2022-02-07 18:00:00,0.0
2022-02-07 19:00:00,0.0
2022-02-07 20:00:00,0.0
2022-02-07 21:00:00,0.0
2022-02-07 22:00:00,0.0
2022-02-07 23:00:00,0.0
2022-02-08 00:00:00,0.0
2022-02-08 01:00:00,0.0
2022-02-08 02:00:00,0.0
2022-02-08 03:00:00,0.0
2022-02-08 04:00:00,0.0
2022-02-08 05:00:00,0.0
2022-02-08 06:00:00,0.0
2022-02-08 07:00:00,3.79
2022-02-08 08:00:00,12.452
2022-02-08 09:00:00,19.613
2022-02-08 10:00:00,21.232
2022-02-08 11:00:00,22.285
2022-02-08 12:00:00,23.227
2022-02-08 13:00:00,19.171
2022-02-08 14:00:00,15.274
2022-02-08 15:00:00,8.368
2022-02-08 16:00:00,4.005
2022-02-08 17:00:00,0.526
2022-02-08 18:00:00,0.0
2022-02-08 19:00:00,0.0
2022-02-08 20:00:00,0.0
2022-02-08 21:00:00,0.0
2022-02-08 22:00:00,0.0
2022-02-08 23:00:00,0.0
2022-02-09 00:00:00,0.0
2022-02-09 01:00:00,0.0
2022-02-09 02:00:00,0.0
2022-02-09 03:00:00,0.0
2022-02-09 04:00:00,0.0
2022-02-09 05:00:00,0.0
2022-02-09 06:00:00,0.0
2022-02-09 07:00:00,0.999
2022-02-09 08:00:00,4.237
2022-02-09 09:00:00,9.0
2022-02-09 10:00:00,11.007
2022-02-09 11:00:00,12.564
2022-02-09 12:00:00,14.523
2022-02-09 13:00:00,14.02
2022-02-09 14:00:00,12.978
2022-02-09 15:00:00,8.735
2022-02-09 16:00:00,3.91
2022-02-09 17:00:00,0.442
2022-02-09 18:00:00,0.0
2022-02-09 19:00:00,0.0
2022-02-09 20:00:00,0.0
2022-02-09 21:00:00,0.0
2022-02-09 22:00:00,0.0
2022-02-09 23:00:00,0.0
2022-02-10 00:00:00,0.0
2022-02-10 01:00:00,0.0
2022-02-10 02:00:00,0.0
2022-02-10 03:00:00,0.0
2022-02-10 04:00:00,0.0
2022-02-10 05:00:00,0.0
2022-02-10 06:00:00,0.0
2022-02-10 07:00:00,2.366
2022-02-10 08:00:00,9.858
2022-02-10 09:00:00,17.473
2022-02-10 10:00:00,21.169
2022-02-10 11:00:00,23.725
2022-02-10 12:00:00,27.158
2022-02-10 13:00:00,24.384
2022-02-10 14:00:00,18.869
2022-02-10 15:00:00,12.394
2022-02-10 16:00:00,5.66
2022-02-10 17:00:00,0.5730000000000001
2022-02-10 18:00:00,0.0
2022-02-10 19:00:00,0.0
2022-02-10 20:00:00,0.0
2022-02-10 21:00:00,0.0
2022-02-10 22:00:00,0.0
2022-02-10 23:00:00,0.0
2022-02-11 00:00:00,0.0
2022-02-11 01:00:00,0.0
2022-02-11 02:00:00,0.0
2022-02-11 03:00:00,0.0
2022-02-11 04:00:00,0.0
2022-02-11 05:00:00,0.0
2022-02-11 06:00:00,0.0
2022-02-11 07:00:00,0.411
2022-02-11 08:00:00,2.038
2022-02-11 09:00:00,5.214
2022-02-11 10:00:00,8.959
2022-02-11 11:00:00,9.957
2022-02-11 12:00:00,9.126
2022-02-11 13:00:00,7.742
2022-02-11 14:00:00,6.433
2022-02-11 15:00:00,4.811
2022-02-11 16:00:00,2.432
2022-02-11 17:00:00,0.167
2022-02-11 18:00:00,0.0
2022-02-11 19:00:00,0.0
2022-02-11 20:00:00,0.0
2022-02-11 21:00:00,0.0
2022-02-11 22:00:00,0.0
2022-02-11 23:00:00,0.0
2022-02-12 00:00:00,0.0
2022-02-12 01:00:00,0.0
2022-02-12 02:00:00,0.0
2022-02-12 03:00:00,0.0
2022-02-12 04:00:00,0.0
2022-02-12 05:00:00,0.0
2022-02-12 06:00:00,0.0
2022-02-12 07:00:00,0.929
2022-02-12 08:00:00,4.86
2022-02-12 09:00:00,11.465
2022-02-12 10:00:00,15.179
2022-02-12 11:00:00,17.694
2022-02-12 12:00:00,17.382
2022-02-12 13:00:00,17.333
2022-02-12 14:00:00,15.33
2022-02-12 15:00:00,10.746
2022-02-12 16:00:00,4.623
2022-02-12 17:00:00,0.317
2022-02-12 18:00:00,0.0
2022-02-12 19:00:00,0.0
2022-02-12 20:00:00,0.0
2022-02-12 21:00:00,0.0
2022-02-12 22:00:00,0.0
2022-02-12 23:00:00,0.0
2022-02-13 00:00:00,0.0
2022-02-13 01:00:00,0.0
2022-02-13 02:00:00,0.0
2022-02-13 03:00:00,0.0
2022-02-13 04:00:00,0.0
2022-02-13 05:00:00,0.0
2022-02-13 06:00:00,0.0
2022-02-13 07:00:00,1.224
2022-02-13 08:00:00,4.869
2022-02-13 09:00:00,8.212
2022-02-13 10:00:00,11.082
2022-02-13 11:00:00,7.003
2022-02-13 12:00:00,6.787
2022-02-13 13:00:00,7.838
2022-02-13 14:00:00,9.051
2022-02-13 15:00:00,5.477
2022-02-13 16:00:00,2.608
2022-02-13 17:00:00,0.349
2022-02-13 18:00:00,0.0
2022-02-13 19:00:00,0.0
2022-02-13 20:00:00,0.0
2022-02-13 21:00:00,0.0
2022-02-13 22:00:00,0.0
2022-02-13 23:00:00,0.0
2022-02-14 00:00:00,0.0
2022-02-14 01:00:00,0.0
2022-02-14 02:00:00,0.0
2022-02-14 03:00:00,0.0
2022-02-14 04:00:00,0.0
2022-02-14 05:00:00,0.0
2022-02-14 06:00:00,0.0
2022-02-14 07:00:00,1.718
2022-02-14 08:00:00,6.781
2022-02-14 09:00:00,15.004
2022-02-14 10:00:00,32.368
2022-02-14 11:00:00,31.912
2022-02-14 12:00:00,34.529
2022-02-14 13:00:00,32.719
2022-02-14 14:00:00,28.109
2022-02-14 15:00:00,19.719
2022-02-14 16:00:00,8.504
2022-02-14 17:00:00,0.649
2022-02-14 18:00:00,0.0
2022-02-14 19:00:00,0.0
2022-02-14 20:00:00,0.0
2022-02-14 21:00:00,0.0
2022-02-14 22:00:00,0.0
2022-02-14 23:00:00,0.0
2022-02-15 00:00:00,0.0
2022-02-15 01:00:00,0.0
2022-02-15 02:00:00,0.0
2022-02-15 03:00:00,0.0
2022-02-15 04:00:00,0.0
2022-02-15 05:00:00,0.0
2022-02-15 06:00:00,0.0
2022-02-15 07:00:00,3.091
2022-02-15 08:00:00,11.341
2022-02-15 09:00:00,19.083
2022-02-15 10:00:00,19.598
2022-02-15 11:00:00,17.621
2022-02-15 12:00:00,20.114
2022-02-15 13:00:00,21.58
2022-02-15 14:00:00,18.087
2022-02-15 15:00:00,13.557
2022-02-15 16:00:00,6.035
2022-02-15 17:00:00,0.7030000000000001
2022-02-15 18:00:00,0.0
2022-02-15 19:00:00,0.0
2022-02-15 20:00:00,0.0
2022-02-15 21:00:00,0.0
2022-02-15 22:00:00,0.0
2022-02-15 23:00:00,0.0
2022-02-16 00:00:00,0.0
2022-02-16 01:00:00,0.0
2022-02-16 02:00:00,0.0
2022-02-16 03:00:00,0.0
2022-02-16 04:00:00,0.0
2022-02-16 05:00:00,0.0
2022-02-16 06:00:00,0.0
2022-02-16 07:00:00,1.899
2022-02-16 08:00:00,7.16
2022-02-16 09:00:00,12.75
2022-02-16 10:00:00,17.335
2022-02-16 11:00:00,17.779
2022-02-16 12:00:00,15.574
2022-02-16 13:00:00,13.558
2022-02-16 14:00:00,10.976
2022-02-16 15:00:00,6.873
2022-02-16 16:00:00,3.041
2022-02-16 17:00:00,0.356
2022-02-16 18:00:00,0.0
2022-02-16 19:00:00,0.0
2022-02-16 20:00:00,0.0
2022-02-16 21:00:00,0.0
2022-02-16 22:00:00,0.0
2022-02-16 23:00:00,0.0
2022-02-17 00:00:00,0.0
2022-02-17 01:00:00,0.0
2022-02-17 02:00:00,0.0
2022-02-17 03:00:00,0.0
2022-02-17 04:00:00,0.0
2022-02-17 05:00:00,0.0
2022-02-17 06:00:00,0.0
2022-02-17 07:00:00,0.627
2022-02-17 08:00:00,3.24
2022-02-17 09:00:00,7.381
2022-02-17 10:00:00,10.381
2022-02-17 11:00:00,13.827
2022-02-17 12:00:00,14.203
2022-02-17 13:00:00,9.55
2022-02-17 14:00:00,8.811
2022-02-17 15:00:00,5.883
2022-02-17 16:00:00,2.675
2022-02-17 17:00:00,0.284
2022-02-17 18:00:00,0.0
2022-02-17 19:00:00,0.0
2022-02-17 20:00:00,0.0
2022-02-17 21:00:00,0.0
2022-02-17 22:00:00,0.0
2022-02-17 23:00:00,0.0
2022-02-18 00:00:00,0.0
2022-02-18 01:00:00,0.0
2022-02-18 02:00:00,0.0
2022-02-18 03:00:00,0.0
2022-02-18 04:00:00,0.0
2022-02-18 05:00:00,0.0
2022-02-18 06:00:00,0.0
2022-02-18 07:00:00,1.4
2022-02-18 08:00:00,7.465
2022-02-18 09:00:00,12.235
2022-02-18 10:00:00,10.946
2022-02-18 11:00:00,16.79
2022-02-18 12:00:00,17.241
2022-02-18 13:00:00,13.666
2022-02-18 14:00:00,15.528
2022-02-18 15:00:00,10.728
2022-02-18 16:00:00,4.627
2022-02-18 17:00:00,0.44
2022-02-18 18:00:00,0.0
2022-02-18 19:00:00,0.0
2022-02-18 20:00:00,0.0
2022-02-18 21:00:00,0.0
2022-02-18 22:00:00,0.0
2022-02-18 23:00:00,0.0
2022-02-19 00:00:00,0.0
2022-02-19 01:00:00,0.0
2022-02-19 02:00:00,0.0
2022-02-19 03:00:00,0.0
2022-02-19 04:00:00,0.0
2022-02-19 05:00:00,0.0
2022-02-19 06:00:00,0.0
2022-02-19 07:00:00,2.003
2022-02-19 08:00:00,7.144
2022-02-19 09:00:00,17.159
2022-02-19 10:00:00,25.514
2022-02-19 11:00:00,30.52
2022-02-19 12:00:00,30.435
2022-02-19 13:00:00,28.66
2022-02-19 14:00:00,21.135
2022-02-19 15:00:00,13.303
2022-02-19 16:00:00,6.263
2022-02-19 17:00:00,0.8130000000000001
2022-02-19 18:00:00,0.0
2022-02-19 19:00:00,0.0
2022-02-19 20:00:00,0.0
2022-02-19 21:00:00,0.0
2022-02-19 22:00:00,0.0
2022-02-19 23:00:00,0.0
2022-02-20 00:00:00,0.0
2022-02-20 01:00:00,0.0
2022-02-20 02:00:00,0.0
2022-02-20 03:00:00,0.0
2022-02-20 04:00:00,0.0
2022-02-20 05:00:00,0.0
2022-02-20 06:00:00,0.0
2022-02-20 07:00:00,3.123
2022-02-20 08:00:00,11.07
2022-02-20 09:00:00,14.125
2022-02-20 10:00:00,17.988
2022-02-20 11:00:00,20.875
2022-02-20 12:00:00,21.785
2022-02-20 13:00:00,20.298
2022-02-20 14:00:00,16.571
2022-02-20 15:00:00,11.362
2022-02-20 16:00:00,4.611
2022-02-20 17:00:00,0.742
2022-02-20 18:00:00,0.0
2022-02-20 19:00:00,0.0
2022-02-20 20:00:00,0.0
2022-02-20 21:00:00,0.0
2022-02-20 22:00:00,0.0
2022-02-20 23:00:00,0.0
2022-02-21 00:00:00,0.0
2022-02-21 01:00:00,0.0
2022-02-21 02:00:00,0.0
2022-02-21 03:00:00,0.0
2022-02-21 04:00:00,0.0
2022-02-21 05:00:00,0.0
2022-02-21 06:00:00,0.0
2022-02-21 07:00:00,4.751
2022-02-21 08:00:00,12.359
2022-02-21 09:00:00,19.193
2022-02-21 10:00:00,21.711
2022-02-21 11:00:00,23.678
2022-02-21 12:00:00,25.235
2022-02-21 13:00:00,26.907
2022-02-21 14:00:00,24.315
2022-02-21 15:00:00,17.364
2022-02-21 16:00:00,8.354
2022-02-21 17:00:00,1.246
2022-02-21 18:00:00,0.0
2022-02-21 19:00:00,0.0
2022-02-21 20:00:00,0.0
2022-02-21 21:00:00,0.0
2022-02-21 22:00:00,0.0
2022-02-21 23:00:00,0.0
2022-02-22 00:00:00,0.0
2022-02-22 01:00:00,0.0
2022-02-22 02:00:00,0.0
2022-02-22 03:00:00,0.0
2022-02-22 04:00:00,0.0
2022-02-22 05:00:00,0.0
2022-02-22 06:00:00,0.0
2022-02-22 07:00:00,1.8
2022-02-22 08:00:00,5.103
2022-02-22 09:00:00,10.704
2022-02-22 10:00:00,11.889
2022-02-22 11:00:00,8.9
2022-02-22 12:00:00,11.132
2022-02-22 13:00:00,10.993
2022-02-22 14:00:00,9.651
2022-02-22 15:00:00,7.099
2022-02-22 16:00:00,4.424
2022-02-22 17:00:00,0.539
2022-02-22 18:00:00,0.0
2022-02-22 19:00:00,0.0
2022-02-22 20:00:00,0.0
2022-02-22 21:00:00,0.0
2022-02-22 22:00:00,0.0
2022-02-22 23:00:00,0.0
2022-02-23 00:00:00,0.0
2022-02-23 01:00:00,0.0
2022-02-23 02:00:00,0.0
2022-02-23 03:00:00,0.0
2022-02-23 04:00:00,0.0
2022-02-23 05:00:00,0.0
2022-02-23 06:00:00,0.0
2022-02-23 07:00:00,2.496
2022-02-23 08:00:00,11.768
2022-02-23 09:00:00,25.762
2022-02-23 10:00:00,30.598
2022-02-23 11:00:00,32.871
2022-02-23 12:00:00,31.819
2022-02-23 13:00:00,27.78
2022-02-23 14:00:00,21.716
2022-02-23 15:00:00,14.532
2022-02-23 16:00:00,7.035
2022-02-23 17:00:00,1.13
2022-02-23 18:00:00,0.0
2022-02-23 19:00:00,0.0
2022-02-23 20:00:00,0.0
2022-02-23 21:00:00,0.0
2022-02-23 22:00:00,0.0
2022-02-23 23:00:00,0.0
2022-02-24 00:00:00,0.0
2022-02-24 01:00:00,0.0
2022-02-24 02:00:00,0.0
2022-02-24 03:00:00,0.0
2022-02-24 04:00:00,0.0
2022-02-24 05:00:00,0.0
2022-02-24 06:00:00,0.0
2022-02-24 07:00:00,3.521
2022-02-24 08:00:00,12.872
2022-02-24 09:00:00,30.437
2022-02-24 10:00:00,37.27
2022-02-24 11:00:00,40.326
2022-02-24 12:00:00,40.952
2022-02-24 13:00:00,38.68
2022-02-24 14:00:00,32.759
2022-02-24 15:00:00,24.343
2022-02-24 16:00:00,13.2
2022-02-24 17:00:00,2.4
2022-02-24 18:00:00,0.0
2022-02-24 19:00:00,0.0
2022-02-24 20:00:00,0.0
2022-02-24 21:00:00,0.0
2022-02-24 22:00:00,0.0
2022-02-24 23:00:00,0.0
2022-02-25 00:00:00,0.0
2022-02-25 01:00:00,0.0
2022-02-25 02:00:00,0.0
2022-02-25 03:00:00,0.0
2022-02-25 04:00:00,0.0
2022-02-25 05:00:00,0.0
2022-02-25 06:00:00,0.012
2022-02-25 07:00:00,7.718
2022-02-25 08:00:00,19.87
2022-02-25 09:00:00,29.62
2022-02-25 10:00:00,36.112
2022-02-25 11:00:00,39.276
2022-02-25 12:00:00,39.84
2022-02-25 13:00:00,37.532
2022-02-25 14:00:00,32.017
2022-02-25 15:00:00,23.75
2022-02-25 16:00:00,12.819
2022-02-25 17:00:00,2.372
2022-02-25 18:00:00,0.0
2022-02-25 19:00:00,0.0
2022-02-25 20:00:00,0.0
2022-02-25 21:00:00,0.0
2022-02-25 22:00:00,0.0
2022-02-25 23:00:00,0.0
2022-02-26 00:00:00,0.0
2022-02-26 01:00:00,0.0
2022-02-26 02:00:00,0.0
2022-02-26 03:00:00,0.0
2022-02-26 04:00:00,0.0
2022-02-26 05:00:00,0.0
2022-02-26 06:00:00,0.0
2022-02-26 07:00:00,5.255
2022-02-26 08:00:00,15.208
2022-02-26 09:00:00,24.841
2022-02-26 10:00:00,32.247
2022-02-26 11:00:00,37.297
2022-02-26 12:00:00,38.417
2022-02-26 13:00:00,36.165
2022-02-26 14:00:00,31.476
2022-02-26 15:00:00,23.433
2022-02-26 16:00:00,12.693
2022-02-26 17:00:00,2.359
2022-02-26 18:00:00,0.0
2022-02-26 19:00:00,0.0
2022-02-26 20:00:00,0.0
2022-02-26 21:00:00,0.0
2022-02-26 22:00:00,0.0
2022-02-26 23:00:00,0.0
2022-02-27 00:00:00,0.0
2022-02-27 01:00:00,0.0
2022-02-27 02:00:00,0.0
2022-02-27 03:00:00,0.0
2022-02-27 04:00:00,0.0
2022-02-27 05:00:00,0.0
2022-02-27 06:00:00,0.001
2022-02-27 07:00:00,5.568
2022-02-27 08:00:00,16.153
2022-02-27 09:00:00,25.779
2022-02-27 10:00:00,32.328
2022-02-27 11:00:00,35.652
2022-02-27 12:00:00,36.269
2022-02-27 13:00:00,34.056
2022-02-27 14:00:00,29.31
2022-02-27 15:00:00,19.172
2022-02-27 16:00:00,8.51
2022-02-27 17:00:00,1.593
2022-02-27 18:00:00,0.0
2022-02-27 19:00:00,0.0
2022-02-27 20:00:00,0.0
2022-02-27 21:00:00,0.0
2022-02-27 22:00:00,0.0
2022-02-27 23:00:00,0.0
2022-02-28 00:00:00,0.0
2022-02-28 01:00:00,0.0
2022-02-28 02:00:00,0.0
2022-02-28 03:00:00,0.0
2022-02-28 04:00:00,0.0
2022-02-28 05:00:00,0.0
2022-02-28 06:00:00,0.0
2022-02-28 07:00:00,3.548
2022-02-28 08:00:00,8.465
2022-02-28 09:00:00,11.908
2022-02-28 10:00:00,14.155
2022-02-28 11:00:00,16.015
2022-02-28 12:00:00,15.777
2022-02-28 13:00:00,15.137
2022-02-28 14:00:00,11.992
2022-02-28 15:00:00,8.628
2022-02-28 16:00:00,3.89
2022-02-28 17:00:00,0.424
2022-02-28 18:00:00,0.0
2022-02-28 19:00:00,0.0
2022-02-28 20:00:00,0.0
2022-02-28 21:00:00,0.0
2022-02-28 22:00:00,0.0
2022-02-28 23:00:00,0.0
2022-03-01 00:00:00,0.0
2022-03-01 01:00:00,0.0
2022-03-01 02:00:00,0.0
2022-03-01 03:00:00,0.0
2022-03-01 04:00:00,0.0
2022-03-01 05:00:00,0.0
2022-03-01 06:00:00,0.0
2022-03-01 07:00:00,3.214
2022-03-01 08:00:00,9.785
2022-03-01 09:00:00,15.844
2022-03-01 10:00:00,18.356
2022-03-01 11:00:00,20.316
2022-03-01 12:00:00,20.039
2022-03-01 13:00:00,19.922
2022-03-01 14:00:00,17.316
2022-03-01 15:00:00,12.723
2022-03-01 16:00:00,6.632
2022-03-01 17:00:00,1.079
2022-03-01 18:00:00,0.0
2022-03-01 19:00:00,0.0
2022-03-01 20:00:00,0.0
2022-03-01 21:00:00,0.0
2022-03-01 22:00:00,0.0
2022-03-01 23:00:00,0.0
2022-03-02 00:00:00,0.0
2022-03-02 01:00:00,0.0
2022-03-02 02:00:00,0.0
2022-03-02 03:00:00,0.0
2022-03-02 04:00:00,0.0
2022-03-02 05:00:00,0.0
2022-03-02 06:00:00,0.049
2022-03-02 07:00:00,6.249
2022-03-02 08:00:00,17.767
2022-03-02 09:00:00,27.302
2022-03-02 10:00:00,33.78
2022-03-02 11:00:00,37.225
2022-03-02 12:00:00,37.899
2022-03-02 13:00:00,35.822
2022-03-02 14:00:00,31.743
2022-03-02 15:00:00,23.932
2022-03-02 16:00:00,13.454
2022-03-02 17:00:00,2.84
2022-03-02 18:00:00,0.0
2022-03-02 19:00:00,0.0
2022-03-02 20:00:00,0.0
2022-03-02 21:00:00,0.0
2022-03-02 22:00:00,0.0
2022-03-02 23:00:00,0.0
2022-03-03 00:00:00,0.0
2022-03-03 01:00:00,0.0
2022-03-03 02:00:00,0.0
2022-03-03 03:00:00,0.0
2022-03-03 04:00:00,0.0
2022-03-03 05:00:00,0.0
2022-03-03 06:00:00,0.018
2022-03-03 07:00:00,5.011
2022-03-03 08:00:00,14.457
2022-03-03 09:00:00,22.279
2022-03-03 10:00:00,27.871
2022-03-03 11:00:00,30.032
2022-03-03 12:00:00,25.941
2022-03-03 13:00:00,20.063
2022-03-03 14:00:00,14.668
2022-03-03 15:00:00,9.064
2022-03-03 16:00:00,3.69
2022-03-03 17:00:00,0.493
2022-03-03 18:00:00,0.0
2022-03-03 19:00:00,0.0
2022-03-03 20:00:00,0.0
2022-03-03 21:00:00,0.0
2022-03-03 22:00:00,0.0
2022-03-03 23:00:00,0.0
2022-03-04 00:00:00,0.0
2022-03-04 01:00:00,0.0
2022-03-04 02:00:00,0.0
2022-03-04 03:00:00,0.0
2022-03-04 04:00:00,0.0
2022-03-04 05:00:00,0.0
2022-03-04 06:00:00,0.037
2022-03-04 07:00:00,5.028
2022-03-04 08:00:00,15.774
2022-03-04 09:00:00,25.641
2022-03-04 10:00:00,32.624
2022-03-04 11:00:00,35.715
2022-03-04 12:00:00,36.733
2022-03-04 13:00:00,34.98
2022-03-04 14:00:00,30.266
2022-03-04 15:00:00,22.81
2022-03-04 16:00:00,12.667
2022-03-04 17:00:00,2.587
2022-03-04 18:00:00,0.0
2022-03-04 19:00:00,0.0
2022-03-04 20:00:00,0.0
2022-03-04 21:00:00,0.0
2022-03-04 22:00:00,0.0
2022-03-04 23:00:00,0.0
2022-03-05 00:00:00,0.0
2022-03-05 01:00:00,0.0
2022-03-05 02:00:00,0.0
2022-03-05 03:00:00,0.0
2022-03-05 04:00:00,0.0
2022-03-05 05:00:00,0.0
2022-03-05 06:00:00,0.101
2022-03-05 07:00:00,6.967
2022-03-05 08:00:00,17.666
2022-03-05 09:00:00,26.907
2022-03-05 10:00:00,32.942
2022-03-05 11:00:00,36.351
2022-03-05 12:00:00,37.022
2022-03-05 13:00:00,35.049
2022-03-05 14:00:00,29.501
2022-03-05 15:00:00,21.532
2022-03-05 16:00:00,10.377
2022-03-05 17:00:00,2.001
2022-03-05 18:00:00,0.0
2022-03-05 19:00:00,0.0
2022-03-05 20:00:00,0.0
2022-03-05 21:00:00,0.0
2022-03-05 22:00:00,0.0
2022-03-05 23:00:00,0.0
2022-03-06 00:00:00,0.0
2022-03-06 01:00:00,0.0
2022-03-06 02:00:00,0.0
2022-03-06 03:00:00,0.0
2022-03-06 04:00:00,0.0
2022-03-06 05:00:00,0.0
2022-03-06 06:00:00,0.0
2022-03-06 07:00:00,2.206
2022-03-06 08:00:00,7.623
2022-03-06 09:00:00,12.693
2022-03-06 10:00:00,14.014
2022-03-06 11:00:00,14.223
2022-03-06 12:00:00,17.48
2022-03-06 13:00:00,19.575
2022-03-06 14:00:00,13.521
2022-03-06 15:00:00,7.526
2022-03-06 16:00:00,3.533
2022-03-06 17:00:00,0.626
2022-03-06 18:00:00,0.0
2022-03-06 19:00:00,0.0
2022-03-06 20:00:00,0.0
2022-03-06 21:00:00,0.0
2022-03-06 22:00:00,0.0
2022-03-06 23:00:00,0.0
2022-03-07 00:00:00,0.0
2022-03-07 01:00:00,0.0
2022-03-07 02:00:00,0.0
2022-03-07 03:00:00,0.0
2022-03-07 04:00:00,0.0
2022-03-07 05:00:00,0.0
2022-03-07 06:00:00,0.059
2022-03-07 07:00:00,5.264
2022-03-07 08:00:00,17.322
2022-03-07 09:00:00,28.332
2022-03-07 10:00:00,34.893
2022-03-07 11:00:00,38.337
2022-03-07 12:00:00,39.114
2022-03-07 13:00:00,37.102
2022-03-07 14:00:00,32.525
2022-03-07 15:00:00,24.759
2022-03-07 16:00:00,14.418
2022-03-07 17:00:00,3.554
2022-03-07 18:00:00,0.0
2022-03-07 19:00:00,0.0
2022-03-07 20:00:00,0.0
2022-03-07 21:00:00,0.0
2022-03-07 22:00:00,0.0
2022-03-07 23:00:00,0.0
2022-03-08 00:00:00,0.0
2022-03-08 01:00:00,0.0
2022-03-08 02:00:00,0.0
2022-03-08 03:00:00,0.0
2022-03-08 04:00:00,0.0
2022-03-08 05:00:00,0.0
2022-03-08 06:00:00,0.23
2022-03-08 07:00:00,8.756
2022-03-08 08:00:00,20.716
2022-03-08 09:00:00,30.058
2022-03-08 10:00:00,36.315
2022-03-08 11:00:00,39.811
2022-03-08 12:00:00,40.407
2022-03-08 13:00:00,38.34
2022-03-08 14:00:00,33.715
2022-03-08 15:00:00,26.138
2022-03-08 16:00:00,15.786
2022-03-08 17:00:00,4.295
2022-03-08 18:00:00,0.0
2022-03-08 19:00:00,0.0
2022-03-08 20:00:00,0.0
2022-03-08 21:00:00,0.0
2022-03-08 22:00:00,0.0
2022-03-08 23:00:00,0.0
2022-03-09 00:00:00,0.0
2022-03-09 01:00:00,0.0
2022-03-09 02:00:00,0.0
2022-03-09 03:00:00,0.0
2022-03-09 04:00:00,0.0
2022-03-09 05:00:00,0.0
2022-03-09 06:00:00,0.274
2022-03-09 07:00:00,9.116
2022-03-09 08:00:00,20.67
2022-03-09 09:00:00,29.773
2022-03-09 10:00:00,35.708
2022-03-09 11:00:00,39.093
2022-03-09 12:00:00,39.632
2022-03-09 13:00:00,37.628
2022-03-09 14:00:00,33.287
2022-03-09 15:00:00,25.927
2022-03-09 16:00:00,15.853
2022-03-09 17:00:00,4.51
2022-03-09 18:00:00,0.0
2022-03-09 19:00:00,0.0
2022-03-09 20:00:00,0.0
2022-03-09 21:00:00,0.0
2022-03-09 22:00:00,0.0
2022-03-09 23:00:00,0.0
2022-03-10 00:00:00,0.0
2022-03-10 01:00:00,0.0
2022-03-10 02:00:00,0.0
2022-03-10 03:00:00,0.0
2022-03-10 04:00:00,0.0
2022-03-10 05:00:00,0.0
2022-03-10 06:00:00,0.25
2022-03-10 07:00:00,8.546
2022-03-10 08:00:00,19.86
2022-03-10 09:00:00,28.522
2022-03-10 10:00:00,34.152
2022-03-10 11:00:00,37.257
2022-03-10 12:00:00,37.639
2022-03-10 13:00:00,35.367
2022-03-10 14:00:00,30.017
2022-03-10 15:00:00,18.874
2022-03-10 16:00:00,8.308
2022-03-10 17:00:00,1.861
2022-03-10 18:00:00,0.0
2022-03-10 19:00:00,0.0
2022-03-10 20:00:00,0.0
2022-03-10 21:00:00,0.0
2022-03-10 22:00:00,0.0
2022-03-10 23:00:00,0.0
2022-03-11 00:00:00,0.0
2022-03-11 01:00:00,0.0
2022-03-11 02:00:00,0.0
2022-03-11 03:00:00,0.0
2022-03-11 04:00:00,0.0
2022-03-11 05:00:00,0.0
2022-03-11 06:00:00,0.129
2022-03-11 07:00:00,5.049
2022-03-11 08:00:00,14.238
2022-03-11 09:00:00,24.316
2022-03-11 10:00:00,31.264
2022-03-11 11:00:00,34.749
2022-03-11 12:00:00,34.801
2022-03-11 13:00:00,30.587
2022-03-11 14:00:00,25.824
2022-03-11 15:00:00,19.501
2022-03-11 16:00:00,11.165
2022-03-11 17:00:00,3.01
2022-03-11 18:00:00,0.0
2022-03-11 19:00:00,0.0
2022-03-11 20:00:00,0.0
2022-03-11 21:00:00,0.0
2022-03-11 22:00:00,0.0
2022-03-11 23:00:00,0.0
2022-03-12 00:00:00,0.0
2022-03-12 01:00:00,0.0
2022-03-12 02:00:00,0.0
2022-03-12 03:00:00,0.0
2022-03-12 04:00:00,0.0
2022-03-12 05:00:00,0.0
2022-03-12 06:00:00,0.275
2022-03-12 07:00:00,7.331
2022-03-12 08:00:00,17.053
2022-03-12 09:00:00,25.015
2022-03-12 10:00:00,30.617
2022-03-12 11:00:00,34.167
2022-03-12 12:00:00,35.377
2022-03-12 13:00:00,31.517
2022-03-12 14:00:00,18.925
2022-03-12 15:00:00,11.449
2022-03-12 16:00:00,7.224
2022-03-12 17:00:00,1.822
2022-03-12 18:00:00,0.0
2022-03-12 19:00:00,0.0
2022-03-12 20:00:00,0.0
2022-03-12 21:00:00,0.0
2022-03-12 22:00:00,0.0
2022-03-12 23:00:00,0.0
2022-03-13 00:00:00,0.0
2022-03-13 01:00:00,0.0
2022-03-13 02:00:00,0.0
2022-03-13 03:00:00,0.0
2022-03-13 04:00:00,0.0
2022-03-13 05:00:00,0.0
2022-03-13 06:00:00,0.042
2022-03-13 07:00:00,3.004
2022-03-13 08:00:00,9.224
2022-03-13 09:00:00,16.902
2022-03-13 10:00:00,25.548
2022-03-13 11:00:00,29.096
2022-03-13 12:00:00,29.423
2022-03-13 13:00:00,25.939
2022-03-13 14:00:00,24.041
2022-03-13 15:00:00,17.841
2022-03-13 16:00:00,8.934
2022-03-13 17:00:00,1.918
2022-03-13 18:00:00,0.0
2022-03-13 19:00:00,0.0
2022-03-13 20:00:00,0.0
2022-03-13 21:00:00,0.0
2022-03-13 22:00:00,0.0
2022-03-13 23:00:00,0.0
2022-03-14 00:00:00,0.0
2022-03-14 01:00:00,0.0
2022-03-14 02:00:00,0.0
2022-03-14 03:00:00,0.0
2022-03-14 04:00:00,0.0
2022-03-14 05:00:00,0.0
2022-03-14 06:00:00,0.181
2022-03-14 07:00:00,4.731
2022-03-14 08:00:00,10.074
2022-03-14 09:00:00,14.088
2022-03-14 10:00:00,16.992
2022-03-14 11:00:00,18.445
2022-03-14 12:00:00,14.202
2022-03-14 13:00:00,9.37
2022-03-14 14:00:00,6.221
2022-03-14 15:00:00,4.404
2022-03-14 16:00:00,2.246
2022-03-14 17:00:00,0.423
2022-03-14 18:00:00,0.0
2022-03-14 19:00:00,0.0
2022-03-14 20:00:00,0.0
2022-03-14 21:00:00,0.0
2022-03-14 22:00:00,0.0
2022-03-14 23:00:00,0.0
2022-03-15 00:00:00,0.0
2022-03-15 01:00:00,0.0
2022-03-15 02:00:00,0.0
2022-03-15 03:00:00,0.0
2022-03-15 04:00:00,0.0
2022-03-15 05:00:00,0.0
2022-03-15 06:00:00,0.292
2022-03-15 07:00:00,6.125
2022-03-15 08:00:00,15.352
2022-03-15 09:00:00,22.954
2022-03-15 10:00:00,31.393
2022-03-15 11:00:00,34.169
2022-03-15 12:00:00,34.999
2022-03-15 13:00:00,32.764
2022-03-15 14:00:00,28.027
2022-03-15 15:00:00,20.85
2022-03-15 16:00:00,12.08
2022-03-15 17:00:00,3.35
2022-03-15 18:00:00,0.0
2022-03-15 19:00:00,0.0
2022-03-15 20:00:00,0.0
2022-03-15 21:00:00,0.0
2022-03-15 22:00:00,0.0
2022-03-15 23:00:00,0.0
2022-03-16 00:00:00,0.0
2022-03-16 01:00:00,0.0
2022-03-16 02:00:00,0.0
2022-03-16 03:00:00,0.0
2022-03-16 04:00:00,0.0
2022-03-16 05:00:00,0.0
2022-03-16 06:00:00,0.282
2022-03-16 07:00:00,5.379
2022-03-16 08:00:00,11.631
2022-03-16 09:00:00,15.949
2022-03-16 10:00:00,19.835
2022-03-16 11:00:00,21.254
2022-03-16 12:00:00,22.082
2022-03-16 13:00:00,17.656
2022-03-16 14:00:00,9.272
2022-03-16 15:00:00,4.212
2022-03-16 16:00:00,1.886
2022-03-16 17:00:00,0.347
2022-03-16 18:00:00,0.0
2022-03-16 19:00:00,0.0
2022-03-16 20:00:00,0.0
2022-03-16 21:00:00,0.0
2022-03-16 22:00:00,0.0
2022-03-16 23:00:00,0.0
2022-03-17 00:00:00,0.0
2022-03-17 01:00:00,0.0
2022-03-17 02:00:00,0.0
2022-03-17 03:00:00,0.0
2022-03-17 04:00:00,0.0
2022-03-17 05:00:00,0.0
2022-03-17 06:00:00,0.119
2022-03-17 07:00:00,3.235
2022-03-17 08:00:00,8.881
2022-03-17 09:00:00,14.379
2022-03-17 10:00:00,16.636
2022-03-17 11:00:00,16.509
2022-03-17 12:00:00,12.681
2022-03-17 13:00:00,8.636
2022-03-17 14:00:00,6.51
2022-03-17 15:00:00,3.208
2022-03-17 16:00:00,1.274
2022-03-17 17:00:00,0.193
2022-03-17 18:00:00,0.0
2022-03-17 19:00:00,0.0
2022-03-17 20:00:00,0.0
2022-03-17 21:00:00,0.0
2022-03-17 22:00:00,0.0
2022-03-17 23:00:00,0.0
2022-03-18 00:00:00,0.0
2022-03-18 01:00:00,0.0
2022-03-18 02:00:00,0.0
2022-03-18 03:00:00,0.0
2022-03-18 04:00:00,0.0
2022-03-18 05:00:00,0.0
2022-03-18 06:00:00,0.078
2022-03-18 07:00:00,4.457
2022-03-18 08:00:00,12.345
2022-03-18 09:00:00,17.256
2022-03-18 10:00:00,24.231
2022-03-18 11:00:00,28.356
2022-03-18 12:00:00,25.282
2022-03-18 13:00:00,22.818
2022-03-18 14:00:00,22.191
2022-03-18 15:00:00,17.284
2022-03-18 16:00:00,10.318
2022-03-18 17:00:00,2.203
2022-03-18 18:00:00,0.0
2022-03-18 19:00:00,0.0
2022-03-18 20:00:00,0.0
2022-03-18 21:00:00,0.0
2022-03-18 22:00:00,0.0
2022-03-18 23:00:00,0.0
2022-03-19 00:00:00,0.0
2022-03-19 01:00:00,0.0
2022-03-19 02:00:00,0.0
2022-03-19 03:00:00,0.0
2022-03-19 04:00:00,0.0
2022-03-19 05:00:00,0.0
2022-03-19 06:00:00,0.32
2022-03-19 07:00:00,4.627
2022-03-19 08:00:00,9.509
2022-03-19 09:00:00,12.11
2022-03-19 10:00:00,13.608
2022-03-19 11:00:00,15.895
2022-03-19 12:00:00,13.844
2022-03-19 13:00:00,12.099
2022-03-19 14:00:00,8.850999999999999
2022-03-19 15:00:00,5.725
2022-03-19 16:00:00,3.081
2022-03-19 17:00:00,0.8320000000000001
2022-03-19 18:00:00,0.0
2022-03-19 19:00:00,0.0
2022-03-19 20:00:00,0.0
2022-03-19 21:00:00,0.0
2022-03-19 22:00:00,0.0
2022-03-19 23:00:00,0.0
2022-03-20 00:00:00,0.0
2022-03-20 01:00:00,0.0
2022-03-20 02:00:00,0.0
2022-03-20 03:00:00,0.0
2022-03-20 04:00:00,0.0
2022-03-20 05:00:00,0.0
2022-03-20 06:00:00,0.059
2022-03-20 07:00:00,2.202
2022-03-20 08:00:00,6.607
2022-03-20 09:00:00,8.092
2022-03-20 10:00:00,12.106
2022-03-20 11:00:00,14.822
2022-03-20 12:00:00,14.622
2022-03-20 13:00:00,13.649
2022-03-20 14:00:00,7.907
2022-03-20 15:00:00,4.34
2022-03-20 16:00:00,2.404
2022-03-20 17:00:00,0.603
2022-03-20 18:00:00,0.0
2022-03-20 19:00:00,0.0
2022-03-20 20:00:00,0.0
2022-03-20 21:00:00,0.0
2022-03-20 22:00:00,0.0
2022-03-20 23:00:00,0.0
2022-03-21 00:00:00,0.0
2022-03-21 01:00:00,0.0
2022-03-21 02:00:00,0.0
2022-03-21 03:00:00,0.0
2022-03-21 04:00:00,0.0
2022-03-21 05:00:00,0.0
2022-03-21 06:00:00,0.0
2022-03-21 07:00:00,1.311
2022-03-21 08:00:00,5.469
2022-03-21 09:00:00,7.538
2022-03-21 10:00:00,16.433
2022-03-21 11:00:00,18.701
2022-03-21 12:00:00,15.667
2022-03-21 13:00:00,9.625
2022-03-21 14:00:00,6.628
2022-03-21 15:00:00,8.19
2022-03-21 16:00:00,4.874
2022-03-21 17:00:00,0.6990000000000001
2022-03-21 18:00:00,0.0
2022-03-21 19:00:00,0.0
2022-03-21 20:00:00,0.0
2022-03-21 21:00:00,0.0
2022-03-21 22:00:00,0.0
2022-03-21 23:00:00,0.0
2022-03-22 00:00:00,0.0
2022-03-22 01:00:00,0.0
2022-03-22 02:00:00,0.0
2022-03-22 03:00:00,0.0
2022-03-22 04:00:00,0.0
2022-03-22 05:00:00,0.0
2022-03-22 06:00:00,0.031
2022-03-22 07:00:00,1.188
2022-03-22 08:00:00,5.039
2022-03-22 09:00:00,14.422
2022-03-22 10:00:00,18.308
2022-03-22 11:00:00,19.394
2022-03-22 12:00:00,18.014
2022-03-22 13:00:00,10.281
2022-03-22 14:00:00,5.601
2022-03-22 15:00:00,3.319
2022-03-22 16:00:00,1.611
2022-03-22 17:00:00,0.421
2022-03-22 18:00:00,0.0
2022-03-22 19:00:00,0.0
2022-03-22 20:00:00,0.0
2022-03-22 21:00:00,0.0
2022-03-22 22:00:00,0.0
2022-03-22 23:00:00,0.0
2022-03-23 00:00:00,0.0
2022-03-23 01:00:00,0.0
2022-03-23 02:00:00,0.0
2022-03-23 03:00:00,0.0
2022-03-23 04:00:00,0.0
2022-03-23 05:00:00,0.0
2022-03-23 06:00:00,0.281
2022-03-23 07:00:00,2.903
2022-03-23 08:00:00,7.693
2022-03-23 09:00:00,12.747
2022-03-23 10:00:00,16.483
2022-03-23 11:00:00,20.05
2022-03-23 12:00:00,24.811
2022-03-23 13:00:00,24.27
2022-03-23 14:00:00,19.928
2022-03-23 15:00:00,15.662
2022-03-23 16:00:00,10.174
2022-03-23 17:00:00,3.193
2022-03-23 18:00:00,0.0
2022-03-23 19:00:00,0.0
2022-03-23 20:00:00,0.0
2022-03-23 21:00:00,0.0
2022-03-23 22:00:00,0.0
2022-03-23 23:00:00,0.0
2022-03-24 00:00:00,0.0
2022-03-24 01:00:00,0.0
2022-03-24 02:00:00,0.0
2022-03-24 03:00:00,0.0
2022-03-24 04:00:00,0.0
2022-03-24 05:00:00,0.0
2022-03-24 06:00:00,0.482
2022-03-24 07:00:00,4.576000000000001
2022-03-24 08:00:00,12.104
2022-03-24 09:00:00,19.591
2022-03-24 10:00:00,26.679
2022-03-24 11:00:00,28.658
2022-03-24 12:00:00,30.832
2022-03-24 13:00:00,30.402
2022-03-24 14:00:00,27.679
2022-03-24 15:00:00,20.425
2022-03-24 16:00:00,10.918
2022-03-24 17:00:00,2.872
2022-03-24 18:00:00,0.0
2022-03-24 19:00:00,0.0
2022-03-24 20:00:00,0.0
2022-03-24 21:00:00,0.0
2022-03-24 22:00:00,0.0
2022-03-24 23:00:00,0.0
2022-03-25 00:00:00,0.0
2022-03-25 01:00:00,0.0
2022-03-25 02:00:00,0.0
2022-03-25 03:00:00,0.0
2022-03-25 04:00:00,0.0
2022-03-25 05:00:00,0.0
2022-03-25 06:00:00,0.236
2022-03-25 07:00:00,5.271
2022-03-25 08:00:00,14.312
2022-03-25 09:00:00,18.18
2022-03-25 10:00:00,18.251
2022-03-25 11:00:00,16.521
2022-03-25 12:00:00,13.97
2022-03-25 13:00:00,12.158
2022-03-25 14:00:00,8.803
2022-03-25 15:00:00,6.746
2022-03-25 16:00:00,4.855
2022-03-25 17:00:00,1.524
2022-03-25 18:00:00,0.0
2022-03-25 19:00:00,0.0
2022-03-25 20:00:00,0.0
2022-03-25 21:00:00,0.0
2022-03-25 22:00:00,0.0
2022-03-25 23:00:00,0.0
2022-03-26 00:00:00,0.0
2022-03-26 01:00:00,0.0
2022-03-26 02:00:00,0.0
2022-03-26 03:00:00,0.0
2022-03-26 04:00:00,0.0
2022-03-26 05:00:00,0.0
2022-03-26 06:00:00,0.616
2022-03-26 07:00:00,5.965
2022-03-26 08:00:00,8.33
2022-03-26 09:00:00,12.878
2022-03-26 10:00:00,18.112
2022-03-26 11:00:00,20.747
2022-03-26 12:00:00,23.464
2022-03-26 13:00:00,21.662
2022-03-26 14:00:00,21.372
2022-03-26 15:00:00,15.112
2022-03-26 16:00:00,10.025
2022-03-26 17:00:00,3.295
2022-03-26 18:00:00,0.0
2022-03-26 19:00:00,0.0
2022-03-26 20:00:00,0.0
2022-03-26 21:00:00,0.0
2022-03-26 22:00:00,0.0
2022-03-26 23:00:00,0.0
2022-03-27 00:00:00,0.0
2022-03-27 01:00:00,0.0
2022-03-27 02:00:00,0.0
2022-03-27 03:00:00,0.0
2022-03-27 04:00:00,0.0
2022-03-27 05:00:00,0.0
2022-03-27 06:00:00,0.517
2022-03-27 07:00:00,5.911
2022-03-27 08:00:00,10.929
2022-03-27 09:00:00,17.749
2022-03-27 10:00:00,30.652
2022-03-27 11:00:00,33.682
2022-03-27 12:00:00,36.084
2022-03-27 13:00:00,33.778
2022-03-27 14:00:00,28.284
2022-03-27 15:00:00,19.867
2022-03-27 16:00:00,10.19
2022-03-27 17:00:00,3.138
2022-03-27 18:00:00,0.0
2022-03-27 19:00:00,0.0
2022-03-27 20:00:00,0.0
2022-03-27 21:00:00,0.0
2022-03-27 22:00:00,0.0
2022-03-27 23:00:00,0.0
2022-03-28 00:00:00,0.0
2022-03-28 01:00:00,0.0
2022-03-28 02:00:00,0.0
2022-03-28 03:00:00,0.0
2022-03-28 04:00:00,0.0
2022-03-28 05:00:00,0.0
2022-03-28 06:00:00,0.794
2022-03-28 07:00:00,8.451
2022-03-28 08:00:00,18.964
2022-03-28 09:00:00,27.982
2022-03-28 10:00:00,34.185
2022-03-28 11:00:00,38.064
2022-03-28 12:00:00,38.322
2022-03-28 13:00:00,36.87
2022-03-28 14:00:00,32.488
2022-03-28 15:00:00,25.201
2022-03-28 16:00:00,15.507
2022-03-28 17:00:00,5.324
2022-03-28 18:00:00,0.028
2022-03-28 19:00:00,0.0
2022-03-28 20:00:00,0.0
2022-03-28 21:00:00,0.0
2022-03-28 22:00:00,0.0
2022-03-28 23:00:00,0.0
2022-03-29 00:00:00,0.0
2022-03-29 01:00:00,0.0
2022-03-29 02:00:00,0.0
2022-03-29 03:00:00,0.0
2022-03-29 04:00:00,0.0
2022-03-29 05:00:00,0.0
2022-03-29 06:00:00,0.8260000000000001
2022-03-29 07:00:00,8.347
2022-03-29 08:00:00,18.474
2022-03-29 09:00:00,25.241
2022-03-29 10:00:00,27.091
2022-03-29 11:00:00,33.65
2022-03-29 12:00:00,35.835
2022-03-29 13:00:00,34.467
2022-03-29 14:00:00,30.525
2022-03-29 15:00:00,21.972
2022-03-29 16:00:00,11.689
2022-03-29 17:00:00,3.697
2022-03-29 18:00:00,0.023
2022-03-29 19:00:00,0.0
2022-03-29 20:00:00,0.0
2022-03-29 21:00:00,0.0
2022-03-29 22:00:00,0.0
2022-03-29 23:00:00,0.0
2022-03-30 00:00:00,0.0
2022-03-30 01:00:00,0.0
2022-03-30 02:00:00,0.0
2022-03-30 03:00:00,0.0
2022-03-30 04:00:00,0.0
2022-03-30 05:00:00,0.0
2022-03-30 06:00:00,0.598
2022-03-30 07:00:00,6.466
2022-03-30 08:00:00,11.598
2022-03-30 09:00:00,11.281
2022-03-30 10:00:00,12.239
2022-03-30 11:00:00,12.071
2022-03-30 12:00:00,7.703
2022-03-30 13:00:00,6.569
2022-03-30 14:00:00,7.122
2022-03-30 15:00:00,4.685
2022-03-30 16:00:00,2.279
2022-03-30 17:00:00,0.504
2022-03-30 18:00:00,0.0
2022-03-30 19:00:00,0.0
2022-03-30 20:00:00,0.0
2022-03-30 21:00:00,0.0
2022-03-30 22:00:00,0.0
2022-03-30 23:00:00,0.0
2022-03-31 00:00:00,0.0
2022-03-31 01:00:00,0.0
2022-03-31 02:00:00,0.0
2022-03-31 03:00:00,0.0
2022-03-31 04:00:00,0.0
2022-03-31 05:00:00,0.0
2022-03-31 06:00:00,0.121
2022-03-31 07:00:00,1.78
2022-03-31 08:00:00,3.138
2022-03-31 09:00:00,2.376
2022-03-31 10:00:00,3.704
2022-03-31 11:00:00,8.481
2022-03-31 12:00:00,9.132
2022-03-31 13:00:00,8.517
2022-03-31 14:00:00,8.297
2022-03-31 15:00:00,7.759
2022-03-31 16:00:00,9.263
2022-03-31 17:00:00,3.098
2022-03-31 18:00:00,0.0
2022-03-31 19:00:00,0.0
2022-03-31 20:00:00,0.0
2022-03-31 21:00:00,0.0
2022-03-31 22:00:00,0.0
2022-03-31 23:00:00,0.0
2022-04-01 00:00:00,0.0
2022-04-01 01:00:00,0.0
2022-04-01 02:00:00,0.0
2022-04-01 03:00:00,0.0
2022-04-01 04:00:00,0.0
2022-04-01 05:00:00,0.0
2022-04-01 06:00:00,0.5650000000000001
2022-04-01 07:00:00,4.166
2022-04-01 08:00:00,8.336
2022-04-01 09:00:00,10.595
2022-04-01 10:00:00,11.393
2022-04-01 11:00:00,17.165
2022-04-01 12:00:00,27.942
2022-04-01 13:00:00,37.311
2022-04-01 14:00:00,31.159
2022-04-01 15:00:00,20.718
2022-04-01 16:00:00,10.689
2022-04-01 17:00:00,3.152
2022-04-01 18:00:00,0.069
2022-04-01 19:00:00,0.0
2022-04-01 20:00:00,0.0
2022-04-01 21:00:00,0.0
2022-04-01 22:00:00,0.0
2022-04-01 23:00:00,0.0
2022-04-02 00:00:00,0.0
2022-04-02 01:00:00,0.0
2022-04-02 02:00:00,0.0
2022-04-02 03:00:00,0.0
2022-04-02 04:00:00,0.0
2022-04-02 05:00:00,0.0
2022-04-02 06:00:00,0.81
2022-04-02 07:00:00,6.351
2022-04-02 08:00:00,14.555
2022-04-02 09:00:00,27.313
2022-04-02 10:00:00,35.254
2022-04-02 11:00:00,37.408
2022-04-02 12:00:00,37.157
2022-04-02 13:00:00,30.063
2022-04-02 14:00:00,24.339
2022-04-02 15:00:00,18.623
2022-04-02 16:00:00,11.587
2022-04-02 17:00:00,3.63
2022-04-02 18:00:00,0.023
2022-04-02 19:00:00,0.0
2022-04-02 20:00:00,0.0
2022-04-02 21:00:00,0.0
2022-04-02 22:00:00,0.0
2022-04-02 23:00:00,0.0
2022-04-03 00:00:00,0.0
2022-04-03 01:00:00,0.0
2022-04-03 02:00:00,0.0
2022-04-03 03:00:00,0.0
2022-04-03 04:00:00,0.0
2022-04-03 05:00:00,0.0
2022-04-03 06:00:00,1.102
2022-04-03 07:00:00,9.325
2022-04-03 08:00:00,19.625
2022-04-03 09:00:00,28.397
2022-04-03 10:00:00,34.568
2022-04-03 11:00:00,37.879
2022-04-03 12:00:00,38.593
2022-04-03 13:00:00,36.663
2022-04-03 14:00:00,32.115
2022-04-03 15:00:00,24.953
2022-04-03 16:00:00,15.595
2022-04-03 17:00:00,5.735
2022-04-03 18:00:00,0.104
2022-04-03 19:00:00,0.0
2022-04-03 20:00:00,0.0
2022-04-03 21:00:00,0.0
2022-04-03 22:00:00,0.0
2022-04-03 23:00:00,0.0
2022-04-04 00:00:00,0.0
2022-04-04 01:00:00,0.0
2022-04-04 02:00:00,0.0
2022-04-04 03:00:00,0.0
2022-04-04 04:00:00,0.0
2022-04-04 05:00:00,0.0
2022-04-04 06:00:00,1.142
2022-04-04 07:00:00,9.647
2022-04-04 08:00:00,18.043
2022-04-04 09:00:00,25.722
2022-04-04 10:00:00,30.216
2022-04-04 11:00:00,34.471
2022-04-04 12:00:00,32.857
2022-04-04 13:00:00,30.549
2022-04-04 14:00:00,20.975
2022-04-04 15:00:00,10.165
2022-04-04 16:00:00,6.913
2022-04-04 17:00:00,3.174
2022-04-04 18:00:00,0.01
2022-04-04 19:00:00,0.0
2022-04-04 20:00:00,0.0
2022-04-04 21:00:00,0.0
2022-04-04 22:00:00,0.0
2022-04-04 23:00:00,0.0
2022-04-05 00:00:00,0.0
2022-04-05 01:00:00,0.0
2022-04-05 02:00:00,0.0
2022-04-05 03:00:00,0.0
2022-04-05 04:00:00,0.0
2022-04-05 05:00:00,0.0
2022-04-05 06:00:00,0.58
2022-04-05 07:00:00,3.251
2022-04-05 08:00:00,8.911
2022-04-05 09:00:00,20.566
2022-04-05 10:00:00,22.228
2022-04-05 11:00:00,32.774
2022-04-05 12:00:00,36.541
2022-04-05 13:00:00,33.43
2022-04-05 14:00:00,29.397
2022-04-05 15:00:00,22.929
2022-04-05 16:00:00,14.533
2022-04-05 17:00:00,5.763
2022-04-05 18:00:00,0.135
2022-04-05 19:00:00,0.0
2022-04-05 20:00:00,0.0
2022-04-05 21:00:00,0.0
2022-04-05 22:00:00,0.0
2022-04-05 23:00:00,0.0
2022-04-06 00:00:00,0.0
2022-04-06 01:00:00,0.0
2022-04-06 02:00:00,0.0
2022-04-06 03:00:00,0.0
2022-04-06 04:00:00,0.0
2022-04-06 05:00:00,0.0
2022-04-06 06:00:00,0.907
2022-04-06 07:00:00,7.928
2022-04-06 08:00:00,19.172
2022-04-06 09:00:00,27.887
2022-04-06 10:00:00,32.151
2022-04-06 11:00:00,31.573
2022-04-06 12:00:00,31.362
2022-04-06 13:00:00,30.056
2022-04-06 14:00:00,31.017
2022-04-06 15:00:00,24.255
2022-04-06 16:00:00,13.315
2022-04-06 17:00:00,3.727
2022-04-06 18:00:00,0.053
2022-04-06 19:00:00,0.0
2022-04-06 20:00:00,0.0
2022-04-06 21:00:00,0.0
2022-04-06 22:00:00,0.0
2022-04-06 23:00:00,0.0
2022-04-07 00:00:00,0.0
2022-04-07 01:00:00,0.0
2022-04-07 02:00:00,0.0
2022-04-07 03:00:00,0.0
2022-04-07 04:00:00,0.0
2022-04-07 05:00:00,0.0
2022-04-07 06:00:00,1.277
2022-04-07 07:00:00,9.801
2022-04-07 08:00:00,19.845
2022-04-07 09:00:00,27.957
2022-04-07 10:00:00,33.671
2022-04-07 11:00:00,36.874
2022-04-07 12:00:00,37.478
2022-04-07 13:00:00,35.646
2022-04-07 14:00:00,31.373
2022-04-07 15:00:00,24.637
2022-04-07 16:00:00,15.735
2022-04-07 17:00:00,6.101
2022-04-07 18:00:00,0.169
2022-04-07 19:00:00,0.0
2022-04-07 20:00:00,0.0
2022-04-07 21:00:00,0.0
2022-04-07 22:00:00,0.0
2022-04-07 23:00:00,0.0
2022-04-08 00:00:00,0.0
2022-04-08 01:00:00,0.0
2022-04-08 02:00:00,0.0
2022-04-08 03:00:00,0.0
2022-04-08 04:00:00,0.0
2022-04-08 05:00:00,0.0
2022-04-08 06:00:00,1.361
2022-04-08 07:00:00,10.566
2022-04-08 08:00:00,20.782
2022-04-08 09:00:00,28.922
2022-04-08 10:00:00,34.408
2022-04-08 11:00:00,37.544
2022-04-08 12:00:00,38.201
2022-04-08 13:00:00,36.428
2022-04-08 14:00:00,32.199
2022-04-08 15:00:00,25.452
2022-04-08 16:00:00,16.457
2022-04-08 17:00:00,6.522
2022-04-08 18:00:00,0.195
2022-04-08 19:00:00,0.0
2022-04-08 20:00:00,0.0
2022-04-08 21:00:00,0.0
2022-04-08 22:00:00,0.0
2022-04-08 23:00:00,0.0
2022-04-09 00:00:00,0.0
2022-04-09 01:00:00,0.0
2022-04-09 02:00:00,0.0
2022-04-09 03:00:00,0.0
2022-04-09 04:00:00,0.0
2022-04-09 05:00:00,0.0
2022-04-09 06:00:00,1.626
2022-04-09 07:00:00,10.446
2022-04-09 08:00:00,20.488
2022-04-09 09:00:00,28.522
2022-04-09 10:00:00,33.776
2022-04-09 11:00:00,36.942
2022-04-09 12:00:00,37.477
2022-04-09 13:00:00,35.377
2022-04-09 14:00:00,30.544
2022-04-09 15:00:00,23.403
2022-04-09 16:00:00,12.127
2022-04-09 17:00:00,2.309
2022-04-09 18:00:00,0.0
2022-04-09 19:00:00,0.0
2022-04-09 20:00:00,0.0
2022-04-09 21:00:00,0.0
2022-04-09 22:00:00,0.0
2022-04-09 23:00:00,0.0
2022-04-10 00:00:00,0.0
2022-04-10 01:00:00,0.0
2022-04-10 02:00:00,0.0
2022-04-10 03:00:00,0.0
2022-04-10 04:00:00,0.0
2022-04-10 05:00:00,0.0
2022-04-10 06:00:00,1.342
2022-04-10 07:00:00,7.358
2022-04-10 08:00:00,16.978
2022-04-10 09:00:00,25.837
2022-04-10 10:00:00,32.581
2022-04-10 11:00:00,36.219
2022-04-10 12:00:00,36.732
2022-04-10 13:00:00,34.889
2022-04-10 14:00:00,30.64
2022-04-10 15:00:00,23.823
2022-04-10 16:00:00,13.913
2022-04-10 17:00:00,4.146
2022-04-10 18:00:00,0.121
2022-04-10 19:00:00,0.0
2022-04-10 20:00:00,0.0
2022-04-10 21:00:00,0.0
2022-04-10 22:00:00,0.0
2022-04-10 23:00:00,0.0
2022-04-11 00:00:00,0.0
2022-04-11 01:00:00,0.0
2022-04-11 02:00:00,0.0
2022-04-11 03:00:00,0.0
2022-04-11 04:00:00,0.0
2022-04-11 05:00:00,0.0
2022-04-11 06:00:00,1.354
2022-04-11 07:00:00,8.476
2022-04-11 08:00:00,17.552
2022-04-11 09:00:00,25.24
2022-04-11 10:00:00,30.944
2022-04-11 11:00:00,34.846
2022-04-11 12:00:00,35.467
2022-04-11 13:00:00,33.622
2022-04-11 14:00:00,29.374
2022-04-11 15:00:00,21.077
2022-04-11 16:00:00,13.376
2022-04-11 17:00:00,5.363
2022-04-11 18:00:00,0.239
2022-04-11 19:00:00,0.0
2022-04-11 20:00:00,0.0
2022-04-11 21:00:00,0.0
2022-04-11 22:00:00,0.0
2022-04-11 23:00:00,0.0
2022-04-12 00:00:00,0.0
2022-04-12 01:00:00,0.0
2022-04-12 02:00:00,0.0
2022-04-12 03:00:00,0.0
2022-04-12 04:00:00,0.0
2022-04-12 05:00:00,0.0
2022-04-12 06:00:00,1.677
2022-04-12 07:00:00,9.577
2022-04-12 08:00:00,18.845
2022-04-12 09:00:00,26.216
2022-04-12 10:00:00,30.503
2022-04-12 11:00:00,31.216
2022-04-12 12:00:00,30.061
2022-04-12 13:00:00,27.393
2022-04-12 14:00:00,23.575
2022-04-12 15:00:00,17.949
2022-04-12 16:00:00,12.469
2022-04-12 17:00:00,4.693
2022-04-12 18:00:00,0.216
2022-04-12 19:00:00,0.0
2022-04-12 20:00:00,0.0
2022-04-12 21:00:00,0.0
2022-04-12 22:00:00,0.0
2022-04-12 23:00:00,0.0
2022-04-13 00:00:00,0.0
2022-04-13 01:00:00,0.0
2022-04-13 02:00:00,0.0
2022-04-13 03:00:00,0.0
2022-04-13 04:00:00,0.0
2022-04-13 05:00:00,0.0
2022-04-13 06:00:00,0.238
2022-04-13 07:00:00,2.832
2022-04-13 08:00:00,5.21
2022-04-13 09:00:00,5.3
2022-04-13 10:00:00,5.093
2022-04-13 11:00:00,7.015
2022-04-13 12:00:00,10.442
2022-04-13 13:00:00,17.355
2022-04-13 14:00:00,23.366
2022-04-13 15:00:00,20.666
2022-04-13 16:00:00,11.599
2022-04-13 17:00:00,4.474
2022-04-13 18:00:00,0.247
2022-04-13 19:00:00,0.0
2022-04-13 20:00:00,0.0
2022-04-13 21:00:00,0.0
2022-04-13 22:00:00,0.0
2022-04-13 23:00:00,0.0
2022-04-14 00:00:00,0.0
2022-04-14 01:00:00,0.0
2022-04-14 02:00:00,0.0
2022-04-14 03:00:00,0.0
2022-04-14 04:00:00,0.0
2022-04-14 05:00:00,0.0
2022-04-14 06:00:00,1.881
2022-04-14 07:00:00,9.712
2022-04-14 08:00:00,16.074
2022-04-14 09:00:00,16.654
2022-04-14 10:00:00,12.798
2022-04-14 11:00:00,12.481
2022-04-14 12:00:00,11.533
2022-04-14 13:00:00,9.63
2022-04-14 14:00:00,7.619
2022-04-14 15:00:00,6.769
2022-04-14 16:00:00,7.471
2022-04-14 17:00:00,3.603
2022-04-14 18:00:00,0.034
2022-04-14 19:00:00,0.0
2022-04-14 20:00:00,0.0
2022-04-14 21:00:00,0.0
2022-04-14 22:00:00,0.0
2022-04-14 23:00:00,0.0
2022-04-15 00:00:00,0.0
2022-04-15 01:00:00,0.0
2022-04-15 02:00:00,0.0
2022-04-15 03:00:00,0.0
2022-04-15 04:00:00,0.0
2022-04-15 05:00:00,0.0
2022-04-15 06:00:00,0.971
2022-04-15 07:00:00,5.833
2022-04-15 08:00:00,8.827
2022-04-15 09:00:00,12.474
2022-04-15 10:00:00,13.614
2022-04-15 11:00:00,17.597
2022-04-15 12:00:00,20.911
2022-04-15 13:00:00,21.138
2022-04-15 14:00:00,18.693
2022-04-15 15:00:00,12.793
2022-04-15 16:00:00,6.345
2022-04-15 17:00:00,3.291
2022-04-15 18:00:00,0.211
2022-04-15 19:00:00,0.0
2022-04-15 20:00:00,0.0
2022-04-15 21:00:00,0.0
2022-04-15 22:00:00,0.0
2022-04-15 23:00:00,0.0
2022-04-16 00:00:00,0.0
2022-04-16 01:00:00,0.0
2022-04-16 02:00:00,0.0
2022-04-16 03:00:00,0.0
2022-04-16 04:00:00,0.0
2022-04-16 05:00:00,0.0
2022-04-16 06:00:00,1.447
2022-04-16 07:00:00,7.599
2022-04-16 08:00:00,15.168
2022-04-16 09:00:00,19.952
2022-04-16 10:00:00,27.017
2022-04-16 11:00:00,35.758
2022-04-16 12:00:00,33.963
2022-04-16 13:00:00,28.042
2022-04-16 14:00:00,19.569
2022-04-16 15:00:00,11.664
2022-04-16 16:00:00,7.227
2022-04-16 17:00:00,3.506
2022-04-16 18:00:00,0.188
2022-04-16 19:00:00,0.0
2022-04-16 20:00:00,0.0
2022-04-16 21:00:00,0.0
2022-04-16 22:00:00,0.0
2022-04-16 23:00:00,0.0
2022-04-17 00:00:00,0.0
2022-04-17 01:00:00,0.0
2022-04-17 02:00:00,0.0
2022-04-17 03:00:00,0.0
2022-04-17 04:00:00,0.0
2022-04-17 05:00:00,0.0
2022-04-17 06:00:00,1.646
2022-04-17 07:00:00,7.816
2022-04-17 08:00:00,14.783
2022-04-17 09:00:00,18.377
2022-04-17 10:00:00,20.235
2022-04-17 11:00:00,20.53
2022-04-17 12:00:00,18.44
2022-04-17 13:00:00,15.536
2022-04-17 14:00:00,11.867
2022-04-17 15:00:00,8.195
2022-04-17 16:00:00,4.956
2022-04-17 17:00:00,1.879
2022-04-17 18:00:00,0.058
2022-04-17 19:00:00,0.0
2022-04-17 20:00:00,0.0
2022-04-17 21:00:00,0.0
2022-04-17 22:00:00,0.0
2022-04-17 23:00:00,0.0
2022-04-18 00:00:00,0.0
2022-04-18 01:00:00,0.0
2022-04-18 02:00:00,0.0
2022-04-18 03:00:00,0.0
2022-04-18 04:00:00,0.0
2022-04-18 05:00:00,0.0
2022-04-18 06:00:00,1.517
2022-04-18 07:00:00,8.507
2022-04-18 08:00:00,17.331
2022-04-18 09:00:00,25.551
2022-04-18 10:00:00,31.485
2022-04-18 11:00:00,34.9
2022-04-18 12:00:00,35.692
2022-04-18 13:00:00,33.922
2022-04-18 14:00:00,29.911
2022-04-18 15:00:00,23.256
2022-04-18 16:00:00,14.619
2022-04-18 17:00:00,5.251
2022-04-18 18:00:00,0.369
2022-04-18 19:00:00,0.0
2022-04-18 20:00:00,0.0
2022-04-18 21:00:00,0.0
2022-04-18 22:00:00,0.0
2022-04-18 23:00:00,0.0
2022-04-19 00:00:00,0.0
2022-04-19 01:00:00,0.0
2022-04-19 02:00:00,0.0
2022-04-19 03:00:00,0.0
2022-04-19 04:00:00,0.0
2022-04-19 05:00:00,0.0
2022-04-19 06:00:00,1.147
2022-04-19 07:00:00,5.821
2022-04-19 08:00:00,13.262
2022-04-19 09:00:00,20.267
2022-04-19 10:00:00,25.234
2022-04-19 11:00:00,28.802
2022-04-19 12:00:00,31.64
2022-04-19 13:00:00,33.116
2022-04-19 14:00:00,30.195
2022-04-19 15:00:00,24.476
2022-04-19 16:00:00,15.925
2022-04-19 17:00:00,6.705
2022-04-19 18:00:00,0.471
2022-04-19 19:00:00,0.0
2022-04-19 20:00:00,0.0
2022-04-19 21:00:00,0.0
2022-04-19 22:00:00,0.0
2022-04-19 23:00:00,0.0
2022-04-20 00:00:00,0.0
2022-04-20 01:00:00,0.0
2022-04-20 02:00:00,0.0
2022-04-20 03:00:00,0.0
2022-04-20 04:00:00,0.0
2022-04-20 05:00:00,0.0
2022-04-20 06:00:00,2.008
2022-04-20 07:00:00,7.723
2022-04-20 08:00:00,13.941
2022-04-20 09:00:00,17.851
2022-04-20 10:00:00,26.089
2022-04-20 11:00:00,28.552
2022-04-20 12:00:00,29.76
2022-04-20 13:00:00,25.078
2022-04-20 14:00:00,16.185
2022-04-20 15:00:00,11.902
2022-04-20 16:00:00,9.304
2022-04-20 17:00:00,4.493
2022-04-20 18:00:00,0.332
2022-04-20 19:00:00,0.0
2022-04-20 20:00:00,0.0
2022-04-20 21:00:00,0.0
2022-04-20 22:00:00,0.0
2022-04-20 23:00:00,0.0
2022-04-21 00:00:00,0.0
2022-04-21 01:00:00,0.0
2022-04-21 02:00:00,0.0
2022-04-21 03:00:00,0.0
2022-04-21 04:00:00,0.0
2022-04-21 05:00:00,0.0
2022-04-21 06:00:00,2.443
2022-04-21 07:00:00,10.958
2022-04-21 08:00:00,20.469
2022-04-21 09:00:00,28.322
2022-04-21 10:00:00,33.726
2022-04-21 11:00:00,36.796
2022-04-21 12:00:00,37.284
2022-04-21 13:00:00,35.43
2022-04-21 14:00:00,31.041
2022-04-21 15:00:00,24.39
2022-04-21 16:00:00,15.684
2022-04-21 17:00:00,6.443
2022-04-21 18:00:00,0.5
2022-04-21 19:00:00,0.0
2022-04-21 20:00:00,0.0
2022-04-21 21:00:00,0.0
2022-04-21 22:00:00,0.0
2022-04-21 23:00:00,0.0
2022-04-22 00:00:00,0.0
2022-04-22 01:00:00,0.0
2022-04-22 02:00:00,0.0
2022-04-22 03:00:00,0.0
2022-04-22 04:00:00,0.0
2022-04-22 05:00:00,0.0
2022-04-22 06:00:00,1.665
2022-04-22 07:00:00,9.81
2022-04-22 08:00:00,17.951
2022-04-22 09:00:00,23.903
2022-04-22 10:00:00,29.127
2022-04-22 11:00:00,26.094
2022-04-22 12:00:00,15.496
2022-04-22 13:00:00,7.415
2022-04-22 14:00:00,5.35
2022-04-22 15:00:00,4.381
2022-04-22 16:00:00,2.809
2022-04-22 17:00:00,0.88
2022-04-22 18:00:00,0.0
2022-04-22 19:00:00,0.0
2022-04-22 20:00:00,0.0
2022-04-22 21:00:00,0.0
2022-04-22 22:00:00,0.0
2022-04-22 23:00:00,0.0
2022-04-23 00:00:00,0.0
2022-04-23 01:00:00,0.0
2022-04-23 02:00:00,0.0
2022-04-23 03:00:00,0.0
2022-04-23 04:00:00,0.0
2022-04-23 05:00:00,0.0
2022-04-23 06:00:00,0.484
2022-04-23 07:00:00,3.803
2022-04-23 08:00:00,11.813
2022-04-23 09:00:00,21.308
2022-04-23 10:00:00,28.791
2022-04-23 11:00:00,31.195
2022-04-23 12:00:00,30.294
2022-04-23 13:00:00,29.353
2022-04-23 14:00:00,23.281
2022-04-23 15:00:00,18.655
2022-04-23 16:00:00,12.839
2022-04-23 17:00:00,5.631
2022-04-23 18:00:00,0.444
2022-04-23 19:00:00,0.0
2022-04-23 20:00:00,0.0
2022-04-23 21:00:00,0.0
2022-04-23 22:00:00,0.0
2022-04-23 23:00:00,0.0
2022-04-24 00:00:00,0.0
2022-04-24 01:00:00,0.0
2022-04-24 02:00:00,0.0
2022-04-24 03:00:00,0.0
2022-04-24 04:00:00,0.0
2022-04-24 05:00:00,0.0
2022-04-24 06:00:00,2.417
2022-04-24 07:00:00,10.268
2022-04-24 08:00:00,19.052
2022-04-24 09:00:00,26.521
2022-04-24 10:00:00,31.479
2022-04-24 11:00:00,34.148
2022-04-24 12:00:00,33.913
2022-04-24 13:00:00,30.799
2022-04-24 14:00:00,25.421
2022-04-24 15:00:00,17.053
2022-04-24 16:00:00,9.205
2022-04-24 17:00:00,3.001
2022-04-24 18:00:00,0.12
2022-04-24 19:00:00,0.0
2022-04-24 20:00:00,0.0
2022-04-24 21:00:00,0.0
2022-04-24 22:00:00,0.0
2022-04-24 23:00:00,0.0
2022-04-25 00:00:00,0.0
2022-04-25 01:00:00,0.0
2022-04-25 02:00:00,0.0
2022-04-25 03:00:00,0.0
2022-04-25 04:00:00,0.0
2022-04-25 05:00:00,0.0
2022-04-25 06:00:00,1.462
2022-04-25 07:00:00,5.691
2022-04-25 08:00:00,13.41
2022-04-25 09:00:00,19.641
2022-04-25 10:00:00,14.075
2022-04-25 11:00:00,13.665
2022-04-25 12:00:00,11.209
2022-04-25 13:00:00,11.749
2022-04-25 14:00:00,14.385
2022-04-25 15:00:00,13.858
2022-04-25 16:00:00,13.0
2022-04-25 17:00:00,5.301
2022-04-25 18:00:00,0.547
2022-04-25 19:00:00,0.0
2022-04-25 20:00:00,0.0
2022-04-25 21:00:00,0.0
2022-04-25 22:00:00,0.0
2022-04-25 23:00:00,0.0
2022-04-26 00:00:00,0.0
2022-04-26 01:00:00,0.0
2022-04-26 02:00:00,0.0
2022-04-26 03:00:00,0.0
2022-04-26 04:00:00,0.0
2022-04-26 05:00:00,0.0
2022-04-26 06:00:00,2.247
2022-04-26 07:00:00,8.795
2022-04-26 08:00:00,15.94
2022-04-26 09:00:00,25.337
2022-04-26 10:00:00,29.88
2022-04-26 11:00:00,32.675
2022-04-26 12:00:00,32.816
2022-04-26 13:00:00,27.071
2022-04-26 14:00:00,17.283
2022-04-26 15:00:00,7.806
2022-04-26 16:00:00,4.055
2022-04-26 17:00:00,1.15
2022-04-26 18:00:00,0.055
2022-04-26 19:00:00,0.0
2022-04-26 20:00:00,0.0
2022-04-26 21:00:00,0.0
2022-04-26 22:00:00,0.0
2022-04-26 23:00:00,0.0
2022-04-27 00:00:00,0.0
2022-04-27 01:00:00,0.0
2022-04-27 02:00:00,0.0
2022-04-27 03:00:00,0.0
2022-04-27 04:00:00,0.0
2022-04-27 05:00:00,0.0
2022-04-27 06:00:00,1.514
2022-04-27 07:00:00,6.893
2022-04-27 08:00:00,13.265
2022-04-27 09:00:00,18.686
2022-04-27 10:00:00,20.824
2022-04-27 11:00:00,18.672
2022-04-27 12:00:00,19.539
2022-04-27 13:00:00,22.574
2022-04-27 14:00:00,21.975
2022-04-27 15:00:00,19.078
2022-04-27 16:00:00,9.759
2022-04-27 17:00:00,3.294
2022-04-27 18:00:00,0.318
2022-04-27 19:00:00,0.0
2022-04-27 20:00:00,0.0
2022-04-27 21:00:00,0.0
2022-04-27 22:00:00,0.0
2022-04-27 23:00:00,0.0
2022-04-28 00:00:00,0.0
2022-04-28 01:00:00,0.0
2022-04-28 02:00:00,0.0
2022-04-28 03:00:00,0.0
2022-04-28 04:00:00,0.0
2022-04-28 05:00:00,0.0
2022-04-28 06:00:00,1.688
2022-04-28 07:00:00,5.427
2022-04-28 08:00:00,8.423
2022-04-28 09:00:00,10.225
2022-04-28 10:00:00,10.754
2022-04-28 11:00:00,16.679
2022-04-28 12:00:00,20.326
2022-04-28 13:00:00,21.056
2022-04-28 14:00:00,17.605
2022-04-28 15:00:00,10.98
2022-04-28 16:00:00,5.065
2022-04-28 17:00:00,1.472
2022-04-28 18:00:00,0.066
2022-04-28 19:00:00,0.0
2022-04-28 20:00:00,0.0
2022-04-28 21:00:00,0.0
2022-04-28 22:00:00,0.0
2022-04-28 23:00:00,0.0
2022-04-29 00:00:00,0.0
2022-04-29 01:00:00,0.0
2022-04-29 02:00:00,0.0
2022-04-29 03:00:00,0.0
2022-04-29 04:00:00,0.0
2022-04-29 05:00:00,0.0
2022-04-29 06:00:00,2.514
2022-04-29 07:00:00,9.205
2022-04-29 08:00:00,16.303
2022-04-29 09:00:00,21.131
2022-04-29 10:00:00,23.903
2022-04-29 11:00:00,21.374
2022-04-29 12:00:00,19.558
2022-04-29 13:00:00,16.54
2022-04-29 14:00:00,13.016
2022-04-29 15:00:00,9.716
2022-04-29 16:00:00,6.397
2022-04-29 17:00:00,2.48
2022-04-29 18:00:00,0.161
2022-04-29 19:00:00,0.0
2022-04-29 20:00:00,0.0
2022-04-29 21:00:00,0.0
2022-04-29 22:00:00,0.0
2022-04-29 23:00:00,0.0
2022-04-30 00:00:00,0.0
2022-04-30 01:00:00,0.0
2022-04-30 02:00:00,0.0
2022-04-30 03:00:00,0.0
2022-04-30 04:00:00,0.0
2022-04-30 05:00:00,0.0
2022-04-30 06:00:00,2.388
2022-04-30 07:00:00,9.231
2022-04-30 08:00:00,15.373
2022-04-30 09:00:00,11.953
2022-04-30 10:00:00,8.871
2022-04-30 11:00:00,5.697
2022-04-30 12:00:00,5.856
2022-04-30 13:00:00,8.079
2022-04-30 14:00:00,5.982
2022-04-30 15:00:00,5.017
2022-04-30 16:00:00,4.297
2022-04-30 17:00:00,4.317
2022-04-30 18:00:00,0.536
2022-04-30 19:00:00,0.0
2022-04-30 20:00:00,0.0
2022-04-30 21:00:00,0.0
2022-04-30 22:00:00,0.0
2022-04-30 23:00:00,0.0
2022-05-01 00:00:00,0.0
2022-05-01 01:00:00,0.0
2022-05-01 02:00:00,0.0
2022-05-01 03:00:00,0.0
2022-05-01 04:00:00,0.0
2022-05-01 05:00:00,0.0
2022-05-01 06:00:00,1.745
2022-05-01 07:00:00,5.142
2022-05-01 08:00:00,7.803
2022-05-01 09:00:00,8.063
2022-05-01 10:00:00,9.948
2022-05-01 11:00:00,11.99
2022-05-01 12:00:00,13.004
2022-05-01 13:00:00,11.828
2022-05-01 14:00:00,10.307
2022-05-01 15:00:00,8.044
2022-05-01 16:00:00,5.381
2022-05-01 17:00:00,2.293
2022-05-01 18:00:00,0.33
2022-05-01 19:00:00,0.0
2022-05-01 20:00:00,0.0
2022-05-01 21:00:00,0.0
2022-05-01 22:00:00,0.0
2022-05-01 23:00:00,0.0
2022-05-02 00:00:00,0.0
2022-05-02 01:00:00,0.0
2022-05-02 02:00:00,0.0
2022-05-02 03:00:00,0.0
2022-05-02 04:00:00,0.0
2022-05-02 05:00:00,0.0
2022-05-02 06:00:00,1.748
2022-05-02 07:00:00,6.898
2022-05-02 08:00:00,14.29
2022-05-02 09:00:00,18.889
2022-05-02 10:00:00,21.844
2022-05-02 11:00:00,25.549
2022-05-02 12:00:00,27.828
2022-05-02 13:00:00,26.668
2022-05-02 14:00:00,24.192
2022-05-02 15:00:00,20.719
2022-05-02 16:00:00,15.763
2022-05-02 17:00:00,7.51
2022-05-02 18:00:00,0.914
2022-05-02 19:00:00,0.0
2022-05-02 20:00:00,0.0
2022-05-02 21:00:00,0.0
2022-05-02 22:00:00,0.0
2022-05-02 23:00:00,0.0
2022-05-03 00:00:00,0.0
2022-05-03 01:00:00,0.0
2022-05-03 02:00:00,0.0
2022-05-03 03:00:00,0.0
2022-05-03 04:00:00,0.0
2022-05-03 05:00:00,0.0
2022-05-03 06:00:00,3.105
2022-05-03 07:00:00,11.475
2022-05-03 08:00:00,20.551
2022-05-03 09:00:00,28.014
2022-05-03 10:00:00,33.296
2022-05-03 11:00:00,36.572
2022-05-03 12:00:00,37.013
2022-05-03 13:00:00,35.266
2022-05-03 14:00:00,30.551
2022-05-03 15:00:00,23.144
2022-05-03 16:00:00,15.534
2022-05-03 17:00:00,7.038
2022-05-03 18:00:00,0.864
2022-05-03 19:00:00,0.0
2022-05-03 20:00:00,0.0
2022-05-03 21:00:00,0.0
2022-05-03 22:00:00,0.0
2022-05-03 23:00:00,0.0
2022-05-04 00:00:00,0.0
2022-05-04 01:00:00,0.0
2022-05-04 02:00:00,0.0
2022-05-04 03:00:00,0.0
2022-05-04 04:00:00,0.0
2022-05-04 05:00:00,0.0
2022-05-04 06:00:00,2.92
2022-05-04 07:00:00,11.575
2022-05-04 08:00:00,20.859
2022-05-04 09:00:00,28.372
2022-05-04 10:00:00,33.617
2022-05-04 11:00:00,36.442
2022-05-04 12:00:00,36.567
2022-05-04 13:00:00,35.371
2022-05-04 14:00:00,31.352
2022-05-04 15:00:00,25.017
2022-05-04 16:00:00,16.576
2022-05-04 17:00:00,7.413
2022-05-04 18:00:00,0.859
2022-05-04 19:00:00,0.0
2022-05-04 20:00:00,0.0
2022-05-04 21:00:00,0.0
2022-05-04 22:00:00,0.0
2022-05-04 23:00:00,0.0
2022-05-05 00:00:00,0.0
2022-05-05 01:00:00,0.0
2022-05-05 02:00:00,0.0
2022-05-05 03:00:00,0.0
2022-05-05 04:00:00,0.0
2022-05-05 05:00:00,0.0
2022-05-05 06:00:00,2.989
2022-05-05 07:00:00,11.646
2022-05-05 08:00:00,20.995
2022-05-05 09:00:00,28.477
2022-05-05 10:00:00,33.739
2022-05-05 11:00:00,36.747
2022-05-05 12:00:00,37.313
2022-05-05 13:00:00,35.579
2022-05-05 14:00:00,31.561
2022-05-05 15:00:00,25.179
2022-05-05 16:00:00,16.78
2022-05-05 17:00:00,7.522
2022-05-05 18:00:00,0.878
2022-05-05 19:00:00,0.0
2022-05-05 20:00:00,0.0
2022-05-05 21:00:00,0.0
2022-05-05 22:00:00,0.0
2022-05-05 23:00:00,0.0
2022-05-06 00:00:00,0.0
2022-05-06 01:00:00,0.0
2022-05-06 02:00:00,0.0
2022-05-06 03:00:00,0.0
2022-05-06 04:00:00,0.0
2022-05-06 05:00:00,0.0
2022-05-06 06:00:00,3.048
2022-05-06 07:00:00,11.583
2022-05-06 08:00:00,20.849
2022-05-06 09:00:00,28.18
2022-05-06 10:00:00,33.232
2022-05-06 11:00:00,36.041
2022-05-06 12:00:00,36.476
2022-05-06 13:00:00,34.68
2022-05-06 14:00:00,30.551
2022-05-06 15:00:00,24.302
2022-05-06 16:00:00,16.176
2022-05-06 17:00:00,7.383
2022-05-06 18:00:00,0.974
2022-05-06 19:00:00,0.0
2022-05-06 20:00:00,0.0
2022-05-06 21:00:00,0.0
2022-05-06 22:00:00,0.0
2022-05-06 23:00:00,0.0
2022-05-07 00:00:00,0.0
2022-05-07 01:00:00,0.0
2022-05-07 02:00:00,0.0
2022-05-07 03:00:00,0.0
2022-05-07 04:00:00,0.0
2022-05-07 05:00:00,0.0
2022-05-07 06:00:00,1.038
2022-05-07 07:00:00,4.279
2022-05-07 08:00:00,8.865
2022-05-07 09:00:00,15.819
2022-05-07 10:00:00,20.69
2022-05-07 11:00:00,25.401
2022-05-07 12:00:00,26.715
2022-05-07 13:00:00,25.094
2022-05-07 14:00:00,21.264
2022-05-07 15:00:00,16.461
2022-05-07 16:00:00,10.642
2022-05-07 17:00:00,4.788
2022-05-07 18:00:00,0.715
2022-05-07 19:00:00,0.0
2022-05-07 20:00:00,0.0
2022-05-07 21:00:00,0.0
2022-05-07 22:00:00,0.0
2022-05-07 23:00:00,0.0
2022-05-08 00:00:00,0.0
2022-05-08 01:00:00,0.0
2022-05-08 02:00:00,0.0
2022-05-08 03:00:00,0.0
2022-05-08 04:00:00,0.0
2022-05-08 05:00:00,0.0
2022-05-08 06:00:00,2.977
2022-05-08 07:00:00,9.811
2022-05-08 08:00:00,16.596
2022-05-08 09:00:00,18.876
2022-05-08 10:00:00,17.986
2022-05-08 11:00:00,16.141
2022-05-08 12:00:00,15.835
2022-05-08 13:00:00,13.512
2022-05-08 14:00:00,10.502
2022-05-08 15:00:00,7.595
2022-05-08 16:00:00,4.589
2022-05-08 17:00:00,1.868
2022-05-08 18:00:00,0.177
2022-05-08 19:00:00,0.0
2022-05-08 20:00:00,0.0
2022-05-08 21:00:00,0.0
2022-05-08 22:00:00,0.0
2022-05-08 23:00:00,0.0
2022-05-09 00:00:00,0.0
2022-05-09 01:00:00,0.0
2022-05-09 02:00:00,0.0
2022-05-09 03:00:00,0.0
2022-05-09 04:00:00,0.0
2022-05-09 05:00:00,0.0
2022-05-09 06:00:00,1.628
2022-05-09 07:00:00,5.309
2022-05-09 08:00:00,10.427
2022-05-09 09:00:00,18.735
2022-05-09 10:00:00,25.852
2022-05-09 11:00:00,29.167
2022-05-09 12:00:00,31.36
2022-05-09 13:00:00,31.216
2022-05-09 14:00:00,24.638
2022-05-09 15:00:00,19.054
2022-05-09 16:00:00,12.457
2022-05-09 17:00:00,5.334
2022-05-09 18:00:00,0.716
2022-05-09 19:00:00,0.0
2022-05-09 20:00:00,0.0
2022-05-09 21:00:00,0.0
2022-05-09 22:00:00,0.0
2022-05-09 23:00:00,0.0
2022-05-10 00:00:00,0.0
2022-05-10 01:00:00,0.0
2022-05-10 02:00:00,0.0
2022-05-10 03:00:00,0.0
2022-05-10 04:00:00,0.0
2022-05-10 05:00:00,0.0
2022-05-10 06:00:00,0.469
2022-05-10 07:00:00,2.33
2022-05-10 08:00:00,5.06
2022-05-10 09:00:00,7.745
2022-05-10 10:00:00,10.201
2022-05-10 11:00:00,11.931
2022-05-10 12:00:00,12.433
2022-05-10 13:00:00,12.318
2022-05-10 14:00:00,13.953
2022-05-10 15:00:00,15.88
2022-05-10 16:00:00,12.334
2022-05-10 17:00:00,5.993
2022-05-10 18:00:00,0.982
2022-05-10 19:00:00,0.0
2022-05-10 20:00:00,0.0
2022-05-10 21:00:00,0.0
2022-05-10 22:00:00,0.0
2022-05-10 23:00:00,0.0
2022-05-11 00:00:00,0.0
2022-05-11 01:00:00,0.0
2022-05-11 02:00:00,0.0
2022-05-11 03:00:00,0.0
2022-05-11 04:00:00,0.0
2022-05-11 05:00:00,0.0
2022-05-11 06:00:00,2.707
2022-05-11 07:00:00,10.013
2022-05-11 08:00:00,17.962
2022-05-11 09:00:00,22.916
2022-05-11 10:00:00,27.544
2022-05-11 11:00:00,30.976
2022-05-11 12:00:00,31.857
2022-05-11 13:00:00,30.042
2022-05-11 14:00:00,25.787
2022-05-11 15:00:00,18.834
2022-05-11 16:00:00,9.228
2022-05-11 17:00:00,3.455
2022-05-11 18:00:00,0.562
2022-05-11 19:00:00,0.0
2022-05-11 20:00:00,0.0
2022-05-11 21:00:00,0.0
2022-05-11 22:00:00,0.0
2022-05-11 23:00:00,0.0
2022-05-12 00:00:00,0.0
2022-05-12 01:00:00,0.0
2022-05-12 02:00:00,0.0
2022-05-12 03:00:00,0.0
2022-05-12 04:00:00,0.0
2022-05-12 05:00:00,0.0
2022-05-12 06:00:00,1.933
2022-05-12 07:00:00,5.988
2022-05-12 08:00:00,11.831
2022-05-12 09:00:00,13.552
2022-05-12 10:00:00,15.937
2022-05-12 11:00:00,15.904
2022-05-12 12:00:00,15.444
2022-05-12 13:00:00,16.478
2022-05-12 14:00:00,15.895
2022-05-12 15:00:00,13.68
2022-05-12 16:00:00,9.168
2022-05-12 17:00:00,3.858
2022-05-12 18:00:00,0.526
2022-05-12 19:00:00,0.0
2022-05-12 20:00:00,0.0
2022-05-12 21:00:00,0.0
2022-05-12 22:00:00,0.0
2022-05-12 23:00:00,0.0
2022-05-13 00:00:00,0.0
2022-05-13 01:00:00,0.0
2022-05-13 02:00:00,0.0
2022-05-13 03:00:00,0.0
2022-05-13 04:00:00,0.0
2022-05-13 05:00:00,0.0
2022-05-13 06:00:00,3.07
2022-05-13 07:00:00,10.372
2022-05-13 08:00:00,15.989
2022-05-13 09:00:00,21.399
2022-05-13 10:00:00,21.874
2022-05-13 11:00:00,25.738
2022-05-13 12:00:00,29.332
2022-05-13 13:00:00,25.198
2022-05-13 14:00:00,24.08
2022-05-13 15:00:00,18.573
2022-05-13 16:00:00,11.78
2022-05-13 17:00:00,5.38
2022-05-13 18:00:00,1.06
2022-05-13 19:00:00,0.0
2022-05-13 20:00:00,0.0
2022-05-13 21:00:00,0.0
2022-05-13 22:00:00,0.0
2022-05-13 23:00:00,0.0
2022-05-14 00:00:00,0.0
2022-05-14 01:00:00,0.0
2022-05-14 02:00:00,0.0
2022-05-14 03:00:00,0.0
2022-05-14 04:00:00,0.0
2022-05-14 05:00:00,0.0
2022-05-14 06:00:00,2.848
2022-05-14 07:00:00,7.886
2022-05-14 08:00:00,13.929
2022-05-14 09:00:00,21.727
2022-05-14 10:00:00,24.995
2022-05-14 11:00:00,25.604
2022-05-14 12:00:00,22.191
2022-05-14 13:00:00,17.335
2022-05-14 14:00:00,11.556
2022-05-14 15:00:00,9.152
2022-05-14 16:00:00,6.662
2022-05-14 17:00:00,2.845
2022-05-14 18:00:00,0.352
2022-05-14 19:00:00,0.0
2022-05-14 20:00:00,0.0
2022-05-14 21:00:00,0.0
2022-05-14 22:00:00,0.0
2022-05-14 23:00:00,0.0
2022-05-15 00:00:00,0.0
2022-05-15 01:00:00,0.0
2022-05-15 02:00:00,0.0
2022-05-15 03:00:00,0.0
2022-05-15 04:00:00,0.0
2022-05-15 05:00:00,0.0
2022-05-15 06:00:00,1.308
2022-05-15 07:00:00,4.757
2022-05-15 08:00:00,11.344
2022-05-15 09:00:00,21.128
2022-05-15 10:00:00,25.483
2022-05-15 11:00:00,29.524
2022-05-15 12:00:00,28.069
2022-05-15 13:00:00,24.202
2022-05-15 14:00:00,15.677
2022-05-15 15:00:00,10.91
2022-05-15 16:00:00,9.569
2022-05-15 17:00:00,4.749
2022-05-15 18:00:00,0.834
2022-05-15 19:00:00,0.0
2022-05-15 20:00:00,0.0
2022-05-15 21:00:00,0.0
2022-05-15 22:00:00,0.0
2022-05-15 23:00:00,0.0
2022-05-16 00:00:00,0.0
2022-05-16 01:00:00,0.0
2022-05-16 02:00:00,0.0
2022-05-16 03:00:00,0.0
2022-05-16 04:00:00,0.0
2022-05-16 05:00:00,0.026
2022-05-16 06:00:00,3.675
2022-05-16 07:00:00,11.434
2022-05-16 08:00:00,19.63
2022-05-16 09:00:00,26.511
2022-05-16 10:00:00,30.179
2022-05-16 11:00:00,32.782
2022-05-16 12:00:00,35.801
2022-05-16 13:00:00,33.781
2022-05-16 14:00:00,29.516
2022-05-16 15:00:00,22.765
2022-05-16 16:00:00,15.721
2022-05-16 17:00:00,7.631
2022-05-16 18:00:00,1.563
2022-05-16 19:00:00,0.0
2022-05-16 20:00:00,0.0
2022-05-16 21:00:00,0.0
2022-05-16 22:00:00,0.0
2022-05-16 23:00:00,0.0
2022-05-17 00:00:00,0.0
2022-05-17 01:00:00,0.0
2022-05-17 02:00:00,0.0
2022-05-17 03:00:00,0.0
2022-05-17 04:00:00,0.0
2022-05-17 05:00:00,0.037
2022-05-17 06:00:00,3.535
2022-05-17 07:00:00,11.721
2022-05-17 08:00:00,20.512
2022-05-17 09:00:00,25.738
2022-05-17 10:00:00,29.209
2022-05-17 11:00:00,33.895
2022-05-17 12:00:00,34.342
2022-05-17 13:00:00,29.179
2022-05-17 14:00:00,21.446
2022-05-17 15:00:00,15.02
2022-05-17 16:00:00,9.934
2022-05-17 17:00:00,4.92
2022-05-17 18:00:00,0.962
2022-05-17 19:00:00,0.0
2022-05-17 20:00:00,0.0
2022-05-17 21:00:00,0.0
2022-05-17 22:00:00,0.0
2022-05-17 23:00:00,0.0
2022-05-18 00:00:00,0.0
2022-05-18 01:00:00,0.0
2022-05-18 02:00:00,0.0
2022-05-18 03:00:00,0.0
2022-05-18 04:00:00,0.0
2022-05-18 05:00:00,0.028
2022-05-18 06:00:00,2.939
2022-05-18 07:00:00,10.419
2022-05-18 08:00:00,18.497
2022-05-18 09:00:00,25.787
2022-05-18 10:00:00,27.541
2022-05-18 11:00:00,15.408
2022-05-18 12:00:00,13.013
2022-05-18 13:00:00,13.242
2022-05-18 14:00:00,12.128
2022-05-18 15:00:00,9.574
2022-05-18 16:00:00,8.457
2022-05-18 17:00:00,6.242
2022-05-18 18:00:00,1.167
2022-05-18 19:00:00,0.0
2022-05-18 20:00:00,0.0
2022-05-18 21:00:00,0.0
2022-05-18 22:00:00,0.0
2022-05-18 23:00:00,0.0
2022-05-19 00:00:00,0.0
2022-05-19 01:00:00,0.0
2022-05-19 02:00:00,0.0
2022-05-19 03:00:00,0.0
2022-05-19 04:00:00,0.0
2022-05-19 05:00:00,0.0
2022-05-19 06:00:00,1.766
2022-05-19 07:00:00,5.41
2022-05-19 08:00:00,9.552
2022-05-19 09:00:00,12.57
2022-05-19 10:00:00,16.752
2022-05-19 11:00:00,20.019
2022-05-19 12:00:00,19.946
2022-05-19 13:00:00,16.639
2022-05-19 14:00:00,17.93
2022-05-19 15:00:00,14.108
2022-05-19 16:00:00,7.405
2022-05-19 17:00:00,3.587
2022-05-19 18:00:00,0.522
2022-05-19 19:00:00,0.0
2022-05-19 20:00:00,0.0
2022-05-19 21:00:00,0.0
2022-05-19 22:00:00,0.0
2022-05-19 23:00:00,0.0
2022-05-20 00:00:00,0.0
2022-05-20 01:00:00,0.0
2022-05-20 02:00:00,0.0
2022-05-20 03:00:00,0.0
2022-05-20 04:00:00,0.0
2022-05-20 05:00:00,0.0
2022-05-20 06:00:00,1.441
2022-05-20 07:00:00,5.757
2022-05-20 08:00:00,11.647
2022-05-20 09:00:00,15.814
2022-05-20 10:00:00,18.64
2022-05-20 11:00:00,20.912
2022-05-20 12:00:00,21.318
2022-05-20 13:00:00,17.721
2022-05-20 14:00:00,13.341
2022-05-20 15:00:00,11.609
2022-05-20 16:00:00,9.5
2022-05-20 17:00:00,5.855
2022-05-20 18:00:00,1.222
2022-05-20 19:00:00,0.0
2022-05-20 20:00:00,0.0
2022-05-20 21:00:00,0.0
2022-05-20 22:00:00,0.0
2022-05-20 23:00:00,0.0
2022-05-21 00:00:00,0.0
2022-05-21 01:00:00,0.0
2022-05-21 02:00:00,0.0
2022-05-21 03:00:00,0.0
2022-05-21 04:00:00,0.0
2022-05-21 05:00:00,0.044
2022-05-21 06:00:00,3.64
2022-05-21 07:00:00,10.977
2022-05-21 08:00:00,18.918
2022-05-21 09:00:00,25.906
2022-05-21 10:00:00,29.904
2022-05-21 11:00:00,28.743
2022-05-21 12:00:00,24.357
2022-05-21 13:00:00,20.473
2022-05-21 14:00:00,14.121
2022-05-21 15:00:00,10.383
2022-05-21 16:00:00,9.927
2022-05-21 17:00:00,6.537
2022-05-21 18:00:00,0.9460000000000001
2022-05-21 19:00:00,0.0
2022-05-21 20:00:00,0.0
2022-05-21 21:00:00,0.0
2022-05-21 22:00:00,0.0
2022-05-21 23:00:00,0.0
2022-05-22 00:00:00,0.0
2022-05-22 01:00:00,0.0
2022-05-22 02:00:00,0.0
2022-05-22 03:00:00,0.0
2022-05-22 04:00:00,0.0
2022-05-22 05:00:00,0.027
2022-05-22 06:00:00,3.143
2022-05-22 07:00:00,9.097
2022-05-22 08:00:00,14.501
2022-05-22 09:00:00,12.751
2022-05-22 10:00:00,14.293
2022-05-22 11:00:00,22.224
2022-05-22 12:00:00,27.692
2022-05-22 13:00:00,21.988
2022-05-22 14:00:00,11.014
2022-05-22 15:00:00,7.273
2022-05-22 16:00:00,5.113
2022-05-22 17:00:00,1.973
2022-05-22 18:00:00,0.319
2022-05-22 19:00:00,0.0
2022-05-22 20:00:00,0.0
2022-05-22 21:00:00,0.0
2022-05-22 22:00:00,0.0
2022-05-22 23:00:00,0.0
2022-05-23 00:00:00,0.0
2022-05-23 01:00:00,0.0
2022-05-23 02:00:00,0.0
2022-05-23 03:00:00,0.0
2022-05-23 04:00:00,0.0
2022-05-23 05:00:00,0.033
2022-05-23 06:00:00,3.503
2022-05-23 07:00:00,10.703
2022-05-23 08:00:00,18.15
2022-05-23 09:00:00,24.381
2022-05-23 10:00:00,27.679
2022-05-23 11:00:00,29.871
2022-05-23 12:00:00,32.398
2022-05-23 13:00:00,29.881
2022-05-23 14:00:00,25.888
2022-05-23 15:00:00,21.118
2022-05-23 16:00:00,13.782
2022-05-23 17:00:00,5.353
2022-05-23 18:00:00,0.987
2022-05-23 19:00:00,0.0
2022-05-23 20:00:00,0.0
2022-05-23 21:00:00,0.0
2022-05-23 22:00:00,0.0
2022-05-23 23:00:00,0.0
2022-05-24 00:00:00,0.0
2022-05-24 01:00:00,0.0
2022-05-24 02:00:00,0.0
2022-05-24 03:00:00,0.0
2022-05-24 04:00:00,0.0
2022-05-24 05:00:00,0.004
2022-05-24 06:00:00,3.199
2022-05-24 07:00:00,10.104
2022-05-24 08:00:00,16.762
2022-05-24 09:00:00,20.918
2022-05-24 10:00:00,22.836
2022-05-24 11:00:00,24.757
2022-05-24 12:00:00,24.035
2022-05-24 13:00:00,22.297
2022-05-24 14:00:00,19.749
2022-05-24 15:00:00,15.753
2022-05-24 16:00:00,12.111
2022-05-24 17:00:00,6.582
2022-05-24 18:00:00,1.581
2022-05-24 19:00:00,0.0
2022-05-24 20:00:00,0.0
2022-05-24 21:00:00,0.0
2022-05-24 22:00:00,0.0
2022-05-24 23:00:00,0.0
2022-05-25 00:00:00,0.0
2022-05-25 01:00:00,0.0
2022-05-25 02:00:00,0.0
2022-05-25 03:00:00,0.0
2022-05-25 04:00:00,0.0
2022-05-25 05:00:00,0.097
2022-05-25 06:00:00,3.847
2022-05-25 07:00:00,11.089
2022-05-25 08:00:00,18.739
2022-05-25 09:00:00,24.702
2022-05-25 10:00:00,28.627
2022-05-25 11:00:00,30.58
2022-05-25 12:00:00,32.353
2022-05-25 13:00:00,29.959
2022-05-25 14:00:00,25.24
2022-05-25 15:00:00,19.158
2022-05-25 16:00:00,11.585
2022-05-25 17:00:00,5.674
2022-05-25 18:00:00,1.336
2022-05-25 19:00:00,0.0
2022-05-25 20:00:00,0.0
2022-05-25 21:00:00,0.0
2022-05-25 22:00:00,0.0
2022-05-25 23:00:00,0.0
2022-05-26 00:00:00,0.0
2022-05-26 01:00:00,0.0
2022-05-26 02:00:00,0.0
2022-05-26 03:00:00,0.0
2022-05-26 04:00:00,0.0
2022-05-26 05:00:00,0.0
2022-05-26 06:00:00,0.615
2022-05-26 07:00:00,2.783
2022-05-26 08:00:00,8.465
2022-05-26 09:00:00,14.064
2022-05-26 10:00:00,18.406
2022-05-26 11:00:00,26.275
2022-05-26 12:00:00,29.437
2022-05-26 13:00:00,29.373
2022-05-26 14:00:00,27.179
2022-05-26 15:00:00,21.815
2022-05-26 16:00:00,14.712
2022-05-26 17:00:00,6.664
2022-05-26 18:00:00,1.734
2022-05-26 19:00:00,0.0
2022-05-26 20:00:00,0.0
2022-05-26 21:00:00,0.0
2022-05-26 22:00:00,0.0
2022-05-26 23:00:00,0.0
2022-05-27 00:00:00,0.0
2022-05-27 01:00:00,0.0
2022-05-27 02:00:00,0.0
2022-05-27 03:00:00,0.0
2022-05-27 04:00:00,0.0
2022-05-27 05:00:00,0.057
2022-05-27 06:00:00,2.166
2022-05-27 07:00:00,8.148
2022-05-27 08:00:00,14.211
2022-05-27 09:00:00,16.634
2022-05-27 10:00:00,18.176
2022-05-27 11:00:00,15.931
2022-05-27 12:00:00,15.593
2022-05-27 13:00:00,18.144
2022-05-27 14:00:00,18.245
2022-05-27 15:00:00,15.234
2022-05-27 16:00:00,7.219
2022-05-27 17:00:00,2.202
2022-05-27 18:00:00,0.359
2022-05-27 19:00:00,0.0
2022-05-27 20:00:00,0.0
2022-05-27 21:00:00,0.0
2022-05-27 22:00:00,0.0
2022-05-27 23:00:00,0.0
2022-05-28 00:00:00,0.0
2022-05-28 01:00:00,0.0
2022-05-28 02:00:00,0.0
2022-05-28 03:00:00,0.0
2022-05-28 04:00:00,0.0
2022-05-28 05:00:00,0.018
2022-05-28 06:00:00,2.231
2022-05-28 07:00:00,6.196
2022-05-28 08:00:00,11.575
2022-05-28 09:00:00,15.871
2022-05-28 10:00:00,18.297
2022-05-28 11:00:00,22.969
2022-05-28 12:00:00,23.983
2022-05-28 13:00:00,18.983
2022-05-28 14:00:00,10.43
2022-05-28 15:00:00,6.442
2022-05-28 16:00:00,3.805
2022-05-28 17:00:00,2.461
2022-05-28 18:00:00,1.047
2022-05-28 19:00:00,0.0
2022-05-28 20:00:00,0.0
2022-05-28 21:00:00,0.0
2022-05-28 22:00:00,0.0
2022-05-28 23:00:00,0.0
2022-05-29 00:00:00,0.0
2022-05-29 01:00:00,0.0
2022-05-29 02:00:00,0.0
2022-05-29 03:00:00,0.0
2022-05-29 04:00:00,0.0
2022-05-29 05:00:00,0.129
2022-05-29 06:00:00,3.983
2022-05-29 07:00:00,11.215
2022-05-29 08:00:00,19.177
2022-05-29 09:00:00,25.98
2022-05-29 10:00:00,30.905
2022-05-29 11:00:00,33.399
2022-05-29 12:00:00,32.851
2022-05-29 13:00:00,29.467
2022-05-29 14:00:00,23.682
2022-05-29 15:00:00,15.572
2022-05-29 16:00:00,6.158
2022-05-29 17:00:00,2.253
2022-05-29 18:00:00,0.6920000000000001
2022-05-29 19:00:00,0.0
2022-05-29 20:00:00,0.0
2022-05-29 21:00:00,0.0
2022-05-29 22:00:00,0.0
2022-05-29 23:00:00,0.0
2022-05-30 00:00:00,0.0
2022-05-30 01:00:00,0.0
2022-05-30 02:00:00,0.0
2022-05-30 03:00:00,0.0
2022-05-30 04:00:00,0.0
2022-05-30 05:00:00,0.007
2022-05-30 06:00:00,2.108
2022-05-30 07:00:00,4.971
2022-05-30 08:00:00,10.541
2022-05-30 09:00:00,18.119
2022-05-30 10:00:00,24.672
2022-05-30 11:00:00,24.728
2022-05-30 12:00:00,22.887
2022-05-30 13:00:00,20.283
2022-05-30 14:00:00,16.71
2022-05-30 15:00:00,12.232
2022-05-30 16:00:00,7.401
2022-05-30 17:00:00,3.295
2022-05-30 18:00:00,0.663
2022-05-30 19:00:00,0.0
2022-05-30 20:00:00,0.0
2022-05-30 21:00:00,0.0
2022-05-30 22:00:00,0.0
2022-05-30 23:00:00,0.0
2022-05-31 00:00:00,0.0
2022-05-31 01:00:00,0.0
2022-05-31 02:00:00,0.0
2022-05-31 03:00:00,0.0
2022-05-31 04:00:00,0.0
2022-05-31 05:00:00,0.048
2022-05-31 06:00:00,3.02
2022-05-31 07:00:00,9.398
2022-05-31 08:00:00,16.975
2022-05-31 09:00:00,23.609
2022-05-31 10:00:00,27.75
2022-05-31 11:00:00,29.689
2022-05-31 12:00:00,29.946
2022-05-31 13:00:00,28.637
2022-05-31 14:00:00,25.411
2022-05-31 15:00:00,18.907
2022-05-31 16:00:00,11.821
2022-05-31 17:00:00,5.978
2022-05-31 18:00:00,1.267
2022-05-31 19:00:00,0.0
2022-05-31 20:00:00,0.0
2022-05-31 21:00:00,0.0
2022-05-31 22:00:00,0.0
2022-05-31 23:00:00,0.0
2022-06-01 00:00:00,0.0
2022-06-01 01:00:00,0.0
2022-06-01 02:00:00,0.0
2022-06-01 03:00:00,0.0
2022-06-01 04:00:00,0.0
2022-06-01 05:00:00,0.092
2022-06-01 06:00:00,2.645
2022-06-01 07:00:00,6.589
2022-06-01 08:00:00,11.923
2022-06-01 09:00:00,15.439
2022-06-01 10:00:00,15.74
2022-06-01 11:00:00,15.144
2022-06-01 12:00:00,16.068
2022-06-01 13:00:00,15.974
2022-06-01 14:00:00,14.228
2022-06-01 15:00:00,11.39
2022-06-01 16:00:00,5.555
2022-06-01 17:00:00,2.146
2022-06-01 18:00:00,0.361
2022-06-01 19:00:00,0.0
2022-06-01 20:00:00,0.0
2022-06-01 21:00:00,0.0
2022-06-01 22:00:00,0.0
2022-06-01 23:00:00,0.0
2022-06-02 00:00:00,0.0
2022-06-02 01:00:00,0.0
2022-06-02 02:00:00,0.0
2022-06-02 03:00:00,0.0
2022-06-02 04:00:00,0.0
2022-06-02 05:00:00,0.0
2022-06-02 06:00:00,0.97
2022-06-02 07:00:00,4.255
2022-06-02 08:00:00,9.213
2022-06-02 09:00:00,11.445
2022-06-02 10:00:00,9.977
2022-06-02 11:00:00,9.872
2022-06-02 12:00:00,11.117
2022-06-02 13:00:00,11.25
2022-06-02 14:00:00,10.298
2022-06-02 15:00:00,8.294
2022-06-02 16:00:00,5.309
2022-06-02 17:00:00,2.635
2022-06-02 18:00:00,0.8
2022-06-02 19:00:00,0.0
2022-06-02 20:00:00,0.0
2022-06-02 21:00:00,0.0
2022-06-02 22:00:00,0.0
2022-06-02 23:00:00,0.0
2022-06-03 00:00:00,0.0
2022-06-03 01:00:00,0.0
2022-06-03 02:00:00,0.0
2022-06-03 03:00:00,0.0
2022-06-03 04:00:00,0.0
2022-06-03 05:00:00,0.141
2022-06-03 06:00:00,3.342
2022-06-03 07:00:00,8.24
2022-06-03 08:00:00,10.755
2022-06-03 09:00:00,12.995
2022-06-03 10:00:00,12.66
2022-06-03 11:00:00,12.627
2022-06-03 12:00:00,12.968
2022-06-03 13:00:00,13.283
2022-06-03 14:00:00,12.819
2022-06-03 15:00:00,11.161
2022-06-03 16:00:00,8.207
2022-06-03 17:00:00,4.411
2022-06-03 18:00:00,1.113
2022-06-03 19:00:00,0.0
2022-06-03 20:00:00,0.0
2022-06-03 21:00:00,0.0
2022-06-03 22:00:00,0.0
2022-06-03 23:00:00,0.0
2022-06-04 00:00:00,0.0
2022-06-04 01:00:00,0.0
2022-06-04 02:00:00,0.0
2022-06-04 03:00:00,0.0
2022-06-04 04:00:00,0.0
2022-06-04 05:00:00,0.033
2022-06-04 06:00:00,1.756
2022-06-04 07:00:00,4.989
2022-06-04 08:00:00,6.004
2022-06-04 09:00:00,7.209
2022-06-04 10:00:00,8.539
2022-06-04 11:00:00,11.009
2022-06-04 12:00:00,12.036
2022-06-04 13:00:00,13.202
2022-06-04 14:00:00,13.991
2022-06-04 15:00:00,13.343
2022-06-04 16:00:00,9.503
2022-06-04 17:00:00,5.592
2022-06-04 18:00:00,1.655
2022-06-04 19:00:00,0.0
2022-06-04 20:00:00,0.0
2022-06-04 21:00:00,0.0
2022-06-04 22:00:00,0.0
2022-06-04 23:00:00,0.0
2022-06-05 00:00:00,0.0
2022-06-05 01:00:00,0.0
2022-06-05 02:00:00,0.0
2022-06-05 03:00:00,0.0
2022-06-05 04:00:00,0.0
2022-06-05 05:00:00,0.032
2022-06-05 06:00:00,1.36
2022-06-05 07:00:00,4.408
2022-06-05 08:00:00,9.24
2022-06-05 09:00:00,12.926
2022-06-05 10:00:00,14.285
2022-06-05 11:00:00,13.715
2022-06-05 12:00:00,12.956
2022-06-05 13:00:00,11.135
2022-06-05 14:00:00,10.758
2022-06-05 15:00:00,9.029
2022-06-05 16:00:00,7.477
2022-06-05 17:00:00,5.002
2022-06-05 18:00:00,1.622
2022-06-05 19:00:00,0.0
2022-06-05 20:00:00,0.0
2022-06-05 21:00:00,0.0
2022-06-05 22:00:00,0.0
2022-06-05 23:00:00,0.0
2022-06-06 00:00:00,0.0
2022-06-06 01:00:00,0.0
2022-06-06 02:00:00,0.0
2022-06-06 03:00:00,0.0
2022-06-06 04:00:00,0.0
2022-06-06 05:00:00,0.166
2022-06-06 06:00:00,3.764
2022-06-06 07:00:00,10.927
2022-06-06 08:00:00,17.922
2022-06-06 09:00:00,23.961
2022-06-06 10:00:00,29.441
2022-06-06 11:00:00,33.207
2022-06-06 12:00:00,33.427
2022-06-06 13:00:00,31.354
2022-06-06 14:00:00,27.286
2022-06-06 15:00:00,21.791
2022-06-06 16:00:00,14.668
2022-06-06 17:00:00,7.432
2022-06-06 18:00:00,1.962
2022-06-06 19:00:00,0.0
2022-06-06 20:00:00,0.0
2022-06-06 21:00:00,0.0
2022-06-06 22:00:00,0.0
2022-06-06 23:00:00,0.0
2022-06-07 00:00:00,0.0
2022-06-07 01:00:00,0.0
2022-06-07 02:00:00,0.0
2022-06-07 03:00:00,0.0
2022-06-07 04:00:00,0.0
2022-06-07 05:00:00,0.102
2022-06-07 06:00:00,3.097
2022-06-07 07:00:00,8.325
2022-06-07 08:00:00,14.653
2022-06-07 09:00:00,21.85
2022-06-07 10:00:00,27.517
2022-06-07 11:00:00,30.374
2022-06-07 12:00:00,31.99
2022-06-07 13:00:00,31.775
2022-06-07 14:00:00,28.828
2022-06-07 15:00:00,23.125
2022-06-07 16:00:00,15.797
2022-06-07 17:00:00,7.948
2022-06-07 18:00:00,2.149
2022-06-07 19:00:00,0.0
2022-06-07 20:00:00,0.0
2022-06-07 21:00:00,0.0
2022-06-07 22:00:00,0.0
2022-06-07 23:00:00,0.0
2022-06-08 00:00:00,0.0
2022-06-08 01:00:00,0.0
2022-06-08 02:00:00,0.0
2022-06-08 03:00:00,0.0
2022-06-08 04:00:00,0.0
2022-06-08 05:00:00,0.07200000000000001
2022-06-08 06:00:00,2.401
2022-06-08 07:00:00,7.844
2022-06-08 08:00:00,13.948
2022-06-08 09:00:00,20.886
2022-06-08 10:00:00,27.223
2022-06-08 11:00:00,31.998
2022-06-08 12:00:00,32.73
2022-06-08 13:00:00,30.578
2022-06-08 14:00:00,25.146
2022-06-08 15:00:00,19.696
2022-06-08 16:00:00,10.69
2022-06-08 17:00:00,3.943
2022-06-08 18:00:00,0.894
2022-06-08 19:00:00,0.0
2022-06-08 20:00:00,0.0
2022-06-08 21:00:00,0.0
2022-06-08 22:00:00,0.0
2022-06-08 23:00:00,0.0
2022-06-09 00:00:00,0.0
2022-06-09 01:00:00,0.0
2022-06-09 02:00:00,0.0
2022-06-09 03:00:00,0.0
2022-06-09 04:00:00,0.0
2022-06-09 05:00:00,0.177
2022-06-09 06:00:00,3.792
2022-06-09 07:00:00,9.935
2022-06-09 08:00:00,17.041
2022-06-09 09:00:00,23.907
2022-06-09 10:00:00,27.524
2022-06-09 11:00:00,27.302
2022-06-09 12:00:00,25.237
2022-06-09 13:00:00,23.241
2022-06-09 14:00:00,19.155
2022-06-09 15:00:00,14.424
2022-06-09 16:00:00,9.196
2022-06-09 17:00:00,4.069
2022-06-09 18:00:00,0.8250000000000001
2022-06-09 19:00:00,0.0
2022-06-09 20:00:00,0.0
2022-06-09 21:00:00,0.0
2022-06-09 22:00:00,0.0
2022-06-09 23:00:00,0.0
2022-06-10 00:00:00,0.0
2022-06-10 01:00:00,0.0
2022-06-10 02:00:00,0.0
2022-06-10 03:00:00,0.0
2022-06-10 04:00:00,0.0
2022-06-10 05:00:00,0.062
2022-06-10 06:00:00,3.52
2022-06-10 07:00:00,10.191
2022-06-10 08:00:00,16.14
2022-06-10 09:00:00,20.903
2022-06-10 10:00:00,28.063
2022-06-10 11:00:00,32.775
2022-06-10 12:00:00,31.955
2022-06-10 13:00:00,30.447
2022-06-10 14:00:00,26.478
2022-06-10 15:00:00,19.065
2022-06-10 16:00:00,8.417
2022-06-10 17:00:00,3.353
2022-06-10 18:00:00,1.011
2022-06-10 19:00:00,0.0
2022-06-10 20:00:00,0.0
2022-06-10 21:00:00,0.0
2022-06-10 22:00:00,0.0
2022-06-10 23:00:00,0.0
2022-06-11 00:00:00,0.0
2022-06-11 01:00:00,0.0
2022-06-11 02:00:00,0.0
2022-06-11 03:00:00,0.0
2022-06-11 04:00:00,0.0
2022-06-11 05:00:00,0.091
2022-06-11 06:00:00,2.801
2022-06-11 07:00:00,7.77
2022-06-11 08:00:00,13.72
2022-06-11 09:00:00,21.258
2022-06-11 10:00:00,28.156
2022-06-11 11:00:00,31.466
2022-06-11 12:00:00,32.022
2022-06-11 13:00:00,24.907
2022-06-11 14:00:00,17.35
2022-06-11 15:00:00,11.349
2022-06-11 16:00:00,6.053
2022-06-11 17:00:00,3.186
2022-06-11 18:00:00,1.121
2022-06-11 19:00:00,0.0
2022-06-11 20:00:00,0.0
2022-06-11 21:00:00,0.0
2022-06-11 22:00:00,0.0
2022-06-11 23:00:00,0.0
2022-06-12 00:00:00,0.0
2022-06-12 01:00:00,0.0
2022-06-12 02:00:00,0.0
2022-06-12 03:00:00,0.0
2022-06-12 04:00:00,0.0
2022-06-12 05:00:00,0.059
2022-06-12 06:00:00,2.065
2022-06-12 07:00:00,5.176
2022-06-12 08:00:00,7.797
2022-06-12 09:00:00,11.012
2022-06-12 10:00:00,14.054
2022-06-12 11:00:00,16.975
2022-06-12 12:00:00,17.62
2022-06-12 13:00:00,15.604
2022-06-12 14:00:00,11.205
2022-06-12 15:00:00,6.421
2022-06-12 16:00:00,3.612
2022-06-12 17:00:00,1.993
2022-06-12 18:00:00,0.5640000000000001
2022-06-12 19:00:00,0.0
2022-06-12 20:00:00,0.0
2022-06-12 21:00:00,0.0
2022-06-12 22:00:00,0.0
2022-06-12 23:00:00,0.0
2022-06-13 00:00:00,0.0
2022-06-13 01:00:00,0.0
2022-06-13 02:00:00,0.0
2022-06-13 03:00:00,0.0
2022-06-13 04:00:00,0.0
2022-06-13 05:00:00,0.101
2022-06-13 06:00:00,3.734
2022-06-13 07:00:00,8.723
2022-06-13 08:00:00,14.645
2022-06-13 09:00:00,19.792
2022-06-13 10:00:00,25.131
2022-06-13 11:00:00,27.434
2022-06-13 12:00:00,20.793
2022-06-13 13:00:00,18.838
2022-06-13 14:00:00,22.992
2022-06-13 15:00:00,20.921
2022-06-13 16:00:00,13.707
2022-06-13 17:00:00,6.242
2022-06-13 18:00:00,1.399
2022-06-13 19:00:00,0.0
2022-06-13 20:00:00,0.0
2022-06-13 21:00:00,0.0
2022-06-13 22:00:00,0.0
2022-06-13 23:00:00,0.0
2022-06-14 00:00:00,0.0
2022-06-14 01:00:00,0.0
2022-06-14 02:00:00,0.0
2022-06-14 03:00:00,0.0
2022-06-14 04:00:00,0.0
2022-06-14 05:00:00,0.227
2022-06-14 06:00:00,4.055
2022-06-14 07:00:00,11.404
2022-06-14 08:00:00,19.139
2022-06-14 09:00:00,26.101
2022-06-14 10:00:00,31.042
2022-06-14 11:00:00,33.994
2022-06-14 12:00:00,34.465
2022-06-14 13:00:00,32.785
2022-06-14 14:00:00,28.821
2022-06-14 15:00:00,22.942
2022-06-14 16:00:00,15.715
2022-06-14 17:00:00,7.84
2022-06-14 18:00:00,2.076
2022-06-14 19:00:00,0.0
2022-06-14 20:00:00,0.0
2022-06-14 21:00:00,0.0
2022-06-14 22:00:00,0.0
2022-06-14 23:00:00,0.0
2022-06-15 00:00:00,0.0
2022-06-15 01:00:00,0.0
2022-06-15 02:00:00,0.0
2022-06-15 03:00:00,0.0
2022-06-15 04:00:00,0.0
2022-06-15 05:00:00,0.214
2022-06-15 06:00:00,3.658
2022-06-15 07:00:00,9.218
2022-06-15 08:00:00,13.798
2022-06-15 09:00:00,19.441
2022-06-15 10:00:00,26.727
2022-06-15 11:00:00,32.023
2022-06-15 12:00:00,32.39
2022-06-15 13:00:00,30.233
2022-06-15 14:00:00,24.736
2022-06-15 15:00:00,20.477
2022-06-15 16:00:00,13.917
2022-06-15 17:00:00,5.303
2022-06-15 18:00:00,0.857
2022-06-15 19:00:00,0.0
2022-06-15 20:00:00,0.0
2022-06-15 21:00:00,0.0
2022-06-15 22:00:00,0.0
2022-06-15 23:00:00,0.0
2022-06-16 00:00:00,0.0
2022-06-16 01:00:00,0.0
2022-06-16 02:00:00,0.0
2022-06-16 03:00:00,0.0
2022-06-16 04:00:00,0.0
2022-06-16 05:00:00,0.165
2022-06-16 06:00:00,3.595
2022-06-16 07:00:00,10.491
2022-06-16 08:00:00,17.976
2022-06-16 09:00:00,24.107
2022-06-16 10:00:00,26.635
2022-06-16 11:00:00,25.267
2022-06-16 12:00:00,24.823
2022-06-16 13:00:00,25.919
2022-06-16 14:00:00,24.406
2022-06-16 15:00:00,19.163
2022-06-16 16:00:00,11.876
2022-06-16 17:00:00,4.011
2022-06-16 18:00:00,0.802
2022-06-16 19:00:00,0.0
2022-06-16 20:00:00,0.0
2022-06-16 21:00:00,0.0
2022-06-16 22:00:00,0.0
2022-06-16 23:00:00,0.0
2022-06-17 00:00:00,0.0
2022-06-17 01:00:00,0.0
2022-06-17 02:00:00,0.0
2022-06-17 03:00:00,0.0
2022-06-17 04:00:00,0.0
2022-06-17 05:00:00,0.092
2022-06-17 06:00:00,2.321
2022-06-17 07:00:00,6.607
2022-06-17 08:00:00,12.998
2022-06-17 09:00:00,18.963
2022-06-17 10:00:00,20.246
2022-06-17 11:00:00,21.318
2022-06-17 12:00:00,22.457
2022-06-17 13:00:00,21.881
2022-06-17 14:00:00,19.691
2022-06-17 15:00:00,14.702
2022-06-17 16:00:00,8.838
2022-06-17 17:00:00,5.82
2022-06-17 18:00:00,2.034
2022-06-17 19:00:00,0.0
2022-06-17 20:00:00,0.0
2022-06-17 21:00:00,0.0
2022-06-17 22:00:00,0.0
2022-06-17 23:00:00,0.0
2022-06-18 00:00:00,0.0
2022-06-18 01:00:00,0.0
2022-06-18 02:00:00,0.0
2022-06-18 03:00:00,0.0
2022-06-18 04:00:00,0.0
2022-06-18 05:00:00,0.12
2022-06-18 06:00:00,2.798
2022-06-18 07:00:00,7.666
2022-06-18 08:00:00,13.304
2022-06-18 09:00:00,17.423
2022-06-18 10:00:00,17.89
2022-06-18 11:00:00,12.686
2022-06-18 12:00:00,10.727
2022-06-18 13:00:00,9.502
2022-06-18 14:00:00,8.186
2022-06-18 15:00:00,6.856
2022-06-18 16:00:00,5.196
2022-06-18 17:00:00,2.84
2022-06-18 18:00:00,0.732
2022-06-18 19:00:00,0.0
2022-06-18 20:00:00,0.0
2022-06-18 21:00:00,0.0
2022-06-18 22:00:00,0.0
2022-06-18 23:00:00,0.0
2022-06-19 00:00:00,0.0
2022-06-19 01:00:00,0.0
2022-06-19 02:00:00,0.0
2022-06-19 03:00:00,0.0
2022-06-19 04:00:00,0.0
2022-06-19 05:00:00,0.0
2022-06-19 06:00:00,1.116
2022-06-19 07:00:00,3.609
2022-06-19 08:00:00,6.598
2022-06-19 09:00:00,9.066
2022-06-19 10:00:00,10.942
2022-06-19 11:00:00,12.8
2022-06-19 12:00:00,14.826
2022-06-19 13:00:00,16.191
2022-06-19 14:00:00,15.775
2022-06-19 15:00:00,10.34
2022-06-19 16:00:00,5.068
2022-06-19 17:00:00,2.488
2022-06-19 18:00:00,0.705
2022-06-19 19:00:00,0.0
2022-06-19 20:00:00,0.0
2022-06-19 21:00:00,0.0
2022-06-19 22:00:00,0.0
2022-06-19 23:00:00,0.0
2022-06-20 00:00:00,0.0
2022-06-20 01:00:00,0.0
2022-06-20 02:00:00,0.0
2022-06-20 03:00:00,0.0
2022-06-20 04:00:00,0.0
2022-06-20 05:00:00,0.055
2022-06-20 06:00:00,2.464
2022-06-20 07:00:00,8.253
2022-06-20 08:00:00,14.742
2022-06-20 09:00:00,19.074
2022-06-20 10:00:00,20.651
2022-06-20 11:00:00,20.416
2022-06-20 12:00:00,18.577
2022-06-20 13:00:00,16.166
2022-06-20 14:00:00,15.472
2022-06-20 15:00:00,14.322
2022-06-20 16:00:00,11.677
2022-06-20 17:00:00,6.768
2022-06-20 18:00:00,1.696
2022-06-20 19:00:00,0.0
2022-06-20 20:00:00,0.0
2022-06-20 21:00:00,0.0
2022-06-20 22:00:00,0.0
2022-06-20 23:00:00,0.0
2022-06-21 00:00:00,0.0
2022-06-21 01:00:00,0.0
2022-06-21 02:00:00,0.0
2022-06-21 03:00:00,0.0
2022-06-21 04:00:00,0.0
2022-06-21 05:00:00,0.2
2022-06-21 06:00:00,3.569
2022-06-21 07:00:00,9.476
2022-06-21 08:00:00,16.559
2022-06-21 09:00:00,23.811
2022-06-21 10:00:00,27.79
2022-06-21 11:00:00,29.458
2022-06-21 12:00:00,28.256
2022-06-21 13:00:00,24.674
2022-06-21 14:00:00,22.2
2022-06-21 15:00:00,18.497
2022-06-21 16:00:00,12.862
2022-06-21 17:00:00,7.267
2022-06-21 18:00:00,2.123
2022-06-21 19:00:00,0.0
2022-06-21 20:00:00,0.0
2022-06-21 21:00:00,0.0
2022-06-21 22:00:00,0.0
2022-06-21 23:00:00,0.0
2022-06-22 00:00:00,0.0
2022-06-22 01:00:00,0.0
2022-06-22 02:00:00,0.0
2022-06-22 03:00:00,0.0
2022-06-22 04:00:00,0.0
2022-06-22 05:00:00,0.192
2022-06-22 06:00:00,3.509
2022-06-22 07:00:00,9.077
2022-06-22 08:00:00,14.473
2022-06-22 09:00:00,19.837
2022-06-22 10:00:00,23.966
2022-06-22 11:00:00,26.121
2022-06-22 12:00:00,25.404
2022-06-22 13:00:00,22.768
2022-06-22 14:00:00,19.496
2022-06-22 15:00:00,16.629
2022-06-22 16:00:00,13.409
2022-06-22 17:00:00,7.798
2022-06-22 18:00:00,2.229
2022-06-22 19:00:00,0.0
2022-06-22 20:00:00,0.0
2022-06-22 21:00:00,0.0
2022-06-22 22:00:00,0.0
2022-06-22 23:00:00,0.0
2022-06-23 00:00:00,0.0
2022-06-23 01:00:00,0.0
2022-06-23 02:00:00,0.0
2022-06-23 03:00:00,0.0
2022-06-23 04:00:00,0.0
2022-06-23 05:00:00,0.168
2022-06-23 06:00:00,3.315
2022-06-23 07:00:00,8.669
2022-06-23 08:00:00,14.273
2022-06-23 09:00:00,19.779
2022-06-23 10:00:00,23.735
2022-06-23 11:00:00,25.166
2022-06-23 12:00:00,26.535
2022-06-23 13:00:00,27.195
2022-06-23 14:00:00,23.779
2022-06-23 15:00:00,17.486
2022-06-23 16:00:00,10.823
2022-06-23 17:00:00,4.623
2022-06-23 18:00:00,0.911
2022-06-23 19:00:00,0.0
2022-06-23 20:00:00,0.0
2022-06-23 21:00:00,0.0
2022-06-23 22:00:00,0.0
2022-06-23 23:00:00,0.0
2022-06-24 00:00:00,0.0
2022-06-24 01:00:00,0.0
2022-06-24 02:00:00,0.0
2022-06-24 03:00:00,0.0
2022-06-24 04:00:00,0.0
2022-06-24 05:00:00,0.001
2022-06-24 06:00:00,1.659
2022-06-24 07:00:00,6.534
2022-06-24 08:00:00,13.355
2022-06-24 09:00:00,21.122
2022-06-24 10:00:00,25.114
2022-06-24 11:00:00,27.919
2022-06-24 12:00:00,28.834
2022-06-24 13:00:00,27.864
2022-06-24 14:00:00,24.133
2022-06-24 15:00:00,18.777
2022-06-24 16:00:00,13.287
2022-06-24 17:00:00,7.295
2022-06-24 18:00:00,2.108
2022-06-24 19:00:00,0.0
2022-06-24 20:00:00,0.0
2022-06-24 21:00:00,0.0
2022-06-24 22:00:00,0.0
2022-06-24 23:00:00,0.0
2022-06-25 00:00:00,0.0
2022-06-25 01:00:00,0.0
2022-06-25 02:00:00,0.0
2022-06-25 03:00:00,0.0
2022-06-25 04:00:00,0.0
2022-06-25 05:00:00,0.209
2022-06-25 06:00:00,3.58
2022-06-25 07:00:00,9.144
2022-06-25 08:00:00,15.978
2022-06-25 09:00:00,20.594
2022-06-25 10:00:00,21.968
2022-06-25 11:00:00,20.422
2022-06-25 12:00:00,18.487
2022-06-25 13:00:00,15.682
2022-06-25 14:00:00,12.302
2022-06-25 15:00:00,10.984
2022-06-25 16:00:00,9.556000000000001
2022-06-25 17:00:00,6.593
2022-06-25 18:00:00,1.867
2022-06-25 19:00:00,0.0
2022-06-25 20:00:00,0.0
2022-06-25 21:00:00,0.0
2022-06-25 22:00:00,0.0
2022-06-25 23:00:00,0.0
2022-06-26 00:00:00,0.0
2022-06-26 01:00:00,0.0
2022-06-26 02:00:00,0.0
2022-06-26 03:00:00,0.0
2022-06-26 04:00:00,0.0
2022-06-26 05:00:00,0.169
2022-06-26 06:00:00,3.7
2022-06-26 07:00:00,9.858
2022-06-26 08:00:00,15.826
2022-06-26 09:00:00,20.591
2022-06-26 10:00:00,23.29
2022-06-26 11:00:00,22.552
2022-06-26 12:00:00,25.487
2022-06-26 13:00:00,25.479
2022-06-26 14:00:00,22.017
2022-06-26 15:00:00,17.91
2022-06-26 16:00:00,11.893
2022-06-26 17:00:00,6.422
2022-06-26 18:00:00,1.791
2022-06-26 19:00:00,0.0
2022-06-26 20:00:00,0.0
2022-06-26 21:00:00,0.0
2022-06-26 22:00:00,0.0
2022-06-26 23:00:00,0.0
2022-06-27 00:00:00,0.0
2022-06-27 01:00:00,0.0
2022-06-27 02:00:00,0.0
2022-06-27 03:00:00,0.0
2022-06-27 04:00:00,0.0
2022-06-27 05:00:00,0.21
2022-06-27 06:00:00,3.632
2022-06-27 07:00:00,9.498
2022-06-27 08:00:00,16.12
2022-06-27 09:00:00,23.151
2022-06-27 10:00:00,27.359
2022-06-27 11:00:00,30.195
2022-06-27 12:00:00,31.24
2022-06-27 13:00:00,29.722
2022-06-27 14:00:00,26.031
2022-06-27 15:00:00,20.653
2022-06-27 16:00:00,14.011
2022-06-27 17:00:00,7.51
2022-06-27 18:00:00,2.121
2022-06-27 19:00:00,0.0
2022-06-27 20:00:00,0.0
2022-06-27 21:00:00,0.0
2022-06-27 22:00:00,0.0
2022-06-27 23:00:00,0.0
2022-06-28 00:00:00,0.0
2022-06-28 01:00:00,0.0
2022-06-28 02:00:00,0.0
2022-06-28 03:00:00,0.0
2022-06-28 04:00:00,0.0
2022-06-28 05:00:00,0.06
2022-06-28 06:00:00,1.944
2022-06-28 07:00:00,6.508
2022-06-28 08:00:00,9.978
2022-06-28 09:00:00,12.292
2022-06-28 10:00:00,17.083
2022-06-28 11:00:00,21.512
2022-06-28 12:00:00,19.839
2022-06-28 13:00:00,16.093
2022-06-28 14:00:00,15.451
2022-06-28 15:00:00,15.261
2022-06-28 16:00:00,12.354
2022-06-28 17:00:00,7.209
2022-06-28 18:00:00,1.941
2022-06-28 19:00:00,0.0
2022-06-28 20:00:00,0.0
2022-06-28 21:00:00,0.0
2022-06-28 22:00:00,0.0
2022-06-28 23:00:00,0.0
2022-06-29 00:00:00,0.0
2022-06-29 01:00:00,0.0
2022-06-29 02:00:00,0.0
2022-06-29 03:00:00,0.0
2022-06-29 04:00:00,0.0
2022-06-29 05:00:00,0.039
2022-06-29 06:00:00,2.256
2022-06-29 07:00:00,6.828
2022-06-29 08:00:00,13.879
2022-06-29 09:00:00,20.6
2022-06-29 10:00:00,24.765
2022-06-29 11:00:00,26.204
2022-06-29 12:00:00,24.362
2022-06-29 13:00:00,20.938
2022-06-29 14:00:00,17.129
2022-06-29 15:00:00,11.238
2022-06-29 16:00:00,5.613
2022-06-29 17:00:00,2.525
2022-06-29 18:00:00,0.54
2022-06-29 19:00:00,0.0
2022-06-29 20:00:00,0.0
2022-06-29 21:00:00,0.0
2022-06-29 22:00:00,0.0
2022-06-29 23:00:00,0.0
2022-06-30 00:00:00,0.0
2022-06-30 01:00:00,0.0
2022-06-30 02:00:00,0.0
2022-06-30 03:00:00,0.0
2022-06-30 04:00:00,0.0
2022-06-30 05:00:00,0.069
2022-06-30 06:00:00,2.588
2022-06-30 07:00:00,7.576000000000001
2022-06-30 08:00:00,14.171
2022-06-30 09:00:00,20.901
2022-06-30 10:00:00,26.363
2022-06-30 11:00:00,29.266
2022-06-30 12:00:00,30.884
2022-06-30 13:00:00,30.49
2022-06-30 14:00:00,26.957
2022-06-30 15:00:00,21.629
2022-06-30 16:00:00,15.104
2022-06-30 17:00:00,7.713
2022-06-30 18:00:00,2.132
2022-06-30 19:00:00,0.0
2022-06-30 20:00:00,0.0
2022-06-30 21:00:00,0.0
2022-06-30 22:00:00,0.0
2022-06-30 23:00:00,0.0
2022-07-01 00:00:00,0.0
2022-07-01 01:00:00,0.0
2022-07-01 02:00:00,0.0
2022-07-01 03:00:00,0.0
2022-07-01 04:00:00,0.0
2022-07-01 05:00:00,0.107
2022-07-01 06:00:00,2.708
2022-07-01 07:00:00,8.387
2022-07-01 08:00:00,15.807
2022-07-01 09:00:00,22.488
2022-07-01 10:00:00,27.716
2022-07-01 11:00:00,30.003
2022-07-01 12:00:00,29.853
2022-07-01 13:00:00,27.137
2022-07-01 14:00:00,25.302
2022-07-01 15:00:00,19.057
2022-07-01 16:00:00,10.989
2022-07-01 17:00:00,5.19
2022-07-01 18:00:00,1.204
2022-07-01 19:00:00,0.0
2022-07-01 20:00:00,0.0
2022-07-01 21:00:00,0.0
2022-07-01 22:00:00,0.0
2022-07-01 23:00:00,0.0
2022-07-02 00:00:00,0.0
2022-07-02 01:00:00,0.0
2022-07-02 02:00:00,0.0
2022-07-02 03:00:00,0.0
2022-07-02 04:00:00,0.0
2022-07-02 05:00:00,0.049
2022-07-02 06:00:00,2.214
2022-07-02 07:00:00,6.71
2022-07-02 08:00:00,11.628
2022-07-02 09:00:00,16.34
2022-07-02 10:00:00,18.463
2022-07-02 11:00:00,18.455
2022-07-02 12:00:00,21.742
2022-07-02 13:00:00,22.021
2022-07-02 14:00:00,18.641
2022-07-02 15:00:00,13.929
2022-07-02 16:00:00,8.35
2022-07-02 17:00:00,3.891
2022-07-02 18:00:00,0.862
2022-07-02 19:00:00,0.0
2022-07-02 20:00:00,0.0
2022-07-02 21:00:00,0.0
2022-07-02 22:00:00,0.0
2022-07-02 23:00:00,0.0
2022-07-03 00:00:00,0.0
2022-07-03 01:00:00,0.0
2022-07-03 02:00:00,0.0
2022-07-03 03:00:00,0.0
2022-07-03 04:00:00,0.0
2022-07-03 05:00:00,0.009000000000000001
2022-07-03 06:00:00,1.568
2022-07-03 07:00:00,4.984
2022-07-03 08:00:00,10.904
2022-07-03 09:00:00,16.328
2022-07-03 10:00:00,20.709
2022-07-03 11:00:00,23.841
2022-07-03 12:00:00,27.197
2022-07-03 13:00:00,27.251
2022-07-03 14:00:00,24.305
2022-07-03 15:00:00,19.378
2022-07-03 16:00:00,12.578
2022-07-03 17:00:00,6.02
2022-07-03 18:00:00,1.413
2022-07-03 19:00:00,0.0
2022-07-03 20:00:00,0.0
2022-07-03 21:00:00,0.0
2022-07-03 22:00:00,0.0
2022-07-03 23:00:00,0.0
2022-07-04 00:00:00,0.0
2022-07-04 01:00:00,0.0
2022-07-04 02:00:00,0.0
2022-07-04 03:00:00,0.0
2022-07-04 04:00:00,0.0
2022-07-04 05:00:00,0.014
2022-07-04 06:00:00,1.84
2022-07-04 07:00:00,6.117
2022-07-04 08:00:00,10.507
2022-07-04 09:00:00,15.499
2022-07-04 10:00:00,19.418
2022-07-04 11:00:00,21.861
2022-07-04 12:00:00,22.842
2022-07-04 13:00:00,20.285
2022-07-04 14:00:00,15.829
2022-07-04 15:00:00,11.507
2022-07-04 16:00:00,8.721
2022-07-04 17:00:00,3.943
2022-07-04 18:00:00,0.9430000000000001
2022-07-04 19:00:00,0.0
2022-07-04 20:00:00,0.0
2022-07-04 21:00:00,0.0
2022-07-04 22:00:00,0.0
2022-07-04 23:00:00,0.0
2022-07-05 00:00:00,0.0
2022-07-05 01:00:00,0.0
2022-07-05 02:00:00,0.0
2022-07-05 03:00:00,0.0
2022-07-05 04:00:00,0.0
2022-07-05 05:00:00,0.095
2022-07-05 06:00:00,2.726
2022-07-05 07:00:00,5.663
2022-07-05 08:00:00,8.518
2022-07-05 09:00:00,10.662
2022-07-05 10:00:00,10.746
2022-07-05 11:00:00,10.197
2022-07-05 12:00:00,11.54
2022-07-05 13:00:00,11.174
2022-07-05 14:00:00,12.943
2022-07-05 15:00:00,13.569
2022-07-05 16:00:00,9.504
2022-07-05 17:00:00,4.49
2022-07-05 18:00:00,0.994
2022-07-05 19:00:00,0.0
2022-07-05 20:00:00,0.0
2022-07-05 21:00:00,0.0
2022-07-05 22:00:00,0.0
2022-07-05 23:00:00,0.0
2022-07-06 00:00:00,0.0
2022-07-06 01:00:00,0.0
2022-07-06 02:00:00,0.0
2022-07-06 03:00:00,0.0
2022-07-06 04:00:00,0.0
2022-07-06 05:00:00,0.151
2022-07-06 06:00:00,3.664
2022-07-06 07:00:00,10.22
2022-07-06 08:00:00,17.521
2022-07-06 09:00:00,23.76
2022-07-06 10:00:00,28.09
2022-07-06 11:00:00,30.188
2022-07-06 12:00:00,30.272
2022-07-06 13:00:00,28.263
2022-07-06 14:00:00,23.614
2022-07-06 15:00:00,18.722
2022-07-06 16:00:00,12.543
2022-07-06 17:00:00,6.48
2022-07-06 18:00:00,1.499
2022-07-06 19:00:00,0.0
2022-07-06 20:00:00,0.0
2022-07-06 21:00:00,0.0
2022-07-06 22:00:00,0.0
2022-07-06 23:00:00,0.0
2022-07-07 00:00:00,0.0
2022-07-07 01:00:00,0.0
2022-07-07 02:00:00,0.0
2022-07-07 03:00:00,0.0
2022-07-07 04:00:00,0.0
2022-07-07 05:00:00,0.073
2022-07-07 06:00:00,2.688
2022-07-07 07:00:00,7.652
2022-07-07 08:00:00,13.065
2022-07-07 09:00:00,18.201
2022-07-07 10:00:00,24.044
2022-07-07 11:00:00,27.212
2022-07-07 12:00:00,28.684
2022-07-07 13:00:00,28.216
2022-07-07 14:00:00,25.614
2022-07-07 15:00:00,20.971
2022-07-07 16:00:00,13.899
2022-07-07 17:00:00,7.174
2022-07-07 18:00:00,1.905
2022-07-07 19:00:00,0.0
2022-07-07 20:00:00,0.0
2022-07-07 21:00:00,0.0
2022-07-07 22:00:00,0.0
2022-07-07 23:00:00,0.0
2022-07-08 00:00:00,0.0
2022-07-08 01:00:00,0.0
2022-07-08 02:00:00,0.0
2022-07-08 03:00:00,0.0
2022-07-08 04:00:00,0.0
2022-07-08 05:00:00,0.145
2022-07-08 06:00:00,3.511
2022-07-08 07:00:00,9.725999999999999
2022-07-08 08:00:00,16.459
2022-07-08 09:00:00,22.655
2022-07-08 10:00:00,27.947
2022-07-08 11:00:00,31.46
2022-07-08 12:00:00,32.529
2022-07-08 13:00:00,30.552
2022-07-08 14:00:00,26.914
2022-07-08 15:00:00,18.361
2022-07-08 16:00:00,11.645
2022-07-08 17:00:00,5.64
2022-07-08 18:00:00,1.38
2022-07-08 19:00:00,0.0
2022-07-08 20:00:00,0.0
2022-07-08 21:00:00,0.0
2022-07-08 22:00:00,0.0
2022-07-08 23:00:00,0.0
2022-07-09 00:00:00,0.0
2022-07-09 01:00:00,0.0
2022-07-09 02:00:00,0.0
2022-07-09 03:00:00,0.0
2022-07-09 04:00:00,0.0
2022-07-09 05:00:00,0.176
2022-07-09 06:00:00,3.582
2022-07-09 07:00:00,10.679
2022-07-09 08:00:00,18.093
2022-07-09 09:00:00,24.249
2022-07-09 10:00:00,28.551
2022-07-09 11:00:00,31.151
2022-07-09 12:00:00,29.901
2022-07-09 13:00:00,28.239
2022-07-09 14:00:00,24.336
2022-07-09 15:00:00,19.031
2022-07-09 16:00:00,11.803
2022-07-09 17:00:00,5.924
2022-07-09 18:00:00,1.67
2022-07-09 19:00:00,0.0
2022-07-09 20:00:00,0.0
2022-07-09 21:00:00,0.0
2022-07-09 22:00:00,0.0
2022-07-09 23:00:00,0.0
2022-07-10 00:00:00,0.0
2022-07-10 01:00:00,0.0
2022-07-10 02:00:00,0.0
2022-07-10 03:00:00,0.0
2022-07-10 04:00:00,0.0
2022-07-10 05:00:00,0.097
2022-07-10 06:00:00,3.187
2022-07-10 07:00:00,8.587
2022-07-10 08:00:00,14.961
2022-07-10 09:00:00,20.943
2022-07-10 10:00:00,25.692
2022-07-10 11:00:00,28.443
2022-07-10 12:00:00,29.659
2022-07-10 13:00:00,28.424
2022-07-10 14:00:00,25.308
2022-07-10 15:00:00,20.297
2022-07-10 16:00:00,13.8
2022-07-10 17:00:00,7.142
2022-07-10 18:00:00,1.872
2022-07-10 19:00:00,0.0
2022-07-10 20:00:00,0.0
2022-07-10 21:00:00,0.0
2022-07-10 22:00:00,0.0
2022-07-10 23:00:00,0.0
2022-07-11 00:00:00,0.0
2022-07-11 01:00:00,0.0
2022-07-11 02:00:00,0.0
2022-07-11 03:00:00,0.0
2022-07-11 04:00:00,0.0
2022-07-11 05:00:00,0.104
2022-07-11 06:00:00,3.204
2022-07-11 07:00:00,8.959
2022-07-11 08:00:00,14.87
2022-07-11 09:00:00,18.967
2022-07-11 10:00:00,21.272
2022-07-11 11:00:00,21.931
2022-07-11 12:00:00,24.824
2022-07-11 13:00:00,24.579
2022-07-11 14:00:00,22.024
2022-07-11 15:00:00,16.388
2022-07-11 16:00:00,10.209
2022-07-11 17:00:00,4.911
2022-07-11 18:00:00,1.238
2022-07-11 19:00:00,0.0
2022-07-11 20:00:00,0.0
2022-07-11 21:00:00,0.0
2022-07-11 22:00:00,0.0
2022-07-11 23:00:00,0.0
2022-07-12 00:00:00,0.0
2022-07-12 01:00:00,0.0
2022-07-12 02:00:00,0.0
2022-07-12 03:00:00,0.0
2022-07-12 04:00:00,0.0
2022-07-12 05:00:00,0.122
2022-07-12 06:00:00,3.635
2022-07-12 07:00:00,10.618
2022-07-12 08:00:00,17.585
2022-07-12 09:00:00,22.184
2022-07-12 10:00:00,25.393
2022-07-12 11:00:00,27.023
2022-07-12 12:00:00,26.981
2022-07-12 13:00:00,25.608
2022-07-12 14:00:00,22.772
2022-07-12 15:00:00,17.57
2022-07-12 16:00:00,11.38
2022-07-12 17:00:00,5.485
2022-07-12 18:00:00,1.308
2022-07-12 19:00:00,0.0
2022-07-12 20:00:00,0.0
2022-07-12 21:00:00,0.0
2022-07-12 22:00:00,0.0
2022-07-12 23:00:00,0.0
2022-07-13 00:00:00,0.0
2022-07-13 01:00:00,0.0
2022-07-13 02:00:00,0.0
2022-07-13 03:00:00,0.0
2022-07-13 04:00:00,0.0
2022-07-13 05:00:00,0.15
2022-07-13 06:00:00,3.588
2022-07-13 07:00:00,10.607
2022-07-13 08:00:00,17.953
2022-07-13 09:00:00,24.135
2022-07-13 10:00:00,28.644
2022-07-13 11:00:00,31.445
2022-07-13 12:00:00,31.802
2022-07-13 13:00:00,30.007
2022-07-13 14:00:00,25.135
2022-07-13 15:00:00,19.542
2022-07-13 16:00:00,12.627
2022-07-13 17:00:00,5.987
2022-07-13 18:00:00,1.548
2022-07-13 19:00:00,0.0
2022-07-13 20:00:00,0.0
2022-07-13 21:00:00,0.0
2022-07-13 22:00:00,0.0
2022-07-13 23:00:00,0.0
2022-07-14 00:00:00,0.0
2022-07-14 01:00:00,0.0
2022-07-14 02:00:00,0.0
2022-07-14 03:00:00,0.0
2022-07-14 04:00:00,0.0
2022-07-14 05:00:00,0.137
2022-07-14 06:00:00,3.429
2022-07-14 07:00:00,10.454
2022-07-14 08:00:00,17.884
2022-07-14 09:00:00,24.396
2022-07-14 10:00:00,29.387
2022-07-14 11:00:00,32.36
2022-07-14 12:00:00,32.995
2022-07-14 13:00:00,31.424
2022-07-14 14:00:00,27.844
2022-07-14 15:00:00,21.888
2022-07-14 16:00:00,13.618
2022-07-14 17:00:00,7.077
2022-07-14 18:00:00,1.648
2022-07-14 19:00:00,0.0
2022-07-14 20:00:00,0.0
2022-07-14 21:00:00,0.0
2022-07-14 22:00:00,0.0
2022-07-14 23:00:00,0.0
2022-07-15 00:00:00,0.0
2022-07-15 01:00:00,0.0
2022-07-15 02:00:00,0.0
2022-07-15 03:00:00,0.0
2022-07-15 04:00:00,0.0
2022-07-15 05:00:00,0.128
2022-07-15 06:00:00,3.321
2022-07-15 07:00:00,10.558
2022-07-15 08:00:00,18.1
2022-07-15 09:00:00,22.175
2022-07-15 10:00:00,24.062
2022-07-15 11:00:00,23.196
2022-07-15 12:00:00,25.62
2022-07-15 13:00:00,25.065
2022-07-15 14:00:00,20.321
2022-07-15 15:00:00,12.483
2022-07-15 16:00:00,6.932
2022-07-15 17:00:00,2.633
2022-07-15 18:00:00,0.485
2022-07-15 19:00:00,0.0
2022-07-15 20:00:00,0.0
2022-07-15 21:00:00,0.0
2022-07-15 22:00:00,0.0
2022-07-15 23:00:00,0.0
2022-07-16 00:00:00,0.0
2022-07-16 01:00:00,0.0
2022-07-16 02:00:00,0.0
2022-07-16 03:00:00,0.0
2022-07-16 04:00:00,0.0
2022-07-16 05:00:00,0.122
2022-07-16 06:00:00,3.548
2022-07-16 07:00:00,10.139
2022-07-16 08:00:00,17.178
2022-07-16 09:00:00,24.436
2022-07-16 10:00:00,29.522
2022-07-16 11:00:00,32.069
2022-07-16 12:00:00,32.622
2022-07-16 13:00:00,29.412
2022-07-16 14:00:00,23.763
2022-07-16 15:00:00,13.764
2022-07-16 16:00:00,7.767
2022-07-16 17:00:00,3.942
2022-07-16 18:00:00,0.932
2022-07-16 19:00:00,0.0
2022-07-16 20:00:00,0.0
2022-07-16 21:00:00,0.0
2022-07-16 22:00:00,0.0
2022-07-16 23:00:00,0.0
2022-07-17 00:00:00,0.0
2022-07-17 01:00:00,0.0
2022-07-17 02:00:00,0.0
2022-07-17 03:00:00,0.0
2022-07-17 04:00:00,0.0
2022-07-17 05:00:00,0.068
2022-07-17 06:00:00,3.398
2022-07-17 07:00:00,9.933
2022-07-17 08:00:00,16.328
2022-07-17 09:00:00,20.02
2022-07-17 10:00:00,23.753
2022-07-17 11:00:00,25.377
2022-07-17 12:00:00,24.756
2022-07-17 13:00:00,19.435
2022-07-17 14:00:00,14.598
2022-07-17 15:00:00,9.698
2022-07-17 16:00:00,5.479
2022-07-17 17:00:00,2.525
2022-07-17 18:00:00,0.548
2022-07-17 19:00:00,0.0
2022-07-17 20:00:00,0.0
2022-07-17 21:00:00,0.0
2022-07-17 22:00:00,0.0
2022-07-17 23:00:00,0.0
2022-07-18 00:00:00,0.0
2022-07-18 01:00:00,0.0
2022-07-18 02:00:00,0.0
2022-07-18 03:00:00,0.0
2022-07-18 04:00:00,0.0
2022-07-18 05:00:00,0.091
2022-07-18 06:00:00,3.403
2022-07-18 07:00:00,9.843
2022-07-18 08:00:00,16.856
2022-07-18 09:00:00,23.719
2022-07-18 10:00:00,29.072
2022-07-18 11:00:00,31.859
2022-07-18 12:00:00,32.101
2022-07-18 13:00:00,30.272
2022-07-18 14:00:00,27.057
2022-07-18 15:00:00,20.712
2022-07-18 16:00:00,13.676
2022-07-18 17:00:00,6.104
2022-07-18 18:00:00,1.435
2022-07-18 19:00:00,0.0
2022-07-18 20:00:00,0.0
2022-07-18 21:00:00,0.0
2022-07-18 22:00:00,0.0
2022-07-18 23:00:00,0.0
2022-07-19 00:00:00,0.0
2022-07-19 01:00:00,0.0
2022-07-19 02:00:00,0.0
2022-07-19 03:00:00,0.0
2022-07-19 04:00:00,0.0
2022-07-19 05:00:00,0.065
2022-07-19 06:00:00,3.332
2022-07-19 07:00:00,10.158
2022-07-19 08:00:00,17.938
2022-07-19 09:00:00,24.256
2022-07-19 10:00:00,28.113
2022-07-19 11:00:00,27.725
2022-07-19 12:00:00,25.022
2022-07-19 13:00:00,20.227
2022-07-19 14:00:00,14.139
2022-07-19 15:00:00,9.068
2022-07-19 16:00:00,4.498
2022-07-19 17:00:00,1.308
2022-07-19 18:00:00,0.104
2022-07-19 19:00:00,0.0
2022-07-19 20:00:00,0.0
2022-07-19 21:00:00,0.0
2022-07-19 22:00:00,0.0
2022-07-19 23:00:00,0.0
2022-07-20 00:00:00,0.0
2022-07-20 01:00:00,0.0
2022-07-20 02:00:00,0.0
2022-07-20 03:00:00,0.0
2022-07-20 04:00:00,0.0
2022-07-20 05:00:00,0.033
2022-07-20 06:00:00,2.583
2022-07-20 07:00:00,7.154
2022-07-20 08:00:00,10.29
2022-07-20 09:00:00,11.567
2022-07-20 10:00:00,12.697
2022-07-20 11:00:00,14.641
2022-07-20 12:00:00,15.184
2022-07-20 13:00:00,13.109
2022-07-20 14:00:00,10.436
2022-07-20 15:00:00,7.783
2022-07-20 16:00:00,5.145
2022-07-20 17:00:00,2.475
2022-07-20 18:00:00,0.413
2022-07-20 19:00:00,0.0
2022-07-20 20:00:00,0.0
2022-07-20 21:00:00,0.0
2022-07-20 22:00:00,0.0
2022-07-20 23:00:00,0.0
2022-07-21 00:00:00,0.0
2022-07-21 01:00:00,0.0
2022-07-21 02:00:00,0.0
2022-07-21 03:00:00,0.0
2022-07-21 04:00:00,0.0
2022-07-21 05:00:00,0.02
2022-07-21 06:00:00,2.667
2022-07-21 07:00:00,8.33
2022-07-21 08:00:00,14.679
2022-07-21 09:00:00,19.819
2022-07-21 10:00:00,22.951
2022-07-21 11:00:00,22.072
2022-07-21 12:00:00,17.988
2022-07-21 13:00:00,15.201
2022-07-21 14:00:00,11.536
2022-07-21 15:00:00,8.565
2022-07-21 16:00:00,5.586
2022-07-21 17:00:00,2.851
2022-07-21 18:00:00,0.5630000000000001
2022-07-21 19:00:00,0.0
2022-07-21 20:00:00,0.0
2022-07-21 21:00:00,0.0
2022-07-21 22:00:00,0.0
2022-07-21 23:00:00,0.0
2022-07-22 00:00:00,0.0
2022-07-22 01:00:00,0.0
2022-07-22 02:00:00,0.0
2022-07-22 03:00:00,0.0
2022-07-22 04:00:00,0.0
2022-07-22 05:00:00,0.0
2022-07-22 06:00:00,1.609
2022-07-22 07:00:00,4.962
2022-07-22 08:00:00,7.695
2022-07-22 09:00:00,11.608
2022-07-22 10:00:00,14.717
2022-07-22 11:00:00,16.082
2022-07-22 12:00:00,16.957
2022-07-22 13:00:00,16.135
2022-07-22 14:00:00,14.29
2022-07-22 15:00:00,10.928
2022-07-22 16:00:00,7.391
2022-07-22 17:00:00,3.846
2022-07-22 18:00:00,0.8260000000000001
2022-07-22 19:00:00,0.0
2022-07-22 20:00:00,0.0
2022-07-22 21:00:00,0.0
2022-07-22 22:00:00,0.0
2022-07-22 23:00:00,0.0
2022-07-23 00:00:00,0.0
2022-07-23 01:00:00,0.0
2022-07-23 02:00:00,0.0
2022-07-23 03:00:00,0.0
2022-07-23 04:00:00,0.0
2022-07-23 05:00:00,0.048
2022-07-23 06:00:00,3.266
2022-07-23 07:00:00,9.91
2022-07-23 08:00:00,16.938
2022-07-23 09:00:00,22.929
2022-07-23 10:00:00,26.557
2022-07-23 11:00:00,27.624
2022-07-23 12:00:00,26.035
2022-07-23 13:00:00,22.693
2022-07-23 14:00:00,19.109
2022-07-23 15:00:00,13.714
2022-07-23 16:00:00,8.689
2022-07-23 17:00:00,4.317
2022-07-23 18:00:00,0.883
2022-07-23 19:00:00,0.0
2022-07-23 20:00:00,0.0
2022-07-23 21:00:00,0.0
2022-07-23 22:00:00,0.0
2022-07-23 23:00:00,0.0
2022-07-24 00:00:00,0.0
2022-07-24 01:00:00,0.0
2022-07-24 02:00:00,0.0
2022-07-24 03:00:00,0.0
2022-07-24 04:00:00,0.0
2022-07-24 05:00:00,0.0
2022-07-24 06:00:00,2.062
2022-07-24 07:00:00,7.22
2022-07-24 08:00:00,13.752
2022-07-24 09:00:00,17.897
2022-07-24 10:00:00,20.065
2022-07-24 11:00:00,19.898
2022-07-24 12:00:00,17.244
2022-07-24 13:00:00,15.095
2022-07-24 14:00:00,12.627
2022-07-24 15:00:00,8.942
2022-07-24 16:00:00,5.563
2022-07-24 17:00:00,2.616
2022-07-24 18:00:00,0.507
2022-07-24 19:00:00,0.0
2022-07-24 20:00:00,0.0
2022-07-24 21:00:00,0.0
2022-07-24 22:00:00,0.0
2022-07-24 23:00:00,0.0
2022-07-25 00:00:00,0.0
2022-07-25 01:00:00,0.0
2022-07-25 02:00:00,0.0
2022-07-25 03:00:00,0.0
2022-07-25 04:00:00,0.0
2022-07-25 05:00:00,0.0
2022-07-25 06:00:00,1.429
2022-07-25 07:00:00,4.77
2022-07-25 08:00:00,9.576
2022-07-25 09:00:00,13.683
2022-07-25 10:00:00,16.767
2022-07-25 11:00:00,17.788
2022-07-25 12:00:00,19.573
2022-07-25 13:00:00,19.385
2022-07-25 14:00:00,17.101
2022-07-25 15:00:00,12.979
2022-07-25 16:00:00,8.113
2022-07-25 17:00:00,3.675
2022-07-25 18:00:00,0.66
2022-07-25 19:00:00,0.0
2022-07-25 20:00:00,0.0
2022-07-25 21:00:00,0.0
2022-07-25 22:00:00,0.0
2022-07-25 23:00:00,0.0
2022-07-26 00:00:00,0.0
2022-07-26 01:00:00,0.0
2022-07-26 02:00:00,0.0
2022-07-26 03:00:00,0.0
2022-07-26 04:00:00,0.0
2022-07-26 05:00:00,0.0
2022-07-26 06:00:00,2.082
2022-07-26 07:00:00,6.074
2022-07-26 08:00:00,10.06
2022-07-26 09:00:00,14.809
2022-07-26 10:00:00,17.043
2022-07-26 11:00:00,18.672
2022-07-26 12:00:00,20.068
2022-07-26 13:00:00,19.618
2022-07-26 14:00:00,17.164
2022-07-26 15:00:00,13.471
2022-07-26 16:00:00,8.357
2022-07-26 17:00:00,3.531
2022-07-26 18:00:00,0.615
2022-07-26 19:00:00,0.0
2022-07-26 20:00:00,0.0
2022-07-26 21:00:00,0.0
2022-07-26 22:00:00,0.0
2022-07-26 23:00:00,0.0
2022-07-27 00:00:00,0.0
2022-07-27 01:00:00,0.0
2022-07-27 02:00:00,0.0
2022-07-27 03:00:00,0.0
2022-07-27 04:00:00,0.0
2022-07-27 05:00:00,0.0
2022-07-27 06:00:00,1.762
2022-07-27 07:00:00,6.091
2022-07-27 08:00:00,11.6
2022-07-27 09:00:00,16.518
2022-07-27 10:00:00,20.578
2022-07-27 11:00:00,24.033
2022-07-27 12:00:00,25.671
2022-07-27 13:00:00,24.693
2022-07-27 14:00:00,22.594
2022-07-27 15:00:00,15.966
2022-07-27 16:00:00,10.686
2022-07-27 17:00:00,5.288
2022-07-27 18:00:00,1.084
2022-07-27 19:00:00,0.0
2022-07-27 20:00:00,0.0
2022-07-27 21:00:00,0.0
2022-07-27 22:00:00,0.0
2022-07-27 23:00:00,0.0
2022-07-28 00:00:00,0.0
2022-07-28 01:00:00,0.0
2022-07-28 02:00:00,0.0
2022-07-28 03:00:00,0.0
2022-07-28 04:00:00,0.0
2022-07-28 05:00:00,0.0
2022-07-28 06:00:00,2.149
2022-07-28 07:00:00,6.972
2022-07-28 08:00:00,12.991
2022-07-28 09:00:00,18.095
2022-07-28 10:00:00,21.524
2022-07-28 11:00:00,22.127
2022-07-28 12:00:00,21.911
2022-07-28 13:00:00,19.449
2022-07-28 14:00:00,13.912
2022-07-28 15:00:00,8.826
2022-07-28 16:00:00,4.502
2022-07-28 17:00:00,1.684
2022-07-28 18:00:00,0.297
2022-07-28 19:00:00,0.0
2022-07-28 20:00:00,0.0
2022-07-28 21:00:00,0.0
2022-07-28 22:00:00,0.0
2022-07-28 23:00:00,0.0
2022-07-29 00:00:00,0.0
2022-07-29 01:00:00,0.0
2022-07-29 02:00:00,0.0
2022-07-29 03:00:00,0.0
2022-07-29 04:00:00,0.0
2022-07-29 05:00:00,0.0
2022-07-29 06:00:00,1.596
2022-07-29 07:00:00,5.084
2022-07-29 08:00:00,8.797
2022-07-29 09:00:00,12.201
2022-07-29 10:00:00,15.575
2022-07-29 11:00:00,18.274
2022-07-29 12:00:00,19.515
2022-07-29 13:00:00,19.646
2022-07-29 14:00:00,18.19
2022-07-29 15:00:00,14.469
2022-07-29 16:00:00,9.475
2022-07-29 17:00:00,4.318
2022-07-29 18:00:00,0.742
2022-07-29 19:00:00,0.0
2022-07-29 20:00:00,0.0
2022-07-29 21:00:00,0.0
2022-07-29 22:00:00,0.0
2022-07-29 23:00:00,0.0
2022-07-30 00:00:00,0.0
2022-07-30 01:00:00,0.0
2022-07-30 02:00:00,0.0
2022-07-30 03:00:00,0.0
2022-07-30 04:00:00,0.0
2022-07-30 05:00:00,0.0
2022-07-30 06:00:00,2.533
2022-07-30 07:00:00,8.087
2022-07-30 08:00:00,12.412
2022-07-30 09:00:00,16.438
2022-07-30 10:00:00,19.312
2022-07-30 11:00:00,21.183
2022-07-30 12:00:00,19.579
2022-07-30 13:00:00,18.253
2022-07-30 14:00:00,16.146
2022-07-30 15:00:00,14.219
2022-07-30 16:00:00,10.77
2022-07-30 17:00:00,6.001
2022-07-30 18:00:00,1.189
2022-07-30 19:00:00,0.0
2022-07-30 20:00:00,0.0
2022-07-30 21:00:00,0.0
2022-07-30 22:00:00,0.0
2022-07-30 23:00:00,0.0
2022-07-31 00:00:00,0.0
2022-07-31 01:00:00,0.0
2022-07-31 02:00:00,0.0
2022-07-31 03:00:00,0.0
2022-07-31 04:00:00,0.0
2022-07-31 05:00:00,0.0
2022-07-31 06:00:00,2.142
2022-07-31 07:00:00,6.99
2022-07-31 08:00:00,12.931
2022-07-31 09:00:00,19.058
2022-07-31 10:00:00,24.666
2022-07-31 11:00:00,29.532
2022-07-31 12:00:00,31.692
2022-07-31 13:00:00,31.216
2022-07-31 14:00:00,28.394
2022-07-31 15:00:00,22.798
2022-07-31 16:00:00,15.611
2022-07-31 17:00:00,7.683
2022-07-31 18:00:00,1.469
2022-07-31 19:00:00,0.0
2022-07-31 20:00:00,0.0
2022-07-31 21:00:00,0.0
2022-07-31 22:00:00,0.0
2022-07-31 23:00:00,0.0
2022-08-01 00:00:00,0.0
2022-08-01 01:00:00,0.0
2022-08-01 02:00:00,0.0
2022-08-01 03:00:00,0.0
2022-08-01 04:00:00,0.0
2022-08-01 05:00:00,0.008
2022-08-01 06:00:00,2.979
2022-08-01 07:00:00,10.503
2022-08-01 08:00:00,18.675
2022-08-01 09:00:00,25.605
2022-08-01 10:00:00,30.491
2022-08-01 11:00:00,33.3
2022-08-01 12:00:00,33.491
2022-08-01 13:00:00,31.598
2022-08-01 14:00:00,27.675
2022-08-01 15:00:00,21.432
2022-08-01 16:00:00,13.032
2022-08-01 17:00:00,6.032
2022-08-01 18:00:00,1.015
2022-08-01 19:00:00,0.0
2022-08-01 20:00:00,0.0
2022-08-01 21:00:00,0.0
2022-08-01 22:00:00,0.0
2022-08-01 23:00:00,0.0
2022-08-02 00:00:00,0.0
2022-08-02 01:00:00,0.0
2022-08-02 02:00:00,0.0
2022-08-02 03:00:00,0.0
2022-08-02 04:00:00,0.0
2022-08-02 05:00:00,0.0
2022-08-02 06:00:00,2.878
2022-08-02 07:00:00,9.92
2022-08-02 08:00:00,17.39
2022-08-02 09:00:00,23.377
2022-08-02 10:00:00,27.161
2022-08-02 11:00:00,28.453
2022-08-02 12:00:00,25.97
2022-08-02 13:00:00,23.817
2022-08-02 14:00:00,20.52
2022-08-02 15:00:00,15.879
2022-08-02 16:00:00,10.606
2022-08-02 17:00:00,4.825
2022-08-02 18:00:00,0.839
2022-08-02 19:00:00,0.0
2022-08-02 20:00:00,0.0
2022-08-02 21:00:00,0.0
2022-08-02 22:00:00,0.0
2022-08-02 23:00:00,0.0
2022-08-03 00:00:00,0.0
2022-08-03 01:00:00,0.0
2022-08-03 02:00:00,0.0
2022-08-03 03:00:00,0.0
2022-08-03 04:00:00,0.0
2022-08-03 05:00:00,0.0
2022-08-03 06:00:00,2.574
2022-08-03 07:00:00,8.289
2022-08-03 08:00:00,13.486
2022-08-03 09:00:00,17.808
2022-08-03 10:00:00,21.883
2022-08-03 11:00:00,23.94
2022-08-03 12:00:00,23.814
2022-08-03 13:00:00,20.854
2022-08-03 14:00:00,17.248
2022-08-03 15:00:00,14.855
2022-08-03 16:00:00,10.75
2022-08-03 17:00:00,5.715
2022-08-03 18:00:00,1.112
2022-08-03 19:00:00,0.0
2022-08-03 20:00:00,0.0
2022-08-03 21:00:00,0.0
2022-08-03 22:00:00,0.0
2022-08-03 23:00:00,0.0
2022-08-04 00:00:00,0.0
2022-08-04 01:00:00,0.0
2022-08-04 02:00:00,0.0
2022-08-04 03:00:00,0.0
2022-08-04 04:00:00,0.0
2022-08-04 05:00:00,0.0
2022-08-04 06:00:00,1.571
2022-08-04 07:00:00,5.62
2022-08-04 08:00:00,10.932
2022-08-04 09:00:00,16.481
2022-08-04 10:00:00,22.326
2022-08-04 11:00:00,27.798
2022-08-04 12:00:00,30.617
2022-08-04 13:00:00,30.889
2022-08-04 14:00:00,28.155
2022-08-04 15:00:00,22.713
2022-08-04 16:00:00,15.384
2022-08-04 17:00:00,7.405
2022-08-04 18:00:00,1.295
2022-08-04 19:00:00,0.0
2022-08-04 20:00:00,0.0
2022-08-04 21:00:00,0.0
2022-08-04 22:00:00,0.0
2022-08-04 23:00:00,0.0
2022-08-05 00:00:00,0.0
2022-08-05 01:00:00,0.0
2022-08-05 02:00:00,0.0
2022-08-05 03:00:00,0.0
2022-08-05 04:00:00,0.0
2022-08-05 05:00:00,0.0
2022-08-05 06:00:00,2.859
2022-08-05 07:00:00,10.399
2022-08-05 08:00:00,18.325
2022-08-05 09:00:00,24.894
2022-08-05 10:00:00,29.431
2022-08-05 11:00:00,32.477
2022-08-05 12:00:00,33.164
2022-08-05 13:00:00,31.397
2022-08-05 14:00:00,27.249
2022-08-05 15:00:00,20.697
2022-08-05 16:00:00,12.935
2022-08-05 17:00:00,5.787
2022-08-05 18:00:00,0.9380000000000001
2022-08-05 19:00:00,0.0
2022-08-05 20:00:00,0.0
2022-08-05 21:00:00,0.0
2022-08-05 22:00:00,0.0
2022-08-05 23:00:00,0.0
2022-08-06 00:00:00,0.0
2022-08-06 01:00:00,0.0
2022-08-06 02:00:00,0.0
2022-08-06 03:00:00,0.0
2022-08-06 04:00:00,0.0
2022-08-06 05:00:00,0.0
2022-08-06 06:00:00,2.408
2022-08-06 07:00:00,8.465
2022-08-06 08:00:00,13.6
2022-08-06 09:00:00,20.304
2022-08-06 10:00:00,24.055
2022-08-06 11:00:00,23.466
2022-08-06 12:00:00,22.761
2022-08-06 13:00:00,21.012
2022-08-06 14:00:00,15.716
2022-08-06 15:00:00,11.251
2022-08-06 16:00:00,7.019
2022-08-06 17:00:00,3.503
2022-08-06 18:00:00,0.529
2022-08-06 19:00:00,0.0
2022-08-06 20:00:00,0.0
2022-08-06 21:00:00,0.0
2022-08-06 22:00:00,0.0
2022-08-06 23:00:00,0.0
2022-08-07 00:00:00,0.0
2022-08-07 01:00:00,0.0
2022-08-07 02:00:00,0.0
2022-08-07 03:00:00,0.0
2022-08-07 04:00:00,0.0
2022-08-07 05:00:00,0.0
2022-08-07 06:00:00,2.418
2022-08-07 07:00:00,7.244
2022-08-07 08:00:00,14.593
2022-08-07 09:00:00,21.534
2022-08-07 10:00:00,25.589
2022-08-07 11:00:00,28.049
2022-08-07 12:00:00,27.25
2022-08-07 13:00:00,23.942
2022-08-07 14:00:00,17.725
2022-08-07 15:00:00,11.62
2022-08-07 16:00:00,6.418
2022-08-07 17:00:00,2.776
2022-08-07 18:00:00,0.357
2022-08-07 19:00:00,0.0
2022-08-07 20:00:00,0.0
2022-08-07 21:00:00,0.0
2022-08-07 22:00:00,0.0
2022-08-07 23:00:00,0.0
2022-08-08 00:00:00,0.0
2022-08-08 01:00:00,0.0
2022-08-08 02:00:00,0.0
2022-08-08 03:00:00,0.0
2022-08-08 04:00:00,0.0
2022-08-08 05:00:00,0.0
2022-08-08 06:00:00,2.047
2022-08-08 07:00:00,8.16
2022-08-08 08:00:00,15.504
2022-08-08 09:00:00,22.637
2022-08-08 10:00:00,29.109
2022-08-08 11:00:00,30.843
2022-08-08 12:00:00,30.218
2022-08-08 13:00:00,28.781
2022-08-08 14:00:00,24.609
2022-08-08 15:00:00,19.154
2022-08-08 16:00:00,11.495
2022-08-08 17:00:00,5.631
2022-08-08 18:00:00,0.897
2022-08-08 19:00:00,0.0
2022-08-08 20:00:00,0.0
2022-08-08 21:00:00,0.0
2022-08-08 22:00:00,0.0
2022-08-08 23:00:00,0.0
2022-08-09 00:00:00,0.0
2022-08-09 01:00:00,0.0
2022-08-09 02:00:00,0.0
2022-08-09 03:00:00,0.0
2022-08-09 04:00:00,0.0
2022-08-09 05:00:00,0.0
2022-08-09 06:00:00,2.725
2022-08-09 07:00:00,10.561
2022-08-09 08:00:00,18.9
2022-08-09 09:00:00,25.931
2022-08-09 10:00:00,31.003
2022-08-09 11:00:00,33.812
2022-08-09 12:00:00,34.386
2022-08-09 13:00:00,32.879
2022-08-09 14:00:00,29.05
2022-08-09 15:00:00,23.136
2022-08-09 16:00:00,15.381
2022-08-09 17:00:00,7.148
2022-08-09 18:00:00,1.08
2022-08-09 19:00:00,0.0
2022-08-09 20:00:00,0.0
2022-08-09 21:00:00,0.0
2022-08-09 22:00:00,0.0
2022-08-09 23:00:00,0.0
2022-08-10 00:00:00,0.0
2022-08-10 01:00:00,0.0
2022-08-10 02:00:00,0.0
2022-08-10 03:00:00,0.0
2022-08-10 04:00:00,0.0
2022-08-10 05:00:00,0.0
2022-08-10 06:00:00,2.546
2022-08-10 07:00:00,10.126
2022-08-10 08:00:00,18.299
2022-08-10 09:00:00,24.995
2022-08-10 10:00:00,29.437
2022-08-10 11:00:00,31.382
2022-08-10 12:00:00,31.068
2022-08-10 13:00:00,28.56
2022-08-10 14:00:00,23.725
2022-08-10 15:00:00,17.621
2022-08-10 16:00:00,11.347
2022-08-10 17:00:00,5.208
2022-08-10 18:00:00,0.77
2022-08-10 19:00:00,0.0
2022-08-10 20:00:00,0.0
2022-08-10 21:00:00,0.0
2022-08-10 22:00:00,0.0
2022-08-10 23:00:00,0.0
2022-08-11 00:00:00,0.0
2022-08-11 01:00:00,0.0
2022-08-11 02:00:00,0.0
2022-08-11 03:00:00,0.0
2022-08-11 04:00:00,0.0
2022-08-11 05:00:00,0.0
2022-08-11 06:00:00,1.087
2022-08-11 07:00:00,4.045
2022-08-11 08:00:00,8.474
2022-08-11 09:00:00,13.401
2022-08-11 10:00:00,17.182
2022-08-11 11:00:00,20.45
2022-08-11 12:00:00,22.395
2022-08-11 13:00:00,21.491
2022-08-11 14:00:00,18.043
2022-08-11 15:00:00,13.381
2022-08-11 16:00:00,8.919
2022-08-11 17:00:00,3.991
2022-08-11 18:00:00,0.596
2022-08-11 19:00:00,0.0
2022-08-11 20:00:00,0.0
2022-08-11 21:00:00,0.0
2022-08-11 22:00:00,0.0
2022-08-11 23:00:00,0.0
2022-08-12 00:00:00,0.0
2022-08-12 01:00:00,0.0
2022-08-12 02:00:00,0.0
2022-08-12 03:00:00,0.0
2022-08-12 04:00:00,0.0
2022-08-12 05:00:00,0.0
2022-08-12 06:00:00,2.304
2022-08-12 07:00:00,8.954
2022-08-12 08:00:00,16.405
2022-08-12 09:00:00,21.75
2022-08-12 10:00:00,25.862
2022-08-12 11:00:00,28.936
2022-08-12 12:00:00,29.3
2022-08-12 13:00:00,27.357
2022-08-12 14:00:00,23.708
2022-08-12 15:00:00,18.667
2022-08-12 16:00:00,12.493
2022-08-12 17:00:00,5.801
2022-08-12 18:00:00,0.936
2022-08-12 19:00:00,0.0
2022-08-12 20:00:00,0.0
2022-08-12 21:00:00,0.0
2022-08-12 22:00:00,0.0
2022-08-12 23:00:00,0.0
2022-08-13 00:00:00,0.0
2022-08-13 01:00:00,0.0
2022-08-13 02:00:00,0.0
2022-08-13 03:00:00,0.0
2022-08-13 04:00:00,0.0
2022-08-13 05:00:00,0.0
2022-08-13 06:00:00,2.387
2022-08-13 07:00:00,9.486
2022-08-13 08:00:00,17.665
2022-08-13 09:00:00,23.896
2022-08-13 10:00:00,27.684
2022-08-13 11:00:00,29.446
2022-08-13 12:00:00,29.81
2022-08-13 13:00:00,29.432
2022-08-13 14:00:00,25.792
2022-08-13 15:00:00,20.598
2022-08-13 16:00:00,12.725
2022-08-13 17:00:00,5.44
2022-08-13 18:00:00,0.734
2022-08-13 19:00:00,0.0
2022-08-13 20:00:00,0.0
2022-08-13 21:00:00,0.0
2022-08-13 22:00:00,0.0
2022-08-13 23:00:00,0.0
2022-08-14 00:00:00,0.0
2022-08-14 01:00:00,0.0
2022-08-14 02:00:00,0.0
2022-08-14 03:00:00,0.0
2022-08-14 04:00:00,0.0
2022-08-14 05:00:00,0.0
2022-08-14 06:00:00,2.048
2022-08-14 07:00:00,8.007
2022-08-14 08:00:00,15.395
2022-08-14 09:00:00,21.707
2022-08-14 10:00:00,26.583
2022-08-14 11:00:00,30.105
2022-08-14 12:00:00,31.666
2022-08-14 13:00:00,30.587
2022-08-14 14:00:00,27.061
2022-08-14 15:00:00,21.276
2022-08-14 16:00:00,13.856
2022-08-14 17:00:00,6.38
2022-08-14 18:00:00,0.858
2022-08-14 19:00:00,0.0
2022-08-14 20:00:00,0.0
2022-08-14 21:00:00,0.0
2022-08-14 22:00:00,0.0
2022-08-14 23:00:00,0.0
2022-08-15 00:00:00,0.0
2022-08-15 01:00:00,0.0
2022-08-15 02:00:00,0.0
2022-08-15 03:00:00,0.0
2022-08-15 04:00:00,0.0
2022-08-15 05:00:00,0.0
2022-08-15 06:00:00,1.236
2022-08-15 07:00:00,4.97
2022-08-15 08:00:00,11.17
2022-08-15 09:00:00,19.681
2022-08-15 10:00:00,25.499
2022-08-15 11:00:00,29.647
2022-08-15 12:00:00,24.42
2022-08-15 13:00:00,21.008
2022-08-15 14:00:00,17.425
2022-08-15 15:00:00,13.09
2022-08-15 16:00:00,8.56
2022-08-15 17:00:00,3.126
2022-08-15 18:00:00,0.377
2022-08-15 19:00:00,0.0
2022-08-15 20:00:00,0.0
2022-08-15 21:00:00,0.0
2022-08-15 22:00:00,0.0
2022-08-15 23:00:00,0.0
2022-08-16 00:00:00,0.0
2022-08-16 01:00:00,0.0
2022-08-16 02:00:00,0.0
2022-08-16 03:00:00,0.0
2022-08-16 04:00:00,0.0
2022-08-16 05:00:00,0.0
2022-08-16 06:00:00,1.85
2022-08-16 07:00:00,5.87
2022-08-16 08:00:00,10.02
2022-08-16 09:00:00,15.664
2022-08-16 10:00:00,22.253
2022-08-16 11:00:00,26.095
2022-08-16 12:00:00,27.12
2022-08-16 13:00:00,25.054
2022-08-16 14:00:00,19.118
2022-08-16 15:00:00,13.887
2022-08-16 16:00:00,9.72
2022-08-16 17:00:00,4.078
2022-08-16 18:00:00,0.432
2022-08-16 19:00:00,0.0
2022-08-16 20:00:00,0.0
2022-08-16 21:00:00,0.0
2022-08-16 22:00:00,0.0
2022-08-16 23:00:00,0.0
2022-08-17 00:00:00,0.0
2022-08-17 01:00:00,0.0
2022-08-17 02:00:00,0.0
2022-08-17 03:00:00,0.0
2022-08-17 04:00:00,0.0
2022-08-17 05:00:00,0.0
2022-08-17 06:00:00,2.006
2022-08-17 07:00:00,7.81
2022-08-17 08:00:00,13.866
2022-08-17 09:00:00,17.571
2022-08-17 10:00:00,20.74
2022-08-17 11:00:00,21.919
2022-08-17 12:00:00,22.387
2022-08-17 13:00:00,21.193
2022-08-17 14:00:00,17.817
2022-08-17 15:00:00,12.784
2022-08-17 16:00:00,6.56
2022-08-17 17:00:00,2.483
2022-08-17 18:00:00,0.197
2022-08-17 19:00:00,0.0
2022-08-17 20:00:00,0.0
2022-08-17 21:00:00,0.0
2022-08-17 22:00:00,0.0
2022-08-17 23:00:00,0.0
2022-08-18 00:00:00,0.0
2022-08-18 01:00:00,0.0
2022-08-18 02:00:00,0.0
2022-08-18 03:00:00,0.0
2022-08-18 04:00:00,0.0
2022-08-18 05:00:00,0.0
2022-08-18 06:00:00,2.31
2022-08-18 07:00:00,8.782
2022-08-18 08:00:00,16.09
2022-08-18 09:00:00,24.531
2022-08-18 10:00:00,30.397
2022-08-18 11:00:00,32.995
2022-08-18 12:00:00,32.172
2022-08-18 13:00:00,28.551
2022-08-18 14:00:00,21.018
2022-08-18 15:00:00,14.395
2022-08-18 16:00:00,7.503
2022-08-18 17:00:00,3.514
2022-08-18 18:00:00,0.494
2022-08-18 19:00:00,0.0
2022-08-18 20:00:00,0.0
2022-08-18 21:00:00,0.0
2022-08-18 22:00:00,0.0
2022-08-18 23:00:00,0.0
2022-08-19 00:00:00,0.0
2022-08-19 01:00:00,0.0
2022-08-19 02:00:00,0.0
2022-08-19 03:00:00,0.0
2022-08-19 04:00:00,0.0
2022-08-19 05:00:00,0.0
2022-08-19 06:00:00,1.822
2022-08-19 07:00:00,7.714
2022-08-19 08:00:00,15.182
2022-08-19 09:00:00,17.924
2022-08-19 10:00:00,22.201
2022-08-19 11:00:00,25.225
2022-08-19 12:00:00,25.83
2022-08-19 13:00:00,24.087
2022-08-19 14:00:00,20.633
2022-08-19 15:00:00,15.491
2022-08-19 16:00:00,9.353
2022-08-19 17:00:00,3.843
2022-08-19 18:00:00,0.37
2022-08-19 19:00:00,0.0
2022-08-19 20:00:00,0.0
2022-08-19 21:00:00,0.0
2022-08-19 22:00:00,0.0
2022-08-19 23:00:00,0.0
2022-08-20 00:00:00,0.0
2022-08-20 01:00:00,0.0
2022-08-20 02:00:00,0.0
2022-08-20 03:00:00,0.0
2022-08-20 04:00:00,0.0
2022-08-20 05:00:00,0.0
2022-08-20 06:00:00,0.582
2022-08-20 07:00:00,2.891
2022-08-20 08:00:00,6.519
2022-08-20 09:00:00,12.325
2022-08-20 10:00:00,13.804
2022-08-20 11:00:00,20.886
2022-08-20 12:00:00,26.87
2022-08-20 13:00:00,27.419
2022-08-20 14:00:00,22.679
2022-08-20 15:00:00,17.031
2022-08-20 16:00:00,11.15
2022-08-20 17:00:00,4.512
2022-08-20 18:00:00,0.436
2022-08-20 19:00:00,0.0
2022-08-20 20:00:00,0.0
2022-08-20 21:00:00,0.0
2022-08-20 22:00:00,0.0
2022-08-20 23:00:00,0.0
2022-08-21 00:00:00,0.0
2022-08-21 01:00:00,0.0
2022-08-21 02:00:00,0.0
2022-08-21 03:00:00,0.0
2022-08-21 04:00:00,0.0
2022-08-21 05:00:00,0.0
2022-08-21 06:00:00,1.862
2022-08-21 07:00:00,8.935
2022-08-21 08:00:00,17.41
2022-08-21 09:00:00,25.008
2022-08-21 10:00:00,30.966
2022-08-21 11:00:00,33.881
2022-08-21 12:00:00,34.476
2022-08-21 13:00:00,32.935
2022-08-21 14:00:00,29.123
2022-08-21 15:00:00,23.27
2022-08-21 16:00:00,15.564
2022-08-21 17:00:00,6.979
2022-08-21 18:00:00,0.525
2022-08-21 19:00:00,0.0
2022-08-21 20:00:00,0.0
2022-08-21 21:00:00,0.0
2022-08-21 22:00:00,0.0
2022-08-21 23:00:00,0.0
2022-08-22 00:00:00,0.0
2022-08-22 01:00:00,0.0
2022-08-22 02:00:00,0.0
2022-08-22 03:00:00,0.0
2022-08-22 04:00:00,0.0
2022-08-22 05:00:00,0.0
2022-08-22 06:00:00,1.803
2022-08-22 07:00:00,7.67
2022-08-22 08:00:00,14.577
2022-08-22 09:00:00,20.515
2022-08-22 10:00:00,22.237
2022-08-22 11:00:00,23.179
2022-08-22 12:00:00,26.176
2022-08-22 13:00:00,25.125
2022-08-22 14:00:00,21.356
2022-08-22 15:00:00,15.532
2022-08-22 16:00:00,9.817
2022-08-22 17:00:00,4.574
2022-08-22 18:00:00,0.46
2022-08-22 19:00:00,0.0
2022-08-22 20:00:00,0.0
2022-08-22 21:00:00,0.0
2022-08-22 22:00:00,0.0
2022-08-22 23:00:00,0.0
2022-08-23 00:00:00,0.0
2022-08-23 01:00:00,0.0
2022-08-23 02:00:00,0.0
2022-08-23 03:00:00,0.0
2022-08-23 04:00:00,0.0
2022-08-23 05:00:00,0.0
2022-08-23 06:00:00,1.319
2022-08-23 07:00:00,5.674
2022-08-23 08:00:00,10.594
2022-08-23 09:00:00,11.007
2022-08-23 10:00:00,10.75
2022-08-23 11:00:00,11.506
2022-08-23 12:00:00,13.047
2022-08-23 13:00:00,12.762
2022-08-23 14:00:00,11.999
2022-08-23 15:00:00,11.677
2022-08-23 16:00:00,9.658
2022-08-23 17:00:00,4.636
2022-08-23 18:00:00,0.404
2022-08-23 19:00:00,0.0
2022-08-23 20:00:00,0.0
2022-08-23 21:00:00,0.0
2022-08-23 22:00:00,0.0
2022-08-23 23:00:00,0.0
2022-08-24 00:00:00,0.0
2022-08-24 01:00:00,0.0
2022-08-24 02:00:00,0.0
2022-08-24 03:00:00,0.0
2022-08-24 04:00:00,0.0
2022-08-24 05:00:00,0.0
2022-08-24 06:00:00,2.143
2022-08-24 07:00:00,9.496
2022-08-24 08:00:00,17.132
2022-08-24 09:00:00,24.997
2022-08-24 10:00:00,29.727
2022-08-24 11:00:00,33.407
2022-08-24 12:00:00,34.033
2022-08-24 13:00:00,31.864
2022-08-24 14:00:00,28.452
2022-08-24 15:00:00,22.399
2022-08-24 16:00:00,14.374
2022-08-24 17:00:00,5.977
2022-08-24 18:00:00,0.43
2022-08-24 19:00:00,0.0
2022-08-24 20:00:00,0.0
2022-08-24 21:00:00,0.0
2022-08-24 22:00:00,0.0
2022-08-24 23:00:00,0.0
2022-08-25 00:00:00,0.0
2022-08-25 01:00:00,0.0
2022-08-25 02:00:00,0.0
2022-08-25 03:00:00,0.0
2022-08-25 04:00:00,0.0
2022-08-25 05:00:00,0.0
2022-08-25 06:00:00,1.983
2022-08-25 07:00:00,9.619
2022-08-25 08:00:00,18.443
2022-08-25 09:00:00,25.823
2022-08-25 10:00:00,30.725
2022-08-25 11:00:00,32.526
2022-08-25 12:00:00,31.512
2022-08-25 13:00:00,28.068
2022-08-25 14:00:00,23.731
2022-08-25 15:00:00,17.955
2022-08-25 16:00:00,10.672
2022-08-25 17:00:00,3.962
2022-08-25 18:00:00,0.277
2022-08-25 19:00:00,0.0
2022-08-25 20:00:00,0.0
2022-08-25 21:00:00,0.0
2022-08-25 22:00:00,0.0
2022-08-25 23:00:00,0.0
2022-08-26 00:00:00,0.0
2022-08-26 01:00:00,0.0
2022-08-26 02:00:00,0.0
2022-08-26 03:00:00,0.0
2022-08-26 04:00:00,0.0
2022-08-26 05:00:00,0.0
2022-08-26 06:00:00,2.093
2022-08-26 07:00:00,10.023
2022-08-26 08:00:00,17.915
2022-08-26 09:00:00,23.461
2022-08-26 10:00:00,26.284
2022-08-26 11:00:00,25.721
2022-08-26 12:00:00,26.514
2022-08-26 13:00:00,25.936
2022-08-26 14:00:00,23.412
2022-08-26 15:00:00,16.158
2022-08-26 16:00:00,7.978
2022-08-26 17:00:00,2.679
2022-08-26 18:00:00,0.203
2022-08-26 19:00:00,0.0
2022-08-26 20:00:00,0.0
2022-08-26 21:00:00,0.0
2022-08-26 22:00:00,0.0
2022-08-26 23:00:00,0.0
2022-08-27 00:00:00,0.0
2022-08-27 01:00:00,0.0
2022-08-27 02:00:00,0.0
2022-08-27 03:00:00,0.0
2022-08-27 04:00:00,0.0
2022-08-27 05:00:00,0.0
2022-08-27 06:00:00,1.646
2022-08-27 07:00:00,7.393
2022-08-27 08:00:00,12.955
2022-08-27 09:00:00,16.287
2022-08-27 10:00:00,17.529
2022-08-27 11:00:00,16.787
2022-08-27 12:00:00,16.815
2022-08-27 13:00:00,15.226
2022-08-27 14:00:00,12.912
2022-08-27 15:00:00,10.33
2022-08-27 16:00:00,5.412
2022-08-27 17:00:00,1.747
2022-08-27 18:00:00,0.046
2022-08-27 19:00:00,0.0
2022-08-27 20:00:00,0.0
2022-08-27 21:00:00,0.0
2022-08-27 22:00:00,0.0
2022-08-27 23:00:00,0.0
2022-08-28 00:00:00,0.0
2022-08-28 01:00:00,0.0
2022-08-28 02:00:00,0.0
2022-08-28 03:00:00,0.0
2022-08-28 04:00:00,0.0
2022-08-28 05:00:00,0.0
2022-08-28 06:00:00,1.478
2022-08-28 07:00:00,7.501
2022-08-28 08:00:00,14.367
2022-08-28 09:00:00,22.373
2022-08-28 10:00:00,27.117
2022-08-28 11:00:00,29.476
2022-08-28 12:00:00,29.215
2022-08-28 13:00:00,26.083
2022-08-28 14:00:00,22.932
2022-08-28 15:00:00,16.015
2022-08-28 16:00:00,9.493
2022-08-28 17:00:00,3.914
2022-08-28 18:00:00,0.231
2022-08-28 19:00:00,0.0
2022-08-28 20:00:00,0.0
2022-08-28 21:00:00,0.0
2022-08-28 22:00:00,0.0
2022-08-28 23:00:00,0.0
2022-08-29 00:00:00,0.0
2022-08-29 01:00:00,0.0
2022-08-29 02:00:00,0.0
2022-08-29 03:00:00,0.0
2022-08-29 04:00:00,0.0
2022-08-29 05:00:00,0.0
2022-08-29 06:00:00,1.11
2022-08-29 07:00:00,6.694
2022-08-29 08:00:00,12.182
2022-08-29 09:00:00,15.0
2022-08-29 10:00:00,15.882
2022-08-29 11:00:00,16.713
2022-08-29 12:00:00,16.9
2022-08-29 13:00:00,15.243
2022-08-29 14:00:00,12.805
2022-08-29 15:00:00,9.448
2022-08-29 16:00:00,5.827
2022-08-29 17:00:00,2.467
2022-08-29 18:00:00,0.151
2022-08-29 19:00:00,0.0
2022-08-29 20:00:00,0.0
2022-08-29 21:00:00,0.0
2022-08-29 22:00:00,0.0
2022-08-29 23:00:00,0.0
2022-08-30 00:00:00,0.0
2022-08-30 01:00:00,0.0
2022-08-30 02:00:00,0.0
2022-08-30 03:00:00,0.0
2022-08-30 04:00:00,0.0
2022-08-30 05:00:00,0.0
2022-08-30 06:00:00,1.342
2022-08-30 07:00:00,6.985
2022-08-30 08:00:00,13.884
2022-08-30 09:00:00,19.836
2022-08-30 10:00:00,23.931
2022-08-30 11:00:00,26.468
2022-08-30 12:00:00,26.779
2022-08-30 13:00:00,25.609
2022-08-30 14:00:00,24.039
2022-08-30 15:00:00,16.818
2022-08-30 16:00:00,9.579
2022-08-30 17:00:00,3.648
2022-08-30 18:00:00,0.196
2022-08-30 19:00:00,0.0
2022-08-30 20:00:00,0.0
2022-08-30 21:00:00,0.0
2022-08-30 22:00:00,0.0
2022-08-30 23:00:00,0.0
2022-08-31 00:00:00,0.0
2022-08-31 01:00:00,0.0
2022-08-31 02:00:00,0.0
2022-08-31 03:00:00,0.0
2022-08-31 04:00:00,0.0
2022-08-31 05:00:00,0.0
2022-08-31 06:00:00,1.093
2022-08-31 07:00:00,6.355
2022-08-31 08:00:00,13.584
2022-08-31 09:00:00,18.852
2022-08-31 10:00:00,22.807
2022-08-31 11:00:00,24.516
2022-08-31 12:00:00,26.823
2022-08-31 13:00:00,24.817
2022-08-31 14:00:00,19.362
2022-08-31 15:00:00,13.389
2022-08-31 16:00:00,7.301
2022-08-31 17:00:00,2.765
2022-08-31 18:00:00,0.124
2022-08-31 19:00:00,0.0
2022-08-31 20:00:00,0.0
2022-08-31 21:00:00,0.0
2022-08-31 22:00:00,0.0
2022-08-31 23:00:00,0.0
2022-09-01 00:00:00,0.0
2022-09-01 01:00:00,0.0
2022-09-01 02:00:00,0.0
2022-09-01 03:00:00,0.0
2022-09-01 04:00:00,0.0
2022-09-01 05:00:00,0.0
2022-09-01 06:00:00,1.087
2022-09-01 07:00:00,6.59
2022-09-01 08:00:00,14.88
2022-09-01 09:00:00,22.632
2022-09-01 10:00:00,27.531
2022-09-01 11:00:00,29.078
2022-09-01 12:00:00,27.228
2022-09-01 13:00:00,25.053
2022-09-01 14:00:00,19.447
2022-09-01 15:00:00,14.089
2022-09-01 16:00:00,8.909
2022-09-01 17:00:00,3.751
2022-09-01 18:00:00,0.2
2022-09-01 19:00:00,0.0
2022-09-01 20:00:00,0.0
2022-09-01 21:00:00,0.0
2022-09-01 22:00:00,0.0
2022-09-01 23:00:00,0.0
2022-09-02 00:00:00,0.0
2022-09-02 01:00:00,0.0
2022-09-02 02:00:00,0.0
2022-09-02 03:00:00,0.0
2022-09-02 04:00:00,0.0
2022-09-02 05:00:00,0.0
2022-09-02 06:00:00,1.06
2022-09-02 07:00:00,7.011
2022-09-02 08:00:00,15.771
2022-09-02 09:00:00,24.213
2022-09-02 10:00:00,31.247
2022-09-02 11:00:00,35.7
2022-09-02 12:00:00,36.516
2022-09-02 13:00:00,34.787
2022-09-02 14:00:00,30.742
2022-09-02 15:00:00,24.204
2022-09-02 16:00:00,15.597
2022-09-02 17:00:00,6.314
2022-09-02 18:00:00,0.25
2022-09-02 19:00:00,0.0
2022-09-02 20:00:00,0.0
2022-09-02 21:00:00,0.0
2022-09-02 22:00:00,0.0
2022-09-02 23:00:00,0.0
2022-09-03 00:00:00,0.0
2022-09-03 01:00:00,0.0
2022-09-03 02:00:00,0.0
2022-09-03 03:00:00,0.0
2022-09-03 04:00:00,0.0
2022-09-03 05:00:00,0.0
2022-09-03 06:00:00,1.198
2022-09-03 07:00:00,7.469
2022-09-03 08:00:00,17.226
2022-09-03 09:00:00,25.242
2022-09-03 10:00:00,29.723
2022-09-03 11:00:00,33.239
2022-09-03 12:00:00,33.567
2022-09-03 13:00:00,31.797
2022-09-03 14:00:00,27.809
2022-09-03 15:00:00,22.413
2022-09-03 16:00:00,14.16
2022-09-03 17:00:00,5.367
2022-09-03 18:00:00,0.223
2022-09-03 19:00:00,0.0
2022-09-03 20:00:00,0.0
2022-09-03 21:00:00,0.0
2022-09-03 22:00:00,0.0
2022-09-03 23:00:00,0.0
2022-09-04 00:00:00,0.0
2022-09-04 01:00:00,0.0
2022-09-04 02:00:00,0.0
2022-09-04 03:00:00,0.0
2022-09-04 04:00:00,0.0
2022-09-04 05:00:00,0.0
2022-09-04 06:00:00,1.356
2022-09-04 07:00:00,9.097
2022-09-04 08:00:00,17.282
2022-09-04 09:00:00,23.099
2022-09-04 10:00:00,28.326
2022-09-04 11:00:00,33.331
2022-09-04 12:00:00,36.071
2022-09-04 13:00:00,34.368
2022-09-04 14:00:00,30.27
2022-09-04 15:00:00,22.384
2022-09-04 16:00:00,11.256
2022-09-04 17:00:00,2.866
2022-09-04 18:00:00,0.041
2022-09-04 19:00:00,0.0
2022-09-04 20:00:00,0.0
2022-09-04 21:00:00,0.0
2022-09-04 22:00:00,0.0
2022-09-04 23:00:00,0.0
2022-09-05 00:00:00,0.0
2022-09-05 01:00:00,0.0
2022-09-05 02:00:00,0.0
2022-09-05 03:00:00,0.0
2022-09-05 04:00:00,0.0
2022-09-05 05:00:00,0.0
2022-09-05 06:00:00,1.587
2022-09-05 07:00:00,10.017
2022-09-05 08:00:00,19.488
2022-09-05 09:00:00,27.153
2022-09-05 10:00:00,32.468
2022-09-05 11:00:00,35.939
2022-09-05 12:00:00,36.465
2022-09-05 13:00:00,34.719
2022-09-05 14:00:00,30.723
2022-09-05 15:00:00,24.258
2022-09-05 16:00:00,15.606
2022-09-05 17:00:00,6.126
2022-09-05 18:00:00,0.176
2022-09-05 19:00:00,0.0
2022-09-05 20:00:00,0.0
2022-09-05 21:00:00,0.0
2022-09-05 22:00:00,0.0
2022-09-05 23:00:00,0.0
2022-09-06 00:00:00,0.0
2022-09-06 01:00:00,0.0
2022-09-06 02:00:00,0.0
2022-09-06 03:00:00,0.0
2022-09-06 04:00:00,0.0
2022-09-06 05:00:00,0.0
2022-09-06 06:00:00,1.555
2022-09-06 07:00:00,10.142
2022-09-06 08:00:00,19.179
2022-09-06 09:00:00,26.849
2022-09-06 10:00:00,32.067
2022-09-06 11:00:00,35.178
2022-09-06 12:00:00,35.751
2022-09-06 13:00:00,33.991
2022-09-06 14:00:00,29.711
2022-09-06 15:00:00,21.345
2022-09-06 16:00:00,11.188
2022-09-06 17:00:00,3.378
2022-09-06 18:00:00,0.078
2022-09-06 19:00:00,0.0
2022-09-06 20:00:00,0.0
2022-09-06 21:00:00,0.0
2022-09-06 22:00:00,0.0
2022-09-06 23:00:00,0.0
2022-09-07 00:00:00,0.0
2022-09-07 01:00:00,0.0
2022-09-07 02:00:00,0.0
2022-09-07 03:00:00,0.0
2022-09-07 04:00:00,0.0
2022-09-07 05:00:00,0.0
2022-09-07 06:00:00,1.509
2022-09-07 07:00:00,9.779
2022-09-07 08:00:00,18.484
2022-09-07 09:00:00,24.65
2022-09-07 10:00:00,27.616
2022-09-07 11:00:00,28.165
2022-09-07 12:00:00,25.465
2022-09-07 13:00:00,18.349
2022-09-07 14:00:00,11.791
2022-09-07 15:00:00,7.764
2022-09-07 16:00:00,6.191
2022-09-07 17:00:00,3.766
2022-09-07 18:00:00,0.119
2022-09-07 19:00:00,0.0
2022-09-07 20:00:00,0.0
2022-09-07 21:00:00,0.0
2022-09-07 22:00:00,0.0
2022-09-07 23:00:00,0.0
2022-09-08 00:00:00,0.0
2022-09-08 01:00:00,0.0
2022-09-08 02:00:00,0.0
2022-09-08 03:00:00,0.0
2022-09-08 04:00:00,0.0
2022-09-08 05:00:00,0.0
2022-09-08 06:00:00,0.621
2022-09-08 07:00:00,4.361
2022-09-08 08:00:00,9.001
2022-09-08 09:00:00,11.527
2022-09-08 10:00:00,15.052
2022-09-08 11:00:00,18.237
2022-09-08 12:00:00,22.83
2022-09-08 13:00:00,26.136
2022-09-08 14:00:00,26.823
2022-09-08 15:00:00,22.655
2022-09-08 16:00:00,14.036
2022-09-08 17:00:00,4.512
2022-09-08 18:00:00,0.085
2022-09-08 19:00:00,0.0
2022-09-08 20:00:00,0.0
2022-09-08 21:00:00,0.0
2022-09-08 22:00:00,0.0
2022-09-08 23:00:00,0.0
2022-09-09 00:00:00,0.0
2022-09-09 01:00:00,0.0
2022-09-09 02:00:00,0.0
2022-09-09 03:00:00,0.0
2022-09-09 04:00:00,0.0
2022-09-09 05:00:00,0.0
2022-09-09 06:00:00,1.23
2022-09-09 07:00:00,8.383
2022-09-09 08:00:00,16.474
2022-09-09 09:00:00,24.014
2022-09-09 10:00:00,30.027
2022-09-09 11:00:00,33.785
2022-09-09 12:00:00,33.952
2022-09-09 13:00:00,30.947
2022-09-09 14:00:00,25.021
2022-09-09 15:00:00,17.749
2022-09-09 16:00:00,10.6
2022-09-09 17:00:00,3.985
2022-09-09 18:00:00,0.073
2022-09-09 19:00:00,0.0
2022-09-09 20:00:00,0.0
2022-09-09 21:00:00,0.0
2022-09-09 22:00:00,0.0
2022-09-09 23:00:00,0.0
2022-09-10 00:00:00,0.0
2022-09-10 01:00:00,0.0
2022-09-10 02:00:00,0.0
2022-09-10 03:00:00,0.0
2022-09-10 04:00:00,0.0
2022-09-10 05:00:00,0.0
2022-09-10 06:00:00,0.522
2022-09-10 07:00:00,3.434
2022-09-10 08:00:00,7.279
2022-09-10 09:00:00,12.386
2022-09-10 10:00:00,20.318
2022-09-10 11:00:00,30.479
2022-09-10 12:00:00,34.091
2022-09-10 13:00:00,32.534
2022-09-10 14:00:00,28.555
2022-09-10 15:00:00,22.285
2022-09-10 16:00:00,13.984
2022-09-10 17:00:00,5.068
2022-09-10 18:00:00,0.08600000000000001
2022-09-10 19:00:00,0.0
2022-09-10 20:00:00,0.0
2022-09-10 21:00:00,0.0
2022-09-10 22:00:00,0.0
2022-09-10 23:00:00,0.0
2022-09-11 00:00:00,0.0
2022-09-11 01:00:00,0.0
2022-09-11 02:00:00,0.0
2022-09-11 03:00:00,0.0
2022-09-11 04:00:00,0.0
2022-09-11 05:00:00,0.0
2022-09-11 06:00:00,1.132
2022-09-11 07:00:00,8.866
2022-09-11 08:00:00,17.523
2022-09-11 09:00:00,24.666
2022-09-11 10:00:00,28.342
2022-09-11 11:00:00,31.924
2022-09-11 12:00:00,34.17
2022-09-11 13:00:00,33.796
2022-09-11 14:00:00,29.333
2022-09-11 15:00:00,22.789
2022-09-11 16:00:00,14.065
2022-09-11 17:00:00,4.98
2022-09-11 18:00:00,0.063
2022-09-11 19:00:00,0.0
2022-09-11 20:00:00,0.0
2022-09-11 21:00:00,0.0
2022-09-11 22:00:00,0.0
2022-09-11 23:00:00,0.0
2022-09-12 00:00:00,0.0
2022-09-12 01:00:00,0.0
2022-09-12 02:00:00,0.0
2022-09-12 03:00:00,0.0
2022-09-12 04:00:00,0.0
2022-09-12 05:00:00,0.0
2022-09-12 06:00:00,1.07
2022-09-12 07:00:00,8.776
2022-09-12 08:00:00,18.069
2022-09-12 09:00:00,25.887
2022-09-12 10:00:00,31.333
2022-09-12 11:00:00,34.672
2022-09-12 12:00:00,35.108
2022-09-12 13:00:00,33.203
2022-09-12 14:00:00,29.104
2022-09-12 15:00:00,22.711
2022-09-12 16:00:00,13.844
2022-09-12 17:00:00,4.893
2022-09-12 18:00:00,0.05
2022-09-12 19:00:00,0.0
2022-09-12 20:00:00,0.0
2022-09-12 21:00:00,0.0
2022-09-12 22:00:00,0.0
2022-09-12 23:00:00,0.0
2022-09-13 00:00:00,0.0
2022-09-13 01:00:00,0.0
2022-09-13 02:00:00,0.0
2022-09-13 03:00:00,0.0
2022-09-13 04:00:00,0.0
2022-09-13 05:00:00,0.0
2022-09-13 06:00:00,1.087
2022-09-13 07:00:00,9.091
2022-09-13 08:00:00,18.638
2022-09-13 09:00:00,26.51
2022-09-13 10:00:00,31.934
2022-09-13 11:00:00,35.729
2022-09-13 12:00:00,36.296
2022-09-13 13:00:00,34.205
2022-09-13 14:00:00,29.685
2022-09-13 15:00:00,23.294
2022-09-13 16:00:00,14.732
2022-09-13 17:00:00,5.363
2022-09-13 18:00:00,0.05
2022-09-13 19:00:00,0.0
2022-09-13 20:00:00,0.0
2022-09-13 21:00:00,0.0
2022-09-13 22:00:00,0.0
2022-09-13 23:00:00,0.0
2022-09-14 00:00:00,0.0
2022-09-14 01:00:00,0.0
2022-09-14 02:00:00,0.0
2022-09-14 03:00:00,0.0
2022-09-14 04:00:00,0.0
2022-09-14 05:00:00,0.0
2022-09-14 06:00:00,1.123
2022-09-14 07:00:00,9.569
2022-09-14 08:00:00,19.407
2022-09-14 09:00:00,27.317
2022-09-14 10:00:00,32.987
2022-09-14 11:00:00,36.023
2022-09-14 12:00:00,36.431
2022-09-14 13:00:00,34.656
2022-09-14 14:00:00,30.24
2022-09-14 15:00:00,22.964
2022-09-14 16:00:00,13.816
2022-09-14 17:00:00,4.543
2022-09-14 18:00:00,0.012
2022-09-14 19:00:00,0.0
2022-09-14 20:00:00,0.0
2022-09-14 21:00:00,0.0
2022-09-14 22:00:00,0.0
2022-09-14 23:00:00,0.0
2022-09-15 00:00:00,0.0
2022-09-15 01:00:00,0.0
2022-09-15 02:00:00,0.0
2022-09-15 03:00:00,0.0
2022-09-15 04:00:00,0.0
2022-09-15 05:00:00,0.0
2022-09-15 06:00:00,1.02
2022-09-15 07:00:00,9.157
2022-09-15 08:00:00,18.796
2022-09-15 09:00:00,26.698
2022-09-15 10:00:00,32.072
2022-09-15 11:00:00,34.891
2022-09-15 12:00:00,35.221
2022-09-15 13:00:00,31.756
2022-09-15 14:00:00,25.271
2022-09-15 15:00:00,18.17
2022-09-15 16:00:00,11.087
2022-09-15 17:00:00,4.099
2022-09-15 18:00:00,0.017
2022-09-15 19:00:00,0.0
2022-09-15 20:00:00,0.0
2022-09-15 21:00:00,0.0
2022-09-15 22:00:00,0.0
2022-09-15 23:00:00,0.0
2022-09-16 00:00:00,0.0
2022-09-16 01:00:00,0.0
2022-09-16 02:00:00,0.0
2022-09-16 03:00:00,0.0
2022-09-16 04:00:00,0.0
2022-09-16 05:00:00,0.0
2022-09-16 06:00:00,0.888
2022-09-16 07:00:00,8.353
2022-09-16 08:00:00,17.809
2022-09-16 09:00:00,25.753
2022-09-16 10:00:00,31.301
2022-09-16 11:00:00,35.251
2022-09-16 12:00:00,35.31
2022-09-16 13:00:00,33.537
2022-09-16 14:00:00,29.561
2022-09-16 15:00:00,23.119
2022-09-16 16:00:00,14.536
2022-09-16 17:00:00,5.005
2022-09-16 18:00:00,0.019
2022-09-16 19:00:00,0.0
2022-09-16 20:00:00,0.0
2022-09-16 21:00:00,0.0
2022-09-16 22:00:00,0.0
2022-09-16 23:00:00,0.0
2022-09-17 00:00:00,0.0
2022-09-17 01:00:00,0.0
2022-09-17 02:00:00,0.0
2022-09-17 03:00:00,0.0
2022-09-17 04:00:00,0.0
2022-09-17 05:00:00,0.0
2022-09-17 06:00:00,0.936
2022-09-17 07:00:00,8.858
2022-09-17 08:00:00,18.424
2022-09-17 09:00:00,26.257
2022-09-17 10:00:00,31.726
2022-09-17 11:00:00,34.939
2022-09-17 12:00:00,35.55
2022-09-17 13:00:00,33.845
2022-09-17 14:00:00,29.865
2022-09-17 15:00:00,23.351
2022-09-17 16:00:00,14.66
2022-09-17 17:00:00,5.142
2022-09-17 18:00:00,0.009000000000000001
2022-09-17 19:00:00,0.0
2022-09-17 20:00:00,0.0
2022-09-17 21:00:00,0.0
2022-09-17 22:00:00,0.0
2022-09-17 23:00:00,0.0
2022-09-18 00:00:00,0.0
2022-09-18 01:00:00,0.0
2022-09-18 02:00:00,0.0
2022-09-18 03:00:00,0.0
2022-09-18 04:00:00,0.0
2022-09-18 05:00:00,0.0
2022-09-18 06:00:00,0.8260000000000001
2022-09-18 07:00:00,8.453
2022-09-18 08:00:00,18.069
2022-09-18 09:00:00,26.071
2022-09-18 10:00:00,31.562
2022-09-18 11:00:00,35.174
2022-09-18 12:00:00,35.59
2022-09-18 13:00:00,33.428
2022-09-18 14:00:00,29.93
2022-09-18 15:00:00,22.421
2022-09-18 16:00:00,13.67
2022-09-18 17:00:00,4.511
2022-09-18 18:00:00,0.0
2022-09-18 19:00:00,0.0
2022-09-18 20:00:00,0.0
2022-09-18 21:00:00,0.0
2022-09-18 22:00:00,0.0
2022-09-18 23:00:00,0.0
2022-09-19 00:00:00,0.0
2022-09-19 01:00:00,0.0
2022-09-19 02:00:00,0.0
2022-09-19 03:00:00,0.0
2022-09-19 04:00:00,0.0
2022-09-19 05:00:00,0.0
2022-09-19 06:00:00,0.783
2022-09-19 07:00:00,7.736
2022-09-19 08:00:00,17.032
2022-09-19 09:00:00,25.307
2022-09-19 10:00:00,31.238
2022-09-19 11:00:00,35.011
2022-09-19 12:00:00,35.444
2022-09-19 13:00:00,33.531
2022-09-19 14:00:00,29.443
2022-09-19 15:00:00,22.657
2022-09-19 16:00:00,13.875
2022-09-19 17:00:00,4.623
2022-09-19 18:00:00,0.0
2022-09-19 19:00:00,0.0
2022-09-19 20:00:00,0.0
2022-09-19 21:00:00,0.0
2022-09-19 22:00:00,0.0
2022-09-19 23:00:00,0.0
2022-09-20 00:00:00,0.0
2022-09-20 01:00:00,0.0
2022-09-20 02:00:00,0.0
2022-09-20 03:00:00,0.0
2022-09-20 04:00:00,0.0
2022-09-20 05:00:00,0.0
2022-09-20 06:00:00,0.611
2022-09-20 07:00:00,6.075
2022-09-20 08:00:00,12.68
2022-09-20 09:00:00,19.949
2022-09-20 10:00:00,26.279
2022-09-20 11:00:00,34.061
2022-09-20 12:00:00,35.294
2022-09-20 13:00:00,33.314
2022-09-20 14:00:00,27.581
2022-09-20 15:00:00,20.266
2022-09-20 16:00:00,13.12
2022-09-20 17:00:00,4.568
2022-09-20 18:00:00,0.0
2022-09-20 19:00:00,0.0
2022-09-20 20:00:00,0.0
2022-09-20 21:00:00,0.0
2022-09-20 22:00:00,0.0
2022-09-20 23:00:00,0.0
2022-09-21 00:00:00,0.0
2022-09-21 01:00:00,0.0
2022-09-21 02:00:00,0.0
2022-09-21 03:00:00,0.0
2022-09-21 04:00:00,0.0
2022-09-21 05:00:00,0.0
2022-09-21 06:00:00,0.324
2022-09-21 07:00:00,5.652
2022-09-21 08:00:00,14.137
2022-09-21 09:00:00,22.373
2022-09-21 10:00:00,27.546
2022-09-21 11:00:00,28.324
2022-09-21 12:00:00,25.495
2022-09-21 13:00:00,22.201
2022-09-21 14:00:00,17.13
2022-09-21 15:00:00,11.006
2022-09-21 16:00:00,6.304
2022-09-21 17:00:00,2.417
2022-09-21 18:00:00,0.0
2022-09-21 19:00:00,0.0
2022-09-21 20:00:00,0.0
2022-09-21 21:00:00,0.0
2022-09-21 22:00:00,0.0
2022-09-21 23:00:00,0.0
2022-09-22 00:00:00,0.0
2022-09-22 01:00:00,0.0
2022-09-22 02:00:00,0.0
2022-09-22 03:00:00,0.0
2022-09-22 04:00:00,0.0
2022-09-22 05:00:00,0.0
2022-09-22 06:00:00,0.305
2022-09-22 07:00:00,4.394
2022-09-22 08:00:00,8.348
2022-09-22 09:00:00,14.636
2022-09-22 10:00:00,24.749
2022-09-22 11:00:00,31.815
2022-09-22 12:00:00,31.04
2022-09-22 13:00:00,22.878
2022-09-22 14:00:00,17.901
2022-09-22 15:00:00,13.231
2022-09-22 16:00:00,7.646
2022-09-22 17:00:00,2.605
2022-09-22 18:00:00,0.0
2022-09-22 19:00:00,0.0
2022-09-22 20:00:00,0.0
2022-09-22 21:00:00,0.0
2022-09-22 22:00:00,0.0
2022-09-22 23:00:00,0.0
2022-09-23 00:00:00,0.0
2022-09-23 01:00:00,0.0
2022-09-23 02:00:00,0.0
2022-09-23 03:00:00,0.0
2022-09-23 04:00:00,0.0
2022-09-23 05:00:00,0.0
2022-09-23 06:00:00,0.515
2022-09-23 07:00:00,7.032
2022-09-23 08:00:00,16.637
2022-09-23 09:00:00,24.665
2022-09-23 10:00:00,29.804
2022-09-23 11:00:00,28.542
2022-09-23 12:00:00,26.215
2022-09-23 13:00:00,23.456
2022-09-23 14:00:00,16.989
2022-09-23 15:00:00,9.58
2022-09-23 16:00:00,3.852
2022-09-23 17:00:00,0.993
2022-09-23 18:00:00,0.0
2022-09-23 19:00:00,0.0
2022-09-23 20:00:00,0.0
2022-09-23 21:00:00,0.0
2022-09-23 22:00:00,0.0
2022-09-23 23:00:00,0.0
2022-09-24 00:00:00,0.0
2022-09-24 01:00:00,0.0
2022-09-24 02:00:00,0.0
2022-09-24 03:00:00,0.0
2022-09-24 04:00:00,0.0
2022-09-24 05:00:00,0.0
2022-09-24 06:00:00,0.164
2022-09-24 07:00:00,3.103
2022-09-24 08:00:00,8.442
2022-09-24 09:00:00,15.02
2022-09-24 10:00:00,18.673
2022-09-24 11:00:00,20.892
2022-09-24 12:00:00,30.358
2022-09-24 13:00:00,29.461
2022-09-24 14:00:00,25.316
2022-09-24 15:00:00,17.777
2022-09-24 16:00:00,8.713
2022-09-24 17:00:00,1.842
2022-09-24 18:00:00,0.0
2022-09-24 19:00:00,0.0
2022-09-24 20:00:00,0.0
2022-09-24 21:00:00,0.0
2022-09-24 22:00:00,0.0
2022-09-24 23:00:00,0.0
2022-09-25 00:00:00,0.0
2022-09-25 01:00:00,0.0
2022-09-25 02:00:00,0.0
2022-09-25 03:00:00,0.0
2022-09-25 04:00:00,0.0
2022-09-25 05:00:00,0.0
2022-09-25 06:00:00,0.182
2022-09-25 07:00:00,4.929
2022-09-25 08:00:00,15.495
2022-09-25 09:00:00,24.676
2022-09-25 10:00:00,30.317
2022-09-25 11:00:00,31.973
2022-09-25 12:00:00,29.343
2022-09-25 13:00:00,24.658
2022-09-25 14:00:00,21.193
2022-09-25 15:00:00,15.51
2022-09-25 16:00:00,7.801
2022-09-25 17:00:00,1.975
2022-09-25 18:00:00,0.0
2022-09-25 19:00:00,0.0
2022-09-25 20:00:00,0.0
2022-09-25 21:00:00,0.0
2022-09-25 22:00:00,0.0
2022-09-25 23:00:00,0.0
2022-09-26 00:00:00,0.0
2022-09-26 01:00:00,0.0
2022-09-26 02:00:00,0.0
2022-09-26 03:00:00,0.0
2022-09-26 04:00:00,0.0
2022-09-26 05:00:00,0.0
2022-09-26 06:00:00,0.348
2022-09-26 07:00:00,6.311
2022-09-26 08:00:00,15.944
2022-09-26 09:00:00,23.83
2022-09-26 10:00:00,30.493
2022-09-26 11:00:00,33.491
2022-09-26 12:00:00,33.547
2022-09-26 13:00:00,24.21
2022-09-26 14:00:00,12.118
2022-09-26 15:00:00,7.978
2022-09-26 16:00:00,6.055
2022-09-26 17:00:00,1.038
2022-09-26 18:00:00,0.0
2022-09-26 19:00:00,0.0
2022-09-26 20:00:00,0.0
2022-09-26 21:00:00,0.0
2022-09-26 22:00:00,0.0
2022-09-26 23:00:00,0.0
2022-09-27 00:00:00,0.0
2022-09-27 01:00:00,0.0
2022-09-27 02:00:00,0.0
2022-09-27 03:00:00,0.0
2022-09-27 04:00:00,0.0
2022-09-27 05:00:00,0.0
2022-09-27 06:00:00,0.392
2022-09-27 07:00:00,6.527
2022-09-27 08:00:00,15.394
2022-09-27 09:00:00,21.468
2022-09-27 10:00:00,27.233
2022-09-27 11:00:00,32.994
2022-09-27 12:00:00,35.056
2022-09-27 13:00:00,31.863
2022-09-27 14:00:00,27.48
2022-09-27 15:00:00,18.52
2022-09-27 16:00:00,11.814
2022-09-27 17:00:00,3.925
2022-09-27 18:00:00,0.0
2022-09-27 19:00:00,0.0
2022-09-27 20:00:00,0.0
2022-09-27 21:00:00,0.0
2022-09-27 22:00:00,0.0
2022-09-27 23:00:00,0.0
2022-09-28 00:00:00,0.0
2022-09-28 01:00:00,0.0
2022-09-28 02:00:00,0.0
2022-09-28 03:00:00,0.0
2022-09-28 04:00:00,0.0
2022-09-28 05:00:00,0.0
2022-09-28 06:00:00,0.11
2022-09-28 07:00:00,3.207
2022-09-28 08:00:00,9.375
2022-09-28 09:00:00,17.727
2022-09-28 10:00:00,26.228
2022-09-28 11:00:00,31.362
2022-09-28 12:00:00,32.824
2022-09-28 13:00:00,30.885
2022-09-28 14:00:00,25.983
2022-09-28 15:00:00,19.052
2022-09-28 16:00:00,10.106
2022-09-28 17:00:00,2.811
2022-09-28 18:00:00,0.0
2022-09-28 19:00:00,0.0
2022-09-28 20:00:00,0.0
2022-09-28 21:00:00,0.0
2022-09-28 22:00:00,0.0
2022-09-28 23:00:00,0.0
2022-09-29 00:00:00,0.0
2022-09-29 01:00:00,0.0
2022-09-29 02:00:00,0.0
2022-09-29 03:00:00,0.0
2022-09-29 04:00:00,0.0
2022-09-29 05:00:00,0.0
2022-09-29 06:00:00,0.033
2022-09-29 07:00:00,2.454
2022-09-29 08:00:00,9.161
2022-09-29 09:00:00,18.276
2022-09-29 10:00:00,27.56
2022-09-29 11:00:00,32.52
2022-09-29 12:00:00,33.592
2022-09-29 13:00:00,32.198
2022-09-29 14:00:00,28.014
2022-09-29 15:00:00,19.536
2022-09-29 16:00:00,10.936
2022-09-29 17:00:00,2.652
2022-09-29 18:00:00,0.0
2022-09-29 19:00:00,0.0
2022-09-29 20:00:00,0.0
2022-09-29 21:00:00,0.0
2022-09-29 22:00:00,0.0
2022-09-29 23:00:00,0.0
2022-09-30 00:00:00,0.0
2022-09-30 01:00:00,0.0
2022-09-30 02:00:00,0.0
2022-09-30 03:00:00,0.0
2022-09-30 04:00:00,0.0
2022-09-30 05:00:00,0.0
2022-09-30 06:00:00,0.223
2022-09-30 07:00:00,5.027
2022-09-30 08:00:00,13.64
2022-09-30 09:00:00,22.222
2022-09-30 10:00:00,28.495
2022-09-30 11:00:00,31.282
2022-09-30 12:00:00,29.96
2022-09-30 13:00:00,24.246
2022-09-30 14:00:00,19.037
2022-09-30 15:00:00,13.484
2022-09-30 16:00:00,8.226
2022-09-30 17:00:00,2.716
2022-09-30 18:00:00,0.0
2022-09-30 19:00:00,0.0
2022-09-30 20:00:00,0.0
2022-09-30 21:00:00,0.0
2022-09-30 22:00:00,0.0
2022-09-30 23:00:00,0.0
2022-10-01 00:00:00,0.0
2022-10-01 01:00:00,0.0
2022-10-01 02:00:00,0.0
2022-10-01 03:00:00,0.0
2022-10-01 04:00:00,0.0
2022-10-01 05:00:00,0.0
2022-10-01 06:00:00,0.232
2022-10-01 07:00:00,4.851
2022-10-01 08:00:00,12.619
2022-10-01 09:00:00,20.446
2022-10-01 10:00:00,27.462
2022-10-01 11:00:00,32.093
2022-10-01 12:00:00,33.544
2022-10-01 13:00:00,31.879
2022-10-01 14:00:00,27.573
2022-10-01 15:00:00,21.156
2022-10-01 16:00:00,12.513
2022-10-01 17:00:00,3.551
2022-10-01 18:00:00,0.0
2022-10-01 19:00:00,0.0
2022-10-01 20:00:00,0.0
2022-10-01 21:00:00,0.0
2022-10-01 22:00:00,0.0
2022-10-01 23:00:00,0.0
2022-10-02 00:00:00,0.0
2022-10-02 01:00:00,0.0
2022-10-02 02:00:00,0.0
2022-10-02 03:00:00,0.0
2022-10-02 04:00:00,0.0
2022-10-02 05:00:00,0.0
2022-10-02 06:00:00,0.384
2022-10-02 07:00:00,7.165
2022-10-02 08:00:00,16.351
2022-10-02 09:00:00,24.178
2022-10-02 10:00:00,29.797
2022-10-02 11:00:00,33.08
2022-10-02 12:00:00,34.041
2022-10-02 13:00:00,32.277
2022-10-02 14:00:00,28.195
2022-10-02 15:00:00,21.09
2022-10-02 16:00:00,11.808
2022-10-02 17:00:00,3.389
2022-10-02 18:00:00,0.0
2022-10-02 19:00:00,0.0
2022-10-02 20:00:00,0.0
2022-10-02 21:00:00,0.0
2022-10-02 22:00:00,0.0
2022-10-02 23:00:00,0.0
2022-10-03 00:00:00,0.0
2022-10-03 01:00:00,0.0
2022-10-03 02:00:00,0.0
2022-10-03 03:00:00,0.0
2022-10-03 04:00:00,0.0
2022-10-03 05:00:00,0.0
2022-10-03 06:00:00,0.354
2022-10-03 07:00:00,7.758
2022-10-03 08:00:00,17.78
2022-10-03 09:00:00,25.717
2022-10-03 10:00:00,30.996
2022-10-03 11:00:00,34.098
2022-10-03 12:00:00,34.687
2022-10-03 13:00:00,32.899
2022-10-03 14:00:00,28.948
2022-10-03 15:00:00,22.697
2022-10-03 16:00:00,14.053
2022-10-03 17:00:00,4.353
2022-10-03 18:00:00,0.0
2022-10-03 19:00:00,0.0
2022-10-03 20:00:00,0.0
2022-10-03 21:00:00,0.0
2022-10-03 22:00:00,0.0
2022-10-03 23:00:00,0.0
2022-10-04 00:00:00,0.0
2022-10-04 01:00:00,0.0
2022-10-04 02:00:00,0.0
2022-10-04 03:00:00,0.0
2022-10-04 04:00:00,0.0
2022-10-04 05:00:00,0.0
2022-10-04 06:00:00,0.171
2022-10-04 07:00:00,5.115
2022-10-04 08:00:00,13.031
2022-10-04 09:00:00,20.809
2022-10-04 10:00:00,26.589
2022-10-04 11:00:00,30.327
2022-10-04 12:00:00,30.665
2022-10-04 13:00:00,28.549
2022-10-04 14:00:00,23.698
2022-10-04 15:00:00,16.656
2022-10-04 16:00:00,8.712
2022-10-04 17:00:00,1.893
2022-10-04 18:00:00,0.0
2022-10-04 19:00:00,0.0
2022-10-04 20:00:00,0.0
2022-10-04 21:00:00,0.0
2022-10-04 22:00:00,0.0
2022-10-04 23:00:00,0.0
2022-10-05 00:00:00,0.0
2022-10-05 01:00:00,0.0
2022-10-05 02:00:00,0.0
2022-10-05 03:00:00,0.0
2022-10-05 04:00:00,0.0
2022-10-05 05:00:00,0.0
2022-10-05 06:00:00,0.094
2022-10-05 07:00:00,4.134
2022-10-05 08:00:00,10.849
2022-10-05 09:00:00,16.771
2022-10-05 10:00:00,22.268
2022-10-05 11:00:00,23.886
2022-10-05 12:00:00,21.577
2022-10-05 13:00:00,19.284
2022-10-05 14:00:00,17.034
2022-10-05 15:00:00,12.646
2022-10-05 16:00:00,6.849
2022-10-05 17:00:00,1.623
2022-10-05 18:00:00,0.0
2022-10-05 19:00:00,0.0
2022-10-05 20:00:00,0.0
2022-10-05 21:00:00,0.0
2022-10-05 22:00:00,0.0
2022-10-05 23:00:00,0.0
2022-10-06 00:00:00,0.0
2022-10-06 01:00:00,0.0
2022-10-06 02:00:00,0.0
2022-10-06 03:00:00,0.0
2022-10-06 04:00:00,0.0
2022-10-06 05:00:00,0.0
2022-10-06 06:00:00,0.0
2022-10-06 07:00:00,0.9480000000000001
2022-10-06 08:00:00,3.725
2022-10-06 09:00:00,9.947
2022-10-06 10:00:00,14.968
2022-10-06 11:00:00,15.927
2022-10-06 12:00:00,15.522
2022-10-06 13:00:00,13.607
2022-10-06 14:00:00,9.947
2022-10-06 15:00:00,5.408
2022-10-06 16:00:00,2.137
2022-10-06 17:00:00,0.324
2022-10-06 18:00:00,0.0
2022-10-06 19:00:00,0.0
2022-10-06 20:00:00,0.0
2022-10-06 21:00:00,0.0
2022-10-06 22:00:00,0.0
2022-10-06 23:00:00,0.0
2022-10-07 00:00:00,0.0
2022-10-07 01:00:00,0.0
2022-10-07 02:00:00,0.0
2022-10-07 03:00:00,0.0
2022-10-07 04:00:00,0.0
2022-10-07 05:00:00,0.0
2022-10-07 06:00:00,0.0
2022-10-07 07:00:00,1.182
2022-10-07 08:00:00,4.66
2022-10-07 09:00:00,8.226
2022-10-07 10:00:00,9.518
2022-10-07 11:00:00,10.216
2022-10-07 12:00:00,10.09
2022-10-07 13:00:00,8.103
2022-10-07 14:00:00,5.848
2022-10-07 15:00:00,4.337
2022-10-07 16:00:00,2.097
2022-10-07 17:00:00,0.398
2022-10-07 18:00:00,0.0
2022-10-07 19:00:00,0.0
2022-10-07 20:00:00,0.0
2022-10-07 21:00:00,0.0
2022-10-07 22:00:00,0.0
2022-10-07 23:00:00,0.0
2022-10-08 00:00:00,0.0
2022-10-08 01:00:00,0.0
2022-10-08 02:00:00,0.0
2022-10-08 03:00:00,0.0
2022-10-08 04:00:00,0.0
2022-10-08 05:00:00,0.0
2022-10-08 06:00:00,0.0
2022-10-08 07:00:00,1.839
2022-10-08 08:00:00,7.123
2022-10-08 09:00:00,11.893
2022-10-08 10:00:00,11.952
2022-10-08 11:00:00,10.851
2022-10-08 12:00:00,9.917
2022-10-08 13:00:00,8.576
2022-10-08 14:00:00,6.441
2022-10-08 15:00:00,4.44
2022-10-08 16:00:00,2.639
2022-10-08 17:00:00,0.63
2022-10-08 18:00:00,0.0
2022-10-08 19:00:00,0.0
2022-10-08 20:00:00,0.0
2022-10-08 21:00:00,0.0
2022-10-08 22:00:00,0.0
2022-10-08 23:00:00,0.0
2022-10-09 00:00:00,0.0
2022-10-09 01:00:00,0.0
2022-10-09 02:00:00,0.0
2022-10-09 03:00:00,0.0
2022-10-09 04:00:00,0.0
2022-10-09 05:00:00,0.0
2022-10-09 06:00:00,0.018
2022-10-09 07:00:00,3.895
2022-10-09 08:00:00,10.905
2022-10-09 09:00:00,16.78
2022-10-09 10:00:00,24.646
2022-10-09 11:00:00,30.214
2022-10-09 12:00:00,25.128
2022-10-09 13:00:00,22.763
2022-10-09 14:00:00,20.92
2022-10-09 15:00:00,19.258
2022-10-09 16:00:00,11.555
2022-10-09 17:00:00,3.101
2022-10-09 18:00:00,0.0
2022-10-09 19:00:00,0.0
2022-10-09 20:00:00,0.0
2022-10-09 21:00:00,0.0
2022-10-09 22:00:00,0.0
2022-10-09 23:00:00,0.0
2022-10-10 00:00:00,0.0
2022-10-10 01:00:00,0.0
2022-10-10 02:00:00,0.0
2022-10-10 03:00:00,0.0
2022-10-10 04:00:00,0.0
2022-10-10 05:00:00,0.0
2022-10-10 06:00:00,0.22
2022-10-10 07:00:00,8.434
2022-10-10 08:00:00,20.51
2022-10-10 09:00:00,29.682
2022-10-10 10:00:00,35.91
2022-10-10 11:00:00,39.288
2022-10-10 12:00:00,39.941
2022-10-10 13:00:00,37.225
2022-10-10 14:00:00,32.959
2022-10-10 15:00:00,26.185
2022-10-10 16:00:00,16.114
2022-10-10 17:00:00,4.734
2022-10-10 18:00:00,0.0
2022-10-10 19:00:00,0.0
2022-10-10 20:00:00,0.0
2022-10-10 21:00:00,0.0
2022-10-10 22:00:00,0.0
2022-10-10 23:00:00,0.0
2022-10-11 00:00:00,0.0
2022-10-11 01:00:00,0.0
2022-10-11 02:00:00,0.0
2022-10-11 03:00:00,0.0
2022-10-11 04:00:00,0.0
2022-10-11 05:00:00,0.0
2022-10-11 06:00:00,0.174
2022-10-11 07:00:00,8.47
2022-10-11 08:00:00,20.803
2022-10-11 09:00:00,29.998
2022-10-11 10:00:00,36.237
2022-10-11 11:00:00,39.529
2022-10-11 12:00:00,40.187
2022-10-11 13:00:00,38.271
2022-10-11 14:00:00,33.722
2022-10-11 15:00:00,26.335
2022-10-11 16:00:00,16.163
2022-10-11 17:00:00,4.915
2022-10-11 18:00:00,0.0
2022-10-11 19:00:00,0.0
2022-10-11 20:00:00,0.0
2022-10-11 21:00:00,0.0
2022-10-11 22:00:00,0.0
2022-10-11 23:00:00,0.0
2022-10-12 00:00:00,0.0
2022-10-12 01:00:00,0.0
2022-10-12 02:00:00,0.0
2022-10-12 03:00:00,0.0
2022-10-12 04:00:00,0.0
2022-10-12 05:00:00,0.0
2022-10-12 06:00:00,0.166
2022-10-12 07:00:00,8.405
2022-10-12 08:00:00,20.1
2022-10-12 09:00:00,29.134
2022-10-12 10:00:00,35.252
2022-10-12 11:00:00,38.49
2022-10-12 12:00:00,39.069
2022-10-12 13:00:00,37.107
2022-10-12 14:00:00,32.71
2022-10-12 15:00:00,25.403
2022-10-12 16:00:00,15.398
2022-10-12 17:00:00,4.439
2022-10-12 18:00:00,0.0
2022-10-12 19:00:00,0.0
2022-10-12 20:00:00,0.0
2022-10-12 21:00:00,0.0
2022-10-12 22:00:00,0.0
2022-10-12 23:00:00,0.0
2022-10-13 00:00:00,0.0
2022-10-13 01:00:00,0.0
2022-10-13 02:00:00,0.0
2022-10-13 03:00:00,0.0
2022-10-13 04:00:00,0.0
2022-10-13 05:00:00,0.0
2022-10-13 06:00:00,0.13
2022-10-13 07:00:00,8.035
2022-10-13 08:00:00,19.662
2022-10-13 09:00:00,28.753
2022-10-13 10:00:00,34.804
2022-10-13 11:00:00,38.041
2022-10-13 12:00:00,38.643
2022-10-13 13:00:00,36.699
2022-10-13 14:00:00,32.353
2022-10-13 15:00:00,25.041
2022-10-13 16:00:00,15.044
2022-10-13 17:00:00,4.133
2022-10-13 18:00:00,0.0
2022-10-13 19:00:00,0.0
2022-10-13 20:00:00,0.0
2022-10-13 21:00:00,0.0
2022-10-13 22:00:00,0.0
2022-10-13 23:00:00,0.0
2022-10-14 00:00:00,0.0
2022-10-14 01:00:00,0.0
2022-10-14 02:00:00,0.0
2022-10-14 03:00:00,0.0
2022-10-14 04:00:00,0.0
2022-10-14 05:00:00,0.0
2022-10-14 06:00:00,0.098
2022-10-14 07:00:00,7.609
2022-10-14 08:00:00,19.039
2022-10-14 09:00:00,27.93
2022-10-14 10:00:00,33.951
2022-10-14 11:00:00,37.202
2022-10-14 12:00:00,37.816
2022-10-14 13:00:00,35.895
2022-10-14 14:00:00,31.462
2022-10-14 15:00:00,24.108
2022-10-14 16:00:00,14.137
2022-10-14 17:00:00,3.592
2022-10-14 18:00:00,0.0
2022-10-14 19:00:00,0.0
2022-10-14 20:00:00,0.0
2022-10-14 21:00:00,0.0
2022-10-14 22:00:00,0.0
2022-10-14 23:00:00,0.0
2022-10-15 00:00:00,0.0
2022-10-15 01:00:00,0.0
2022-10-15 02:00:00,0.0
2022-10-15 03:00:00,0.0
2022-10-15 04:00:00,0.0
2022-10-15 05:00:00,0.0
2022-10-15 06:00:00,0.057
2022-10-15 07:00:00,6.944
2022-10-15 08:00:00,18.156
2022-10-15 09:00:00,27.123
2022-10-15 10:00:00,33.185
2022-10-15 11:00:00,36.451
2022-10-15 12:00:00,37.075
2022-10-15 13:00:00,35.124
2022-10-15 14:00:00,30.557
2022-10-15 15:00:00,23.215
2022-10-15 16:00:00,13.348
2022-10-15 17:00:00,3.135
2022-10-15 18:00:00,0.0
2022-10-15 19:00:00,0.0
2022-10-15 20:00:00,0.0
2022-10-15 21:00:00,0.0
2022-10-15 22:00:00,0.0
2022-10-15 23:00:00,0.0
2022-10-16 00:00:00,0.0
2022-10-16 01:00:00,0.0
2022-10-16 02:00:00,0.0
2022-10-16 03:00:00,0.0
2022-10-16 04:00:00,0.0
2022-10-16 05:00:00,0.0
2022-10-16 06:00:00,0.037
2022-10-16 07:00:00,6.685
2022-10-16 08:00:00,17.828
2022-10-16 09:00:00,26.809
2022-10-16 10:00:00,32.882
2022-10-16 11:00:00,36.167
2022-10-16 12:00:00,36.796
2022-10-16 13:00:00,34.861
2022-10-16 14:00:00,30.314
2022-10-16 15:00:00,23.026
2022-10-16 16:00:00,13.177
2022-10-16 17:00:00,2.97
2022-10-16 18:00:00,0.0
2022-10-16 19:00:00,0.0
2022-10-16 20:00:00,0.0
2022-10-16 21:00:00,0.0
2022-10-16 22:00:00,0.0
2022-10-16 23:00:00,0.0
2022-10-17 00:00:00,0.0
2022-10-17 01:00:00,0.0
2022-10-17 02:00:00,0.0
2022-10-17 03:00:00,0.0
2022-10-17 04:00:00,0.0
2022-10-17 05:00:00,0.0
2022-10-17 06:00:00,0.008
2022-10-17 07:00:00,5.529
2022-10-17 08:00:00,15.151
2022-10-17 09:00:00,23.196
2022-10-17 10:00:00,28.653
2022-10-17 11:00:00,31.083
2022-10-17 12:00:00,30.471
2022-10-17 13:00:00,27.192
2022-10-17 14:00:00,22.831
2022-10-17 15:00:00,15.473
2022-10-17 16:00:00,7.565
2022-10-17 17:00:00,1.28
2022-10-17 18:00:00,0.0
2022-10-17 19:00:00,0.0
2022-10-17 20:00:00,0.0
2022-10-17 21:00:00,0.0
2022-10-17 22:00:00,0.0
2022-10-17 23:00:00,0.0
2022-10-18 00:00:00,0.0
2022-10-18 01:00:00,0.0
2022-10-18 02:00:00,0.0
2022-10-18 03:00:00,0.0
2022-10-18 04:00:00,0.0
2022-10-18 05:00:00,0.0
2022-10-18 06:00:00,0.043
2022-10-18 07:00:00,7.715
2022-10-18 08:00:00,20.231
2022-10-18 09:00:00,29.624
2022-10-18 10:00:00,35.891
2022-10-18 11:00:00,39.247
2022-10-18 12:00:00,39.984
2022-10-18 13:00:00,38.117
2022-10-18 14:00:00,33.476
2022-10-18 15:00:00,26.15
2022-10-18 16:00:00,16.056
2022-10-18 17:00:00,4.134
2022-10-18 18:00:00,0.0
2022-10-18 19:00:00,0.0
2022-10-18 20:00:00,0.0
2022-10-18 21:00:00,0.0
2022-10-18 22:00:00,0.0
2022-10-18 23:00:00,0.0
2022-10-19 00:00:00,0.0
2022-10-19 01:00:00,0.0
2022-10-19 02:00:00,0.0
2022-10-19 03:00:00,0.0
2022-10-19 04:00:00,0.0
2022-10-19 05:00:00,0.0
2022-10-19 06:00:00,0.039
2022-10-19 07:00:00,8.273
2022-10-19 08:00:00,20.735
2022-10-19 09:00:00,30.043
2022-10-19 10:00:00,36.232
2022-10-19 11:00:00,39.518
2022-10-19 12:00:00,40.181
2022-10-19 13:00:00,38.273
2022-10-19 14:00:00,33.762
2022-10-19 15:00:00,26.425
2022-10-19 16:00:00,16.272
2022-10-19 17:00:00,4.133
2022-10-19 18:00:00,0.0
2022-10-19 19:00:00,0.0
2022-10-19 20:00:00,0.0
2022-10-19 21:00:00,0.0
2022-10-19 22:00:00,0.0
2022-10-19 23:00:00,0.0
2022-10-20 00:00:00,0.0
2022-10-20 01:00:00,0.0
2022-10-20 02:00:00,0.0
2022-10-20 03:00:00,0.0
2022-10-20 04:00:00,0.0
2022-10-20 05:00:00,0.0
2022-10-20 06:00:00,0.0
2022-10-20 07:00:00,6.458
2022-10-20 08:00:00,17.225
2022-10-20 09:00:00,25.564
2022-10-20 10:00:00,30.575
2022-10-20 11:00:00,32.572
2022-10-20 12:00:00,33.161
2022-10-20 13:00:00,31.562
2022-10-20 14:00:00,27.595
2022-10-20 15:00:00,17.696
2022-10-20 16:00:00,6.39
2022-10-20 17:00:00,1.232
2022-10-20 18:00:00,0.0
2022-10-20 19:00:00,0.0
2022-10-20 20:00:00,0.0
2022-10-20 21:00:00,0.0
2022-10-20 22:00:00,0.0
2022-10-20 23:00:00,0.0
2022-10-21 00:00:00,0.0
2022-10-21 01:00:00,0.0
2022-10-21 02:00:00,0.0
2022-10-21 03:00:00,0.0
2022-10-21 04:00:00,0.0
2022-10-21 05:00:00,0.0
2022-10-21 06:00:00,0.0
2022-10-21 07:00:00,3.201
2022-10-21 08:00:00,13.012
2022-10-21 09:00:00,22.576
2022-10-21 10:00:00,28.826
2022-10-21 11:00:00,33.005
2022-10-21 12:00:00,34.802
2022-10-21 13:00:00,33.355
2022-10-21 14:00:00,27.893
2022-10-21 15:00:00,19.382
2022-10-21 16:00:00,9.886
2022-10-21 17:00:00,1.574
2022-10-21 18:00:00,0.0
2022-10-21 19:00:00,0.0
2022-10-21 20:00:00,0.0
2022-10-21 21:00:00,0.0
2022-10-21 22:00:00,0.0
2022-10-21 23:00:00,0.0
2022-10-22 00:00:00,0.0
2022-10-22 01:00:00,0.0
2022-10-22 02:00:00,0.0
2022-10-22 03:00:00,0.0
2022-10-22 04:00:00,0.0
2022-10-22 05:00:00,0.0
2022-10-22 06:00:00,0.0
2022-10-22 07:00:00,5.36
2022-10-22 08:00:00,15.504
2022-10-22 09:00:00,23.459
2022-10-22 10:00:00,29.052
2022-10-22 11:00:00,32.217
2022-10-22 12:00:00,33.326
2022-10-22 13:00:00,32.046
2022-10-22 14:00:00,27.554
2022-10-22 15:00:00,20.762
2022-10-22 16:00:00,11.173
2022-10-22 17:00:00,1.894
2022-10-22 18:00:00,0.0
2022-10-22 19:00:00,0.0
2022-10-22 20:00:00,0.0
2022-10-22 21:00:00,0.0
2022-10-22 22:00:00,0.0
2022-10-22 23:00:00,0.0
2022-10-23 00:00:00,0.0
2022-10-23 01:00:00,0.0
2022-10-23 02:00:00,0.0
2022-10-23 03:00:00,0.0
2022-10-23 04:00:00,0.0
2022-10-23 05:00:00,0.0
2022-10-23 06:00:00,0.0
2022-10-23 07:00:00,5.543
2022-10-23 08:00:00,16.828
2022-10-23 09:00:00,26.104
2022-10-23 10:00:00,32.322
2022-10-23 11:00:00,35.507
2022-10-23 12:00:00,35.888
2022-10-23 13:00:00,33.511
2022-10-23 14:00:00,29.201
2022-10-23 15:00:00,21.172
2022-10-23 16:00:00,10.799
2022-10-23 17:00:00,1.615
2022-10-23 18:00:00,0.0
2022-10-23 19:00:00,0.0
2022-10-23 20:00:00,0.0
2022-10-23 21:00:00,0.0
2022-10-23 22:00:00,0.0
2022-10-23 23:00:00,0.0
2022-10-24 00:00:00,0.0
2022-10-24 01:00:00,0.0
2022-10-24 02:00:00,0.0
2022-10-24 03:00:00,0.0
2022-10-24 04:00:00,0.0
2022-10-24 05:00:00,0.0
2022-10-24 06:00:00,0.0
2022-10-24 07:00:00,3.941
2022-10-24 08:00:00,12.678
2022-10-24 09:00:00,20.482
2022-10-24 10:00:00,26.117
2022-10-24 11:00:00,27.398
2022-10-24 12:00:00,31.142
2022-10-24 13:00:00,32.981
2022-10-24 14:00:00,26.613
2022-10-24 15:00:00,15.915
2022-10-24 16:00:00,6.327
2022-10-24 17:00:00,0.743
2022-10-24 18:00:00,0.0
2022-10-24 19:00:00,0.0
2022-10-24 20:00:00,0.0
2022-10-24 21:00:00,0.0
2022-10-24 22:00:00,0.0
2022-10-24 23:00:00,0.0
2022-10-25 00:00:00,0.0
2022-10-25 01:00:00,0.0
2022-10-25 02:00:00,0.0
2022-10-25 03:00:00,0.0
2022-10-25 04:00:00,0.0
2022-10-25 05:00:00,0.0
2022-10-25 06:00:00,0.0
2022-10-25 07:00:00,2.63
2022-10-25 08:00:00,9.832
2022-10-25 09:00:00,17.459
2022-10-25 10:00:00,24.441
2022-10-25 11:00:00,27.009
2022-10-25 12:00:00,27.28
2022-10-25 13:00:00,25.824
2022-10-25 14:00:00,21.657
2022-10-25 15:00:00,14.452
2022-10-25 16:00:00,6.594
2022-10-25 17:00:00,0.714
2022-10-25 18:00:00,0.0
2022-10-25 19:00:00,0.0
2022-10-25 20:00:00,0.0
2022-10-25 21:00:00,0.0
2022-10-25 22:00:00,0.0
2022-10-25 23:00:00,0.0
2022-10-26 00:00:00,0.0
2022-10-26 01:00:00,0.0
2022-10-26 02:00:00,0.0
2022-10-26 03:00:00,0.0
2022-10-26 04:00:00,0.0
2022-10-26 05:00:00,0.0
2022-10-26 06:00:00,0.0
2022-10-26 07:00:00,0.606
2022-10-26 08:00:00,3.133
2022-10-26 09:00:00,7.854
2022-10-26 10:00:00,9.877
2022-10-26 11:00:00,9.263
2022-10-26 12:00:00,10.35
2022-10-26 13:00:00,11.982
2022-10-26 14:00:00,10.549
2022-10-26 15:00:00,6.815
2022-10-26 16:00:00,2.957
2022-10-26 17:00:00,0.247
2022-10-26 18:00:00,0.0
2022-10-26 19:00:00,0.0
2022-10-26 20:00:00,0.0
2022-10-26 21:00:00,0.0
2022-10-26 22:00:00,0.0
2022-10-26 23:00:00,0.0
2022-10-27 00:00:00,0.0
2022-10-27 01:00:00,0.0
2022-10-27 02:00:00,0.0
2022-10-27 03:00:00,0.0
2022-10-27 04:00:00,0.0
2022-10-27 05:00:00,0.0
2022-10-27 06:00:00,0.0
2022-10-27 07:00:00,1.087
2022-10-27 08:00:00,5.283
2022-10-27 09:00:00,7.439
2022-10-27 10:00:00,8.098
2022-10-27 11:00:00,10.709
2022-10-27 12:00:00,13.363
2022-10-27 13:00:00,12.583
2022-10-27 14:00:00,9.467
2022-10-27 15:00:00,6.515
2022-10-27 16:00:00,2.884
2022-10-27 17:00:00,0.276
2022-10-27 18:00:00,0.0
2022-10-27 19:00:00,0.0
2022-10-27 20:00:00,0.0
2022-10-27 21:00:00,0.0
2022-10-27 22:00:00,0.0
2022-10-27 23:00:00,0.0
2022-10-28 00:00:00,0.0
2022-10-28 01:00:00,0.0
2022-10-28 02:00:00,0.0
2022-10-28 03:00:00,0.0
2022-10-28 04:00:00,0.0
2022-10-28 05:00:00,0.0
2022-10-28 06:00:00,0.0
2022-10-28 07:00:00,1.012
2022-10-28 08:00:00,3.817
2022-10-28 09:00:00,6.368
2022-10-28 10:00:00,8.356
2022-10-28 11:00:00,9.956
2022-10-28 12:00:00,11.192
2022-10-28 13:00:00,11.156
2022-10-28 14:00:00,10.332
2022-10-28 15:00:00,8.447
2022-10-28 16:00:00,4.373
2022-10-28 17:00:00,0.433
2022-10-28 18:00:00,0.0
2022-10-28 19:00:00,0.0
2022-10-28 20:00:00,0.0
2022-10-28 21:00:00,0.0
2022-10-28 22:00:00,0.0
2022-10-28 23:00:00,0.0
2022-10-29 00:00:00,0.0
2022-10-29 01:00:00,0.0
2022-10-29 02:00:00,0.0
2022-10-29 03:00:00,0.0
2022-10-29 04:00:00,0.0
2022-10-29 05:00:00,0.0
2022-10-29 06:00:00,0.0
2022-10-29 07:00:00,2.281
2022-10-29 08:00:00,9.446
2022-10-29 09:00:00,17.894
2022-10-29 10:00:00,24.779
2022-10-29 11:00:00,27.372
2022-10-29 12:00:00,29.082
2022-10-29 13:00:00,26.883
2022-10-29 14:00:00,22.94
2022-10-29 15:00:00,17.131
2022-10-29 16:00:00,8.322
2022-10-29 17:00:00,1.009
2022-10-29 18:00:00,0.0
2022-10-29 19:00:00,0.0
2022-10-29 20:00:00,0.0
2022-10-29 21:00:00,0.0
2022-10-29 22:00:00,0.0
2022-10-29 23:00:00,0.0
2022-10-30 00:00:00,0.0
2022-10-30 01:00:00,0.0
2022-10-30 02:00:00,0.0
2022-10-30 03:00:00,0.0
2022-10-30 04:00:00,0.0
2022-10-30 05:00:00,0.0
2022-10-30 06:00:00,0.0
2022-10-30 07:00:00,3.471
2022-10-30 08:00:00,13.814
2022-10-30 09:00:00,22.591
2022-10-30 10:00:00,28.212
2022-10-30 11:00:00,31.64
2022-10-30 12:00:00,33.629
2022-10-30 13:00:00,32.443
2022-10-30 14:00:00,27.045
2022-10-30 15:00:00,19.535
2022-10-30 16:00:00,10.465
2022-10-30 17:00:00,1.369
2022-10-30 18:00:00,0.0
2022-10-30 19:00:00,0.0
2022-10-30 20:00:00,0.0
2022-10-30 21:00:00,0.0
2022-10-30 22:00:00,0.0
2022-10-30 23:00:00,0.0
2022-10-31 00:00:00,0.0
2022-10-31 01:00:00,0.0
2022-10-31 02:00:00,0.0
2022-10-31 03:00:00,0.0
2022-10-31 04:00:00,0.0
2022-10-31 05:00:00,0.0
2022-10-31 06:00:00,0.0
2022-10-31 07:00:00,3.682
2022-10-31 08:00:00,12.556
2022-10-31 09:00:00,20.299
2022-10-31 10:00:00,24.914
2022-10-31 11:00:00,28.83
2022-10-31 12:00:00,26.638
2022-10-31 13:00:00,24.384
2022-10-31 14:00:00,22.093
2022-10-31 15:00:00,17.211
2022-10-31 16:00:00,8.528
2022-10-31 17:00:00,1.076
2022-10-31 18:00:00,0.0
2022-10-31 19:00:00,0.0
2022-10-31 20:00:00,0.0
2022-10-31 21:00:00,0.0
2022-10-31 22:00:00,0.0
2022-10-31 23:00:00,0.0
2022-11-01 00:00:00,0.0
2022-11-01 01:00:00,0.0
2022-11-01 02:00:00,0.0
2022-11-01 03:00:00,0.0
2022-11-01 04:00:00,0.0
2022-11-01 05:00:00,0.0
2022-11-01 06:00:00,0.0
2022-11-01 07:00:00,4.419
2022-11-01 08:00:00,16.094
2022-11-01 09:00:00,25.757
2022-11-01 10:00:00,32.213
2022-11-01 11:00:00,35.653
2022-11-01 12:00:00,36.527
2022-11-01 13:00:00,34.406
2022-11-01 14:00:00,29.444
2022-11-01 15:00:00,21.685
2022-11-01 16:00:00,11.759
2022-11-01 17:00:00,1.505
2022-11-01 18:00:00,0.0
2022-11-01 19:00:00,0.0
2022-11-01 20:00:00,0.0
2022-11-01 21:00:00,0.0
2022-11-01 22:00:00,0.0
2022-11-01 23:00:00,0.0
2022-11-02 00:00:00,0.0
2022-11-02 01:00:00,0.0
2022-11-02 02:00:00,0.0
2022-11-02 03:00:00,0.0
2022-11-02 04:00:00,0.0
2022-11-02 05:00:00,0.0
2022-11-02 06:00:00,0.0
2022-11-02 07:00:00,5.117
2022-11-02 08:00:00,17.303
2022-11-02 09:00:00,27.168
2022-11-02 10:00:00,33.697
2022-11-02 11:00:00,37.206
2022-11-02 12:00:00,37.986
2022-11-02 13:00:00,36.168
2022-11-02 14:00:00,31.758
2022-11-02 15:00:00,24.449
2022-11-02 16:00:00,14.25
2022-11-02 17:00:00,2.035
2022-11-02 18:00:00,0.0
2022-11-02 19:00:00,0.0
2022-11-02 20:00:00,0.0
2022-11-02 21:00:00,0.0
2022-11-02 22:00:00,0.0
2022-11-02 23:00:00,0.0
2022-11-03 00:00:00,0.0
2022-11-03 01:00:00,0.0
2022-11-03 02:00:00,0.0
2022-11-03 03:00:00,0.0
2022-11-03 04:00:00,0.0
2022-11-03 05:00:00,0.0
2022-11-03 06:00:00,0.0
2022-11-03 07:00:00,5.091
2022-11-03 08:00:00,16.138
2022-11-03 09:00:00,24.44
2022-11-03 10:00:00,24.353
2022-11-03 11:00:00,24.141
2022-11-03 12:00:00,22.654
2022-11-03 13:00:00,19.954
2022-11-03 14:00:00,16.167
2022-11-03 15:00:00,10.55
2022-11-03 16:00:00,4.568
2022-11-03 17:00:00,0.348
2022-11-03 18:00:00,0.0
2022-11-03 19:00:00,0.0
2022-11-03 20:00:00,0.0
2022-11-03 21:00:00,0.0
2022-11-03 22:00:00,0.0
2022-11-03 23:00:00,0.0
2022-11-04 00:00:00,0.0
2022-11-04 01:00:00,0.0
2022-11-04 02:00:00,0.0
2022-11-04 03:00:00,0.0
2022-11-04 04:00:00,0.0
2022-11-04 05:00:00,0.0
2022-11-04 06:00:00,0.0
2022-11-04 07:00:00,3.65
2022-11-04 08:00:00,15.752
2022-11-04 09:00:00,26.054
2022-11-04 10:00:00,32.814
2022-11-04 11:00:00,36.319
2022-11-04 12:00:00,36.789
2022-11-04 13:00:00,34.515
2022-11-04 14:00:00,29.588
2022-11-04 15:00:00,21.143
2022-11-04 16:00:00,10.3
2022-11-04 17:00:00,1.045
2022-11-04 18:00:00,0.0
2022-11-04 19:00:00,0.0
2022-11-04 20:00:00,0.0
2022-11-04 21:00:00,0.0
2022-11-04 22:00:00,0.0
2022-11-04 23:00:00,0.0
2022-11-05 00:00:00,0.0
2022-11-05 01:00:00,0.0
2022-11-05 02:00:00,0.0
2022-11-05 03:00:00,0.0
2022-11-05 04:00:00,0.0
2022-11-05 05:00:00,0.0
2022-11-05 06:00:00,0.0
2022-11-05 07:00:00,2.808
2022-11-05 08:00:00,13.108
2022-11-05 09:00:00,23.46
2022-11-05 10:00:00,29.693
2022-11-05 11:00:00,34.156
2022-11-05 12:00:00,35.479
2022-11-05 13:00:00,33.556
2022-11-05 14:00:00,25.389
2022-11-05 15:00:00,12.14
2022-11-05 16:00:00,3.658
2022-11-05 17:00:00,0.175
2022-11-05 18:00:00,0.0
2022-11-05 19:00:00,0.0
2022-11-05 20:00:00,0.0
2022-11-05 21:00:00,0.0
2022-11-05 22:00:00,0.0
2022-11-05 23:00:00,0.0
2022-11-06 00:00:00,0.0
2022-11-06 01:00:00,0.0
2022-11-06 02:00:00,0.0
2022-11-06 03:00:00,0.0
2022-11-06 04:00:00,0.0
2022-11-06 05:00:00,0.0
2022-11-06 06:00:00,0.0
2022-11-06 07:00:00,1.833
2022-11-06 08:00:00,10.564
2022-11-06 09:00:00,22.525
2022-11-06 10:00:00,30.194
2022-11-06 11:00:00,34.719
2022-11-06 12:00:00,35.84
2022-11-06 13:00:00,34.211
2022-11-06 14:00:00,29.548
2022-11-06 15:00:00,21.946
2022-11-06 16:00:00,11.644
2022-11-06 17:00:00,1.175
2022-11-06 18:00:00,0.0
2022-11-06 19:00:00,0.0
2022-11-06 20:00:00,0.0
2022-11-06 21:00:00,0.0
2022-11-06 22:00:00,0.0
2022-11-06 23:00:00,0.0
2022-11-07 00:00:00,0.0
2022-11-07 01:00:00,0.0
2022-11-07 02:00:00,0.0
2022-11-07 03:00:00,0.0
2022-11-07 04:00:00,0.0
2022-11-07 05:00:00,0.0
2022-11-07 06:00:00,0.0
2022-11-07 07:00:00,3.501
2022-11-07 08:00:00,14.364
2022-11-07 09:00:00,23.985
2022-11-07 10:00:00,30.462
2022-11-07 11:00:00,35.338
2022-11-07 12:00:00,36.054
2022-11-07 13:00:00,34.125
2022-11-07 14:00:00,29.042
2022-11-07 15:00:00,21.489
2022-11-07 16:00:00,11.248
2022-11-07 17:00:00,1.06
2022-11-07 18:00:00,0.0
2022-11-07 19:00:00,0.0
2022-11-07 20:00:00,0.0
2022-11-07 21:00:00,0.0
2022-11-07 22:00:00,0.0
2022-11-07 23:00:00,0.0
2022-11-08 00:00:00,0.0
2022-11-08 01:00:00,0.0
2022-11-08 02:00:00,0.0
2022-11-08 03:00:00,0.0
2022-11-08 04:00:00,0.0
2022-11-08 05:00:00,0.0
2022-11-08 06:00:00,0.0
2022-11-08 07:00:00,3.723
2022-11-08 08:00:00,14.669
2022-11-08 09:00:00,24.199
2022-11-08 10:00:00,30.414
2022-11-08 11:00:00,34.328
2022-11-08 12:00:00,34.791
2022-11-08 13:00:00,31.966
2022-11-08 14:00:00,26.275
2022-11-08 15:00:00,15.486
2022-11-08 16:00:00,6.957
2022-11-08 17:00:00,0.481
2022-11-08 18:00:00,0.0
2022-11-08 19:00:00,0.0
2022-11-08 20:00:00,0.0
2022-11-08 21:00:00,0.0
2022-11-08 22:00:00,0.0
2022-11-08 23:00:00,0.0
2022-11-09 00:00:00,0.0
2022-11-09 01:00:00,0.0
2022-11-09 02:00:00,0.0
2022-11-09 03:00:00,0.0
2022-11-09 04:00:00,0.0
2022-11-09 05:00:00,0.0
2022-11-09 06:00:00,0.0
2022-11-09 07:00:00,2.828
2022-11-09 08:00:00,12.794
2022-11-09 09:00:00,22.37
2022-11-09 10:00:00,28.855
2022-11-09 11:00:00,32.74
2022-11-09 12:00:00,33.367
2022-11-09 13:00:00,31.462
2022-11-09 14:00:00,26.356
2022-11-09 15:00:00,18.623
2022-11-09 16:00:00,8.887
2022-11-09 17:00:00,0.677
2022-11-09 18:00:00,0.0
2022-11-09 19:00:00,0.0
2022-11-09 20:00:00,0.0
2022-11-09 21:00:00,0.0
2022-11-09 22:00:00,0.0
2022-11-09 23:00:00,0.0
2022-11-10 00:00:00,0.0
2022-11-10 01:00:00,0.0
2022-11-10 02:00:00,0.0
2022-11-10 03:00:00,0.0
2022-11-10 04:00:00,0.0
2022-11-10 05:00:00,0.0
2022-11-10 06:00:00,0.0
2022-11-10 07:00:00,3.35
2022-11-10 08:00:00,14.135
2022-11-10 09:00:00,23.628
2022-11-10 10:00:00,29.61
2022-11-10 11:00:00,31.48
2022-11-10 12:00:00,31.26
2022-11-10 13:00:00,28.664
2022-11-10 14:00:00,23.981
2022-11-10 15:00:00,17.688
2022-11-10 16:00:00,7.946
2022-11-10 17:00:00,0.584
2022-11-10 18:00:00,0.0
2022-11-10 19:00:00,0.0
2022-11-10 20:00:00,0.0
2022-11-10 21:00:00,0.0
2022-11-10 22:00:00,0.0
2022-11-10 23:00:00,0.0
2022-11-11 00:00:00,0.0
2022-11-11 01:00:00,0.0
2022-11-11 02:00:00,0.0
2022-11-11 03:00:00,0.0
2022-11-11 04:00:00,0.0
2022-11-11 05:00:00,0.0
2022-11-11 06:00:00,0.0
2022-11-11 07:00:00,2.042
2022-11-11 08:00:00,7.619
2022-11-11 09:00:00,10.949
2022-11-11 10:00:00,11.337
2022-11-11 11:00:00,10.362
2022-11-11 12:00:00,9.403
2022-11-11 13:00:00,8.394
2022-11-11 14:00:00,6.989
2022-11-11 15:00:00,7.057
2022-11-11 16:00:00,4.35
2022-11-11 17:00:00,0.4
2022-11-11 18:00:00,0.0
2022-11-11 19:00:00,0.0
2022-11-11 20:00:00,0.0
2022-11-11 21:00:00,0.0
2022-11-11 22:00:00,0.0
2022-11-11 23:00:00,0.0
2022-11-12 00:00:00,0.0
2022-11-12 01:00:00,0.0
2022-11-12 02:00:00,0.0
2022-11-12 03:00:00,0.0
2022-11-12 04:00:00,0.0
2022-11-12 05:00:00,0.0
2022-11-12 06:00:00,0.0
2022-11-12 07:00:00,2.044
2022-11-12 08:00:00,11.788
2022-11-12 09:00:00,21.484
2022-11-12 10:00:00,28.315
2022-11-12 11:00:00,31.266
2022-11-12 12:00:00,29.789
2022-11-12 13:00:00,23.632
2022-11-12 14:00:00,16.668
2022-11-12 15:00:00,10.132
2022-11-12 16:00:00,4.681
2022-11-12 17:00:00,0.25
2022-11-12 18:00:00,0.0
2022-11-12 19:00:00,0.0
2022-11-12 20:00:00,0.0
2022-11-12 21:00:00,0.0
2022-11-12 22:00:00,0.0
2022-11-12 23:00:00,0.0
2022-11-13 00:00:00,0.0
2022-11-13 01:00:00,0.0
2022-11-13 02:00:00,0.0
2022-11-13 03:00:00,0.0
2022-11-13 04:00:00,0.0
2022-11-13 05:00:00,0.0
2022-11-13 06:00:00,0.0
2022-11-13 07:00:00,1.275
2022-11-13 08:00:00,6.614
2022-11-13 09:00:00,12.805
2022-11-13 10:00:00,18.459
2022-11-13 11:00:00,21.67
2022-11-13 12:00:00,20.517
2022-11-13 13:00:00,16.437
2022-11-13 14:00:00,10.589
2022-11-13 15:00:00,5.972
2022-11-13 16:00:00,2.118
2022-11-13 17:00:00,0.028
2022-11-13 18:00:00,0.0
2022-11-13 19:00:00,0.0
2022-11-13 20:00:00,0.0
2022-11-13 21:00:00,0.0
2022-11-13 22:00:00,0.0
2022-11-13 23:00:00,0.0
2022-11-14 00:00:00,0.0
2022-11-14 01:00:00,0.0
2022-11-14 02:00:00,0.0
2022-11-14 03:00:00,0.0
2022-11-14 04:00:00,0.0
2022-11-14 05:00:00,0.0
2022-11-14 06:00:00,0.0
2022-11-14 07:00:00,0.805
2022-11-14 08:00:00,4.38
2022-11-14 09:00:00,8.374
2022-11-14 10:00:00,11.906
2022-11-14 11:00:00,13.345
2022-11-14 12:00:00,11.267
2022-11-14 13:00:00,7.605
2022-11-14 14:00:00,6.319
2022-11-14 15:00:00,3.926
2022-11-14 16:00:00,1.455
2022-11-14 17:00:00,0.0
2022-11-14 18:00:00,0.0
2022-11-14 19:00:00,0.0
2022-11-14 20:00:00,0.0
2022-11-14 21:00:00,0.0
2022-11-14 22:00:00,0.0
2022-11-14 23:00:00,0.0
2022-11-15 00:00:00,0.0
2022-11-15 01:00:00,0.0
2022-11-15 02:00:00,0.0
2022-11-15 03:00:00,0.0
2022-11-15 04:00:00,0.0
2022-11-15 05:00:00,0.0
2022-11-15 06:00:00,0.0
2022-11-15 07:00:00,2.238
2022-11-15 08:00:00,12.342
2022-11-15 09:00:00,20.846
2022-11-15 10:00:00,19.982
2022-11-15 11:00:00,21.514
2022-11-15 12:00:00,26.682
2022-11-15 13:00:00,31.372
2022-11-15 14:00:00,27.786
2022-11-15 15:00:00,20.213
2022-11-15 16:00:00,10.113
2022-11-15 17:00:00,0.6000000000000001
2022-11-15 18:00:00,0.0
2022-11-15 19:00:00,0.0
2022-11-15 20:00:00,0.0
2022-11-15 21:00:00,0.0
2022-11-15 22:00:00,0.0
2022-11-15 23:00:00,0.0
2022-11-16 00:00:00,0.0
2022-11-16 01:00:00,0.0
2022-11-16 02:00:00,0.0
2022-11-16 03:00:00,0.0
2022-11-16 04:00:00,0.0
2022-11-16 05:00:00,0.0
2022-11-16 06:00:00,0.0
2022-11-16 07:00:00,0.803
2022-11-16 08:00:00,4.142
2022-11-16 09:00:00,8.264
2022-11-16 10:00:00,12.405
2022-11-16 11:00:00,19.248
2022-11-16 12:00:00,15.403
2022-11-16 13:00:00,11.137
2022-11-16 14:00:00,8.538
2022-11-16 15:00:00,3.98
2022-11-16 16:00:00,2.039
2022-11-16 17:00:00,0.02
2022-11-16 18:00:00,0.0
2022-11-16 19:00:00,0.0
2022-11-16 20:00:00,0.0
2022-11-16 21:00:00,0.0
2022-11-16 22:00:00,0.0
2022-11-16 23:00:00,0.0
2022-11-17 00:00:00,0.0
2022-11-17 01:00:00,0.0
2022-11-17 02:00:00,0.0
2022-11-17 03:00:00,0.0
2022-11-17 04:00:00,0.0
2022-11-17 05:00:00,0.0
2022-11-17 06:00:00,0.0
2022-11-17 07:00:00,0.8310000000000001
2022-11-17 08:00:00,6.097
2022-11-17 09:00:00,13.541
2022-11-17 10:00:00,21.36
2022-11-17 11:00:00,23.041
2022-11-17 12:00:00,28.306
2022-11-17 13:00:00,26.056
2022-11-17 14:00:00,21.854
2022-11-17 15:00:00,15.634
2022-11-17 16:00:00,4.974
2022-11-17 17:00:00,0.18
2022-11-17 18:00:00,0.0
2022-11-17 19:00:00,0.0
2022-11-17 20:00:00,0.0
2022-11-17 21:00:00,0.0
2022-11-17 22:00:00,0.0
2022-11-17 23:00:00,0.0
2022-11-18 00:00:00,0.0
2022-11-18 01:00:00,0.0
2022-11-18 02:00:00,0.0
2022-11-18 03:00:00,0.0
2022-11-18 04:00:00,0.0
2022-11-18 05:00:00,0.0
2022-11-18 06:00:00,0.0
2022-11-18 07:00:00,2.234
2022-11-18 08:00:00,11.92
2022-11-18 09:00:00,21.573
2022-11-18 10:00:00,28.522
2022-11-18 11:00:00,31.948
2022-11-18 12:00:00,28.31
2022-11-18 13:00:00,19.72
2022-11-18 14:00:00,10.758
2022-11-18 15:00:00,4.194
2022-11-18 16:00:00,1.411
2022-11-18 17:00:00,0.0
2022-11-18 18:00:00,0.0
2022-11-18 19:00:00,0.0
2022-11-18 20:00:00,0.0
2022-11-18 21:00:00,0.0
2022-11-18 22:00:00,0.0
2022-11-18 23:00:00,0.0
2022-11-19 00:00:00,0.0
2022-11-19 01:00:00,0.0
2022-11-19 02:00:00,0.0
2022-11-19 03:00:00,0.0
2022-11-19 04:00:00,0.0
2022-11-19 05:00:00,0.0
2022-11-19 06:00:00,0.0
2022-11-19 07:00:00,1.442
2022-11-19 08:00:00,11.496
2022-11-19 09:00:00,21.929
2022-11-19 10:00:00,28.977
2022-11-19 11:00:00,32.561
2022-11-19 12:00:00,33.422
2022-11-19 13:00:00,31.209
2022-11-19 14:00:00,23.848
2022-11-19 15:00:00,15.932
2022-11-19 16:00:00,5.798
2022-11-19 17:00:00,0.223
2022-11-19 18:00:00,0.0
2022-11-19 19:00:00,0.0
2022-11-19 20:00:00,0.0
2022-11-19 21:00:00,0.0
2022-11-19 22:00:00,0.0
2022-11-19 23:00:00,0.0
2022-11-20 00:00:00,0.0
2022-11-20 01:00:00,0.0
2022-11-20 02:00:00,0.0
2022-11-20 03:00:00,0.0
2022-11-20 04:00:00,0.0
2022-11-20 05:00:00,0.0
2022-11-20 06:00:00,0.0
2022-11-20 07:00:00,2.178
2022-11-20 08:00:00,12.494
2022-11-20 09:00:00,22.674
2022-11-20 10:00:00,29.514
2022-11-20 11:00:00,34.148
2022-11-20 12:00:00,34.995
2022-11-20 13:00:00,32.888
2022-11-20 14:00:00,28.645
2022-11-20 15:00:00,20.935
2022-11-20 16:00:00,10.421
2022-11-20 17:00:00,0.507
2022-11-20 18:00:00,0.0
2022-11-20 19:00:00,0.0
2022-11-20 20:00:00,0.0
2022-11-20 21:00:00,0.0
2022-11-20 22:00:00,0.0
2022-11-20 23:00:00,0.0
2022-11-21 00:00:00,0.0
2022-11-21 01:00:00,0.0
2022-11-21 02:00:00,0.0
2022-11-21 03:00:00,0.0
2022-11-21 04:00:00,0.0
2022-11-21 05:00:00,0.0
2022-11-21 06:00:00,0.0
2022-11-21 07:00:00,2.586
2022-11-21 08:00:00,12.893
2022-11-21 09:00:00,22.265
2022-11-21 10:00:00,27.596
2022-11-21 11:00:00,27.434
2022-11-21 12:00:00,28.26
2022-11-21 13:00:00,25.078
2022-11-21 14:00:00,17.606
2022-11-21 15:00:00,8.883
2022-11-21 16:00:00,3.111
2022-11-21 17:00:00,0.059
2022-11-21 18:00:00,0.0
2022-11-21 19:00:00,0.0
2022-11-21 20:00:00,0.0
2022-11-21 21:00:00,0.0
2022-11-21 22:00:00,0.0
2022-11-21 23:00:00,0.0
2022-11-22 00:00:00,0.0
2022-11-22 01:00:00,0.0
2022-11-22 02:00:00,0.0
2022-11-22 03:00:00,0.0
2022-11-22 04:00:00,0.0
2022-11-22 05:00:00,0.0
2022-11-22 06:00:00,0.0
2022-11-22 07:00:00,1.09
2022-11-22 08:00:00,7.384
2022-11-22 09:00:00,16.718
2022-11-22 10:00:00,20.856
2022-11-22 11:00:00,26.266
2022-11-22 12:00:00,25.846
2022-11-22 13:00:00,22.722
2022-11-22 14:00:00,18.691
2022-11-22 15:00:00,8.642
2022-11-22 16:00:00,2.929
2022-11-22 17:00:00,0.03
2022-11-22 18:00:00,0.0
2022-11-22 19:00:00,0.0
2022-11-22 20:00:00,0.0
2022-11-22 21:00:00,0.0
2022-11-22 22:00:00,0.0
2022-11-22 23:00:00,0.0
2022-11-23 00:00:00,0.0
2022-11-23 01:00:00,0.0
2022-11-23 02:00:00,0.0
2022-11-23 03:00:00,0.0
2022-11-23 04:00:00,0.0
2022-11-23 05:00:00,0.0
2022-11-23 06:00:00,0.0
2022-11-23 07:00:00,1.939
2022-11-23 08:00:00,12.141
2022-11-23 09:00:00,22.259
2022-11-23 10:00:00,28.136
2022-11-23 11:00:00,32.229
2022-11-23 12:00:00,32.079
2022-11-23 13:00:00,30.376
2022-11-23 14:00:00,25.061
2022-11-23 15:00:00,16.984
2022-11-23 16:00:00,7.049
2022-11-23 17:00:00,0.21
2022-11-23 18:00:00,0.0
2022-11-23 19:00:00,0.0
2022-11-23 20:00:00,0.0
2022-11-23 21:00:00,0.0
2022-11-23 22:00:00,0.0
2022-11-23 23:00:00,0.0
2022-11-24 00:00:00,0.0
2022-11-24 01:00:00,0.0
2022-11-24 02:00:00,0.0
2022-11-24 03:00:00,0.0
2022-11-24 04:00:00,0.0
2022-11-24 05:00:00,0.0
2022-11-24 06:00:00,0.0
2022-11-24 07:00:00,1.917
2022-11-24 08:00:00,11.491
2022-11-24 09:00:00,21.503
2022-11-24 10:00:00,28.397
2022-11-24 11:00:00,31.783
2022-11-24 12:00:00,30.297
2022-11-24 13:00:00,25.452
2022-11-24 14:00:00,18.588
2022-11-24 15:00:00,11.116
2022-11-24 16:00:00,4.967
2022-11-24 17:00:00,0.178
2022-11-24 18:00:00,0.0
2022-11-24 19:00:00,0.0
2022-11-24 20:00:00,0.0
2022-11-24 21:00:00,0.0
2022-11-24 22:00:00,0.0
2022-11-24 23:00:00,0.0
2022-11-25 00:00:00,0.0
2022-11-25 01:00:00,0.0
2022-11-25 02:00:00,0.0
2022-11-25 03:00:00,0.0
2022-11-25 04:00:00,0.0
2022-11-25 05:00:00,0.0
2022-11-25 06:00:00,0.0
2022-11-25 07:00:00,0.707
2022-11-25 08:00:00,6.735
2022-11-25 09:00:00,15.759
2022-11-25 10:00:00,23.812
2022-11-25 11:00:00,30.276
2022-11-25 12:00:00,25.09
2022-11-25 13:00:00,16.58
2022-11-25 14:00:00,10.118
2022-11-25 15:00:00,7.371
2022-11-25 16:00:00,3.202
2022-11-25 17:00:00,0.053
2022-11-25 18:00:00,0.0
2022-11-25 19:00:00,0.0
2022-11-25 20:00:00,0.0
2022-11-25 21:00:00,0.0
2022-11-25 22:00:00,0.0
2022-11-25 23:00:00,0.0
2022-11-26 00:00:00,0.0
2022-11-26 01:00:00,0.0
2022-11-26 02:00:00,0.0
2022-11-26 03:00:00,0.0
2022-11-26 04:00:00,0.0
2022-11-26 05:00:00,0.0
2022-11-26 06:00:00,0.0
2022-11-26 07:00:00,1.705
2022-11-26 08:00:00,11.627
2022-11-26 09:00:00,21.719
2022-11-26 10:00:00,28.526
2022-11-26 11:00:00,32.208
2022-11-26 12:00:00,33.312
2022-11-26 13:00:00,31.388
2022-11-26 14:00:00,27.794
2022-11-26 15:00:00,19.881
2022-11-26 16:00:00,9.275
2022-11-26 17:00:00,0.28
2022-11-26 18:00:00,0.0
2022-11-26 19:00:00,0.0
2022-11-26 20:00:00,0.0
2022-11-26 21:00:00,0.0
2022-11-26 22:00:00,0.0
2022-11-26 23:00:00,0.0
2022-11-27 00:00:00,0.0
2022-11-27 01:00:00,0.0
2022-11-27 02:00:00,0.0
2022-11-27 03:00:00,0.0
2022-11-27 04:00:00,0.0
2022-11-27 05:00:00,0.0
2022-11-27 06:00:00,0.0
2022-11-27 07:00:00,0.427
2022-11-27 08:00:00,3.864
2022-11-27 09:00:00,4.442
2022-11-27 10:00:00,6.172
2022-11-27 11:00:00,12.318
2022-11-27 12:00:00,12.669
2022-11-27 13:00:00,10.923
2022-11-27 14:00:00,10.342
2022-11-27 15:00:00,9.553
2022-11-27 16:00:00,4.179
2022-11-27 17:00:00,0.079
2022-11-27 18:00:00,0.0
2022-11-27 19:00:00,0.0
2022-11-27 20:00:00,0.0
2022-11-27 21:00:00,0.0
2022-11-27 22:00:00,0.0
2022-11-27 23:00:00,0.0
2022-11-28 00:00:00,0.0
2022-11-28 01:00:00,0.0
2022-11-28 02:00:00,0.0
2022-11-28 03:00:00,0.0
2022-11-28 04:00:00,0.0
2022-11-28 05:00:00,0.0
2022-11-28 06:00:00,0.0
2022-11-28 07:00:00,1.377
2022-11-28 08:00:00,11.091
2022-11-28 09:00:00,21.288
2022-11-28 10:00:00,27.425
2022-11-28 11:00:00,29.681
2022-11-28 12:00:00,28.77
2022-11-28 13:00:00,23.835
2022-11-28 14:00:00,16.334
2022-11-28 15:00:00,8.906
2022-11-28 16:00:00,2.713
2022-11-28 17:00:00,0.0
2022-11-28 18:00:00,0.0
2022-11-28 19:00:00,0.0
2022-11-28 20:00:00,0.0
2022-11-28 21:00:00,0.0
2022-11-28 22:00:00,0.0
2022-11-28 23:00:00,0.0
2022-11-29 00:00:00,0.0
2022-11-29 01:00:00,0.0
2022-11-29 02:00:00,0.0
2022-11-29 03:00:00,0.0
2022-11-29 04:00:00,0.0
2022-11-29 05:00:00,0.0
2022-11-29 06:00:00,0.0
2022-11-29 07:00:00,0.153
2022-11-29 08:00:00,1.693
2022-11-29 09:00:00,2.521
2022-11-29 10:00:00,3.68
2022-11-29 11:00:00,5.626
2022-11-29 12:00:00,11.649
2022-11-29 13:00:00,6.191
2022-11-29 14:00:00,4.072
2022-11-29 15:00:00,2.183
2022-11-29 16:00:00,0.662
2022-11-29 17:00:00,0.0
2022-11-29 18:00:00,0.0
2022-11-29 19:00:00,0.0
2022-11-29 20:00:00,0.0
2022-11-29 21:00:00,0.0
2022-11-29 22:00:00,0.0
2022-11-29 23:00:00,0.0
2022-11-30 00:00:00,0.0
2022-11-30 01:00:00,0.0
2022-11-30 02:00:00,0.0
2022-11-30 03:00:00,0.0
2022-11-30 04:00:00,0.0
2022-11-30 05:00:00,0.0
2022-11-30 06:00:00,0.0
2022-11-30 07:00:00,0.441
2022-11-30 08:00:00,4.127
2022-11-30 09:00:00,9.584
2022-11-30 10:00:00,15.406
2022-11-30 11:00:00,19.339
2022-11-30 12:00:00,18.914
2022-11-30 13:00:00,17.339
2022-11-30 14:00:00,13.754
2022-11-30 15:00:00,7.94
2022-11-30 16:00:00,2.283
2022-11-30 17:00:00,0.0
2022-11-30 18:00:00,0.0
2022-11-30 19:00:00,0.0
2022-11-30 20:00:00,0.0
2022-11-30 21:00:00,0.0
2022-11-30 22:00:00,0.0
2022-11-30 23:00:00,0.0
2022-12-01 00:00:00,0.0
2022-12-01 01:00:00,0.0
2022-12-01 02:00:00,0.0
2022-12-01 03:00:00,0.0
2022-12-01 04:00:00,0.0
2022-12-01 05:00:00,0.0
2022-12-01 06:00:00,0.0
2022-12-01 07:00:00,0.525
2022-12-01 08:00:00,5.367
2022-12-01 09:00:00,12.01
2022-12-01 10:00:00,16.946
2022-12-01 11:00:00,19.415
2022-12-01 12:00:00,17.852
2022-12-01 13:00:00,15.414
2022-12-01 14:00:00,12.393
2022-12-01 15:00:00,7.428
2022-12-01 16:00:00,2.447
2022-12-01 17:00:00,0.0
2022-12-01 18:00:00,0.0
2022-12-01 19:00:00,0.0
2022-12-01 20:00:00,0.0
2022-12-01 21:00:00,0.0
2022-12-01 22:00:00,0.0
2022-12-01 23:00:00,0.0
2022-12-02 00:00:00,0.0
2022-12-02 01:00:00,0.0
2022-12-02 02:00:00,0.0
2022-12-02 03:00:00,0.0
2022-12-02 04:00:00,0.0
2022-12-02 05:00:00,0.0
2022-12-02 06:00:00,0.0
2022-12-02 07:00:00,1.287
2022-12-02 08:00:00,11.927
2022-12-02 09:00:00,23.52
2022-12-02 10:00:00,30.918
2022-12-02 11:00:00,34.04
2022-12-02 12:00:00,34.832
2022-12-02 13:00:00,31.687
2022-12-02 14:00:00,27.174
2022-12-02 15:00:00,18.699
2022-12-02 16:00:00,7.215
2022-12-02 17:00:00,0.112
2022-12-02 18:00:00,0.0
2022-12-02 19:00:00,0.0
2022-12-02 20:00:00,0.0
2022-12-02 21:00:00,0.0
2022-12-02 22:00:00,0.0
2022-12-02 23:00:00,0.0
2022-12-03 00:00:00,0.0
2022-12-03 01:00:00,0.0
2022-12-03 02:00:00,0.0
2022-12-03 03:00:00,0.0
2022-12-03 04:00:00,0.0
2022-12-03 05:00:00,0.0
2022-12-03 06:00:00,0.0
2022-12-03 07:00:00,0.35
2022-12-03 08:00:00,2.961
2022-12-03 09:00:00,5.663
2022-12-03 10:00:00,8.358
2022-12-03 11:00:00,10.496
2022-12-03 12:00:00,11.354
2022-12-03 13:00:00,10.746
2022-12-03 14:00:00,7.977
2022-12-03 15:00:00,4.928
2022-12-03 16:00:00,1.601
2022-12-03 17:00:00,0.0
2022-12-03 18:00:00,0.0
2022-12-03 19:00:00,0.0
2022-12-03 20:00:00,0.0
2022-12-03 21:00:00,0.0
2022-12-03 22:00:00,0.0
2022-12-03 23:00:00,0.0
2022-12-04 00:00:00,0.0
2022-12-04 01:00:00,0.0
2022-12-04 02:00:00,0.0
2022-12-04 03:00:00,0.0
2022-12-04 04:00:00,0.0
2022-12-04 05:00:00,0.0
2022-12-04 06:00:00,0.0
2022-12-04 07:00:00,0.167
2022-12-04 08:00:00,1.636
2022-12-04 09:00:00,2.812
2022-12-04 10:00:00,3.675
2022-12-04 11:00:00,3.902
2022-12-04 12:00:00,3.767
2022-12-04 13:00:00,3.241
2022-12-04 14:00:00,2.344
2022-12-04 15:00:00,1.15
2022-12-04 16:00:00,0.238
2022-12-04 17:00:00,0.0
2022-12-04 18:00:00,0.0
2022-12-04 19:00:00,0.0
2022-12-04 20:00:00,0.0
2022-12-04 21:00:00,0.0
2022-12-04 22:00:00,0.0
2022-12-04 23:00:00,0.0
2022-12-05 00:00:00,0.0
2022-12-05 01:00:00,0.0
2022-12-05 02:00:00,0.0
2022-12-05 03:00:00,0.0
2022-12-05 04:00:00,0.0
2022-12-05 05:00:00,0.0
2022-12-05 06:00:00,0.0
2022-12-05 07:00:00,0.289
2022-12-05 08:00:00,3.645
2022-12-05 09:00:00,8.298
2022-12-05 10:00:00,12.638
2022-12-05 11:00:00,15.496
2022-12-05 12:00:00,15.542
2022-12-05 13:00:00,14.005
2022-12-05 14:00:00,11.968
2022-12-05 15:00:00,8.246
2022-12-05 16:00:00,3.078
2022-12-05 17:00:00,0.004
2022-12-05 18:00:00,0.0
2022-12-05 19:00:00,0.0
2022-12-05 20:00:00,0.0
2022-12-05 21:00:00,0.0
2022-12-05 22:00:00,0.0
2022-12-05 23:00:00,0.0
2022-12-06 00:00:00,0.0
2022-12-06 01:00:00,0.0
2022-12-06 02:00:00,0.0
2022-12-06 03:00:00,0.0
2022-12-06 04:00:00,0.0
2022-12-06 05:00:00,0.0
2022-12-06 06:00:00,0.0
2022-12-06 07:00:00,1.087
2022-12-06 08:00:00,8.709
2022-12-06 09:00:00,22.129
2022-12-06 10:00:00,28.371
2022-12-06 11:00:00,30.72
2022-12-06 12:00:00,31.84
2022-12-06 13:00:00,32.141
2022-12-06 14:00:00,26.816
2022-12-06 15:00:00,19.277
2022-12-06 16:00:00,6.968
2022-12-06 17:00:00,0.104
2022-12-06 18:00:00,0.0
2022-12-06 19:00:00,0.0
2022-12-06 20:00:00,0.0
2022-12-06 21:00:00,0.0
2022-12-06 22:00:00,0.0
2022-12-06 23:00:00,0.0
2022-12-07 00:00:00,0.0
2022-12-07 01:00:00,0.0
2022-12-07 02:00:00,0.0
2022-12-07 03:00:00,0.0
2022-12-07 04:00:00,0.0
2022-12-07 05:00:00,0.0
2022-12-07 06:00:00,0.0
2022-12-07 07:00:00,1.126
2022-12-07 08:00:00,7.262
2022-12-07 09:00:00,13.406
2022-12-07 10:00:00,12.935
2022-12-07 11:00:00,11.626
2022-12-07 12:00:00,12.42
2022-12-07 13:00:00,13.142
2022-12-07 14:00:00,12.064
2022-12-07 15:00:00,8.478
2022-12-07 16:00:00,3.26
2022-12-07 17:00:00,0.007
2022-12-07 18:00:00,0.0
2022-12-07 19:00:00,0.0
2022-12-07 20:00:00,0.0
2022-12-07 21:00:00,0.0
2022-12-07 22:00:00,0.0
2022-12-07 23:00:00,0.0
2022-12-08 00:00:00,0.0
2022-12-08 01:00:00,0.0
2022-12-08 02:00:00,0.0
2022-12-08 03:00:00,0.0
2022-12-08 04:00:00,0.0
2022-12-08 05:00:00,0.0
2022-12-08 06:00:00,0.0
2022-12-08 07:00:00,0.972
2022-12-08 08:00:00,7.264
2022-12-08 09:00:00,18.469
2022-12-08 10:00:00,23.459
2022-12-08 11:00:00,22.751
2022-12-08 12:00:00,20.694
2022-12-08 13:00:00,17.531
2022-12-08 14:00:00,13.589
2022-12-08 15:00:00,8.611
2022-12-08 16:00:00,3.051
2022-12-08 17:00:00,0.0
2022-12-08 18:00:00,0.0
2022-12-08 19:00:00,0.0
2022-12-08 20:00:00,0.0
2022-12-08 21:00:00,0.0
2022-12-08 22:00:00,0.0
2022-12-08 23:00:00,0.0
2022-12-09 00:00:00,0.0
2022-12-09 01:00:00,0.0
2022-12-09 02:00:00,0.0
2022-12-09 03:00:00,0.0
2022-12-09 04:00:00,0.0
2022-12-09 05:00:00,0.0
2022-12-09 06:00:00,0.0
2022-12-09 07:00:00,1.153
2022-12-09 08:00:00,7.746
2022-12-09 09:00:00,17.127
2022-12-09 10:00:00,23.579
2022-12-09 11:00:00,22.925
2022-12-09 12:00:00,18.897
2022-12-09 13:00:00,17.803
2022-12-09 14:00:00,12.332
2022-12-09 15:00:00,7.113
2022-12-09 16:00:00,2.92
2022-12-09 17:00:00,0.0
2022-12-09 18:00:00,0.0
2022-12-09 19:00:00,0.0
2022-12-09 20:00:00,0.0
2022-12-09 21:00:00,0.0
2022-12-09 22:00:00,0.0
2022-12-09 23:00:00,0.0
2022-12-10 00:00:00,0.0
2022-12-10 01:00:00,0.0
2022-12-10 02:00:00,0.0
2022-12-10 03:00:00,0.0
2022-12-10 04:00:00,0.0
2022-12-10 05:00:00,0.0
2022-12-10 06:00:00,0.0
2022-12-10 07:00:00,0.842
2022-12-10 08:00:00,5.585
2022-12-10 09:00:00,14.754
2022-12-10 10:00:00,26.818
2022-12-10 11:00:00,29.618
2022-12-10 12:00:00,30.092
2022-12-10 13:00:00,28.034
2022-12-10 14:00:00,21.508
2022-12-10 15:00:00,13.194
2022-12-10 16:00:00,3.897
2022-12-10 17:00:00,0.0
2022-12-10 18:00:00,0.0
2022-12-10 19:00:00,0.0
2022-12-10 20:00:00,0.0
2022-12-10 21:00:00,0.0
2022-12-10 22:00:00,0.0
2022-12-10 23:00:00,0.0
2022-12-11 00:00:00,0.0
2022-12-11 01:00:00,0.0
2022-12-11 02:00:00,0.0
2022-12-11 03:00:00,0.0
2022-12-11 04:00:00,0.0
2022-12-11 05:00:00,0.0
2022-12-11 06:00:00,0.0
2022-12-11 07:00:00,1.22
2022-12-11 08:00:00,10.187
2022-12-11 09:00:00,21.442
2022-12-11 10:00:00,29.649
2022-12-11 11:00:00,31.1
2022-12-11 12:00:00,31.658
2022-12-11 13:00:00,29.5
2022-12-11 14:00:00,24.361
2022-12-11 15:00:00,16.159
2022-12-11 16:00:00,6.049
2022-12-11 17:00:00,0.037
2022-12-11 18:00:00,0.0
2022-12-11 19:00:00,0.0
2022-12-11 20:00:00,0.0
2022-12-11 21:00:00,0.0
2022-12-11 22:00:00,0.0
2022-12-11 23:00:00,0.0
2022-12-12 00:00:00,0.0
2022-12-12 01:00:00,0.0
2022-12-12 02:00:00,0.0
2022-12-12 03:00:00,0.0
2022-12-12 04:00:00,0.0
2022-12-12 05:00:00,0.0
2022-12-12 06:00:00,0.0
2022-12-12 07:00:00,1.799
2022-12-12 08:00:00,12.162
2022-12-12 09:00:00,24.072
2022-12-12 10:00:00,31.573
2022-12-12 11:00:00,35.439
2022-12-12 12:00:00,36.313
2022-12-12 13:00:00,34.075
2022-12-12 14:00:00,27.692
2022-12-12 15:00:00,18.865
2022-12-12 16:00:00,7.511
2022-12-12 17:00:00,0.064
2022-12-12 18:00:00,0.0
2022-12-12 19:00:00,0.0
2022-12-12 20:00:00,0.0
2022-12-12 21:00:00,0.0
2022-12-12 22:00:00,0.0
2022-12-12 23:00:00,0.0
2022-12-13 00:00:00,0.0
2022-12-13 01:00:00,0.0
2022-12-13 02:00:00,0.0
2022-12-13 03:00:00,0.0
2022-12-13 04:00:00,0.0
2022-12-13 05:00:00,0.0
2022-12-13 06:00:00,0.0
2022-12-13 07:00:00,2.484
2022-12-13 08:00:00,14.785
2022-12-13 09:00:00,26.411
2022-12-13 10:00:00,33.636
2022-12-13 11:00:00,36.973
2022-12-13 12:00:00,37.746
2022-12-13 13:00:00,35.511
2022-12-13 14:00:00,29.985
2022-12-13 15:00:00,21.145
2022-12-13 16:00:00,8.995
2022-12-13 17:00:00,0.085
2022-12-13 18:00:00,0.0
2022-12-13 19:00:00,0.0
2022-12-13 20:00:00,0.0
2022-12-13 21:00:00,0.0
2022-12-13 22:00:00,0.0
2022-12-13 23:00:00,0.0
2022-12-14 00:00:00,0.0
2022-12-14 01:00:00,0.0
2022-12-14 02:00:00,0.0
2022-12-14 03:00:00,0.0
2022-12-14 04:00:00,0.0
2022-12-14 05:00:00,0.0
2022-12-14 06:00:00,0.0
2022-12-14 07:00:00,2.193
2022-12-14 08:00:00,13.64
2022-12-14 09:00:00,25.22
2022-12-14 10:00:00,32.778
2022-12-14 11:00:00,36.662
2022-12-14 12:00:00,37.546
2022-12-14 13:00:00,35.422
2022-12-14 14:00:00,30.098
2022-12-14 15:00:00,21.439
2022-12-14 16:00:00,9.423
2022-12-14 17:00:00,0.105
2022-12-14 18:00:00,0.0
2022-12-14 19:00:00,0.0
2022-12-14 20:00:00,0.0
2022-12-14 21:00:00,0.0
2022-12-14 22:00:00,0.0
2022-12-14 23:00:00,0.0
2022-12-15 00:00:00,0.0
2022-12-15 01:00:00,0.0
2022-12-15 02:00:00,0.0
2022-12-15 03:00:00,0.0
2022-12-15 04:00:00,0.0
2022-12-15 05:00:00,0.0
2022-12-15 06:00:00,0.0
2022-12-15 07:00:00,2.78
2022-12-15 08:00:00,14.397
2022-12-15 09:00:00,25.105
2022-12-15 10:00:00,31.774
2022-12-15 11:00:00,33.65
2022-12-15 12:00:00,34.047
2022-12-15 13:00:00,29.59
2022-12-15 14:00:00,22.967
2022-12-15 15:00:00,14.209
2022-12-15 16:00:00,5.12
2022-12-15 17:00:00,0.002
2022-12-15 18:00:00,0.0
2022-12-15 19:00:00,0.0
2022-12-15 20:00:00,0.0
2022-12-15 21:00:00,0.0
2022-12-15 22:00:00,0.0
2022-12-15 23:00:00,0.0
2022-12-16 00:00:00,0.0
2022-12-16 01:00:00,0.0
2022-12-16 02:00:00,0.0
2022-12-16 03:00:00,0.0
2022-12-16 04:00:00,0.0
2022-12-16 05:00:00,0.0
2022-12-16 06:00:00,0.0
2022-12-16 07:00:00,0.513
2022-12-16 08:00:00,5.172
2022-12-16 09:00:00,12.791
2022-12-16 10:00:00,18.62
2022-12-16 11:00:00,20.741
2022-12-16 12:00:00,20.231
2022-12-16 13:00:00,17.648
2022-12-16 14:00:00,13.957
2022-12-16 15:00:00,7.078
2022-12-16 16:00:00,1.885
2022-12-16 17:00:00,0.0
2022-12-16 18:00:00,0.0
2022-12-16 19:00:00,0.0
2022-12-16 20:00:00,0.0
2022-12-16 21:00:00,0.0
2022-12-16 22:00:00,0.0
2022-12-16 23:00:00,0.0
2022-12-17 00:00:00,0.0
2022-12-17 01:00:00,0.0
2022-12-17 02:00:00,0.0
2022-12-17 03:00:00,0.0
2022-12-17 04:00:00,0.0
2022-12-17 05:00:00,0.0
2022-12-17 06:00:00,0.0
2022-12-17 07:00:00,0.626
2022-12-17 08:00:00,7.867
2022-12-17 09:00:00,20.937
2022-12-17 10:00:00,33.789
2022-12-17 11:00:00,39.098
2022-12-17 12:00:00,40.907
2022-12-17 13:00:00,39.237
2022-12-17 14:00:00,33.564
2022-12-17 15:00:00,24.876
2022-12-17 16:00:00,12.439
2022-12-17 17:00:00,0.224
2022-12-17 18:00:00,0.0
2022-12-17 19:00:00,0.0
2022-12-17 20:00:00,0.0
2022-12-17 21:00:00,0.0
2022-12-17 22:00:00,0.0
2022-12-17 23:00:00,0.0
2022-12-18 00:00:00,0.0
2022-12-18 01:00:00,0.0
2022-12-18 02:00:00,0.0
2022-12-18 03:00:00,0.0
2022-12-18 04:00:00,0.0
2022-12-18 05:00:00,0.0
2022-12-18 06:00:00,0.0
2022-12-18 07:00:00,4.412
2022-12-18 08:00:00,18.879
2022-12-18 09:00:00,30.06
2022-12-18 10:00:00,37.065
2022-12-18 11:00:00,40.684
2022-12-18 12:00:00,41.382
2022-12-18 13:00:00,39.158
2022-12-18 14:00:00,33.802
2022-12-18 15:00:00,25.025
2022-12-18 16:00:00,12.154
2022-12-18 17:00:00,0.169
2022-12-18 18:00:00,0.0
2022-12-18 19:00:00,0.0
2022-12-18 20:00:00,0.0
2022-12-18 21:00:00,0.0
2022-12-18 22:00:00,0.0
2022-12-18 23:00:00,0.0
2022-12-19 00:00:00,0.0
2022-12-19 01:00:00,0.0
2022-12-19 02:00:00,0.0
2022-12-19 03:00:00,0.0
2022-12-19 04:00:00,0.0
2022-12-19 05:00:00,0.0
2022-12-19 06:00:00,0.0
2022-12-19 07:00:00,3.441
2022-12-19 08:00:00,16.734
2022-12-19 09:00:00,28.006
2022-12-19 10:00:00,34.847
2022-12-19 11:00:00,38.61
2022-12-19 12:00:00,39.249
2022-12-19 13:00:00,37.055
2022-12-19 14:00:00,31.906
2022-12-19 15:00:00,23.474
2022-12-19 16:00:00,11.34
2022-12-19 17:00:00,0.169
2022-12-19 18:00:00,0.0
2022-12-19 19:00:00,0.0
2022-12-19 20:00:00,0.0
2022-12-19 21:00:00,0.0
2022-12-19 22:00:00,0.0
2022-12-19 23:00:00,0.0
2022-12-20 00:00:00,0.0
2022-12-20 01:00:00,0.0
2022-12-20 02:00:00,0.0
2022-12-20 03:00:00,0.0
2022-12-20 04:00:00,0.0
2022-12-20 05:00:00,0.0
2022-12-20 06:00:00,0.0
2022-12-20 07:00:00,2.879
2022-12-20 08:00:00,13.638
2022-12-20 09:00:00,20.05
2022-12-20 10:00:00,26.097
2022-12-20 11:00:00,27.972
2022-12-20 12:00:00,27.946
2022-12-20 13:00:00,24.49
2022-12-20 14:00:00,17.505
2022-12-20 15:00:00,10.668
2022-12-20 16:00:00,3.432
2022-12-20 17:00:00,0.0
2022-12-20 18:00:00,0.0
2022-12-20 19:00:00,0.0
2022-12-20 20:00:00,0.0
2022-12-20 21:00:00,0.0
2022-12-20 22:00:00,0.0
2022-12-20 23:00:00,0.0
2022-12-21 00:00:00,0.0
2022-12-21 01:00:00,0.0
2022-12-21 02:00:00,0.0
2022-12-21 03:00:00,0.0
2022-12-21 04:00:00,0.0
2022-12-21 05:00:00,0.0
2022-12-21 06:00:00,0.0
2022-12-21 07:00:00,1.378
2022-12-21 08:00:00,10.271
2022-12-21 09:00:00,21.259
2022-12-21 10:00:00,30.827
2022-12-21 11:00:00,34.793
2022-12-21 12:00:00,35.56
2022-12-21 13:00:00,33.493
2022-12-21 14:00:00,27.638
2022-12-21 15:00:00,18.898
2022-12-21 16:00:00,7.466
2022-12-21 17:00:00,0.045
2022-12-21 18:00:00,0.0
2022-12-21 19:00:00,0.0
2022-12-21 20:00:00,0.0
2022-12-21 21:00:00,0.0
2022-12-21 22:00:00,0.0
2022-12-21 23:00:00,0.0
2022-12-22 00:00:00,0.0
2022-12-22 01:00:00,0.0
2022-12-22 02:00:00,0.0
2022-12-22 03:00:00,0.0
2022-12-22 04:00:00,0.0
2022-12-22 05:00:00,0.0
2022-12-22 06:00:00,0.0
2022-12-22 07:00:00,2.24
2022-12-22 08:00:00,15.524
2022-12-22 09:00:00,27.689
2022-12-22 10:00:00,35.448
2022-12-22 11:00:00,39.564
2022-12-22 12:00:00,40.389
2022-12-22 13:00:00,38.354
2022-12-22 14:00:00,29.304
2022-12-22 15:00:00,20.568
2022-12-22 16:00:00,8.56
2022-12-22 17:00:00,0.069
2022-12-22 18:00:00,0.0
2022-12-22 19:00:00,0.0
2022-12-22 20:00:00,0.0
2022-12-22 21:00:00,0.0
2022-12-22 22:00:00,0.0
2022-12-22 23:00:00,0.0
2022-12-23 00:00:00,0.0
2022-12-23 01:00:00,0.0
2022-12-23 02:00:00,0.0
2022-12-23 03:00:00,0.0
2022-12-23 04:00:00,0.0
2022-12-23 05:00:00,0.0
2022-12-23 06:00:00,0.0
2022-12-23 07:00:00,3.705
2022-12-23 08:00:00,17.501
2022-12-23 09:00:00,28.458
2022-12-23 10:00:00,35.197
2022-12-23 11:00:00,38.672
2022-12-23 12:00:00,39.083
2022-12-23 13:00:00,36.63
2022-12-23 14:00:00,30.925
2022-12-23 15:00:00,22.174
2022-12-23 16:00:00,9.875
2022-12-23 17:00:00,0.109
2022-12-23 18:00:00,0.0
2022-12-23 19:00:00,0.0
2022-12-23 20:00:00,0.0
2022-12-23 21:00:00,0.0
2022-12-23 22:00:00,0.0
2022-12-23 23:00:00,0.0
2022-12-24 00:00:00,0.0
2022-12-24 01:00:00,0.0
2022-12-24 02:00:00,0.0
2022-12-24 03:00:00,0.0
2022-12-24 04:00:00,0.0
2022-12-24 05:00:00,0.0
2022-12-24 06:00:00,0.0
2022-12-24 07:00:00,2.461
2022-12-24 08:00:00,14.51
2022-12-24 09:00:00,25.682
2022-12-24 10:00:00,32.671
2022-12-24 11:00:00,37.469
2022-12-24 12:00:00,38.18
2022-12-24 13:00:00,35.969
2022-12-24 14:00:00,29.827
2022-12-24 15:00:00,20.892
2022-12-24 16:00:00,8.723
2022-12-24 17:00:00,0.077
2022-12-24 18:00:00,0.0
2022-12-24 19:00:00,0.0
2022-12-24 20:00:00,0.0
2022-12-24 21:00:00,0.0
2022-12-24 22:00:00,0.0
2022-12-24 23:00:00,0.0
2022-12-25 00:00:00,0.0
2022-12-25 01:00:00,0.0
2022-12-25 02:00:00,0.0
2022-12-25 03:00:00,0.0
2022-12-25 04:00:00,0.0
2022-12-25 05:00:00,0.0
2022-12-25 06:00:00,0.0
2022-12-25 07:00:00,2.186
2022-12-25 08:00:00,13.839
2022-12-25 09:00:00,25.087
2022-12-25 10:00:00,32.23
2022-12-25 11:00:00,36.483
2022-12-25 12:00:00,37.031
2022-12-25 13:00:00,34.525
2022-12-25 14:00:00,28.611
2022-12-25 15:00:00,19.543
2022-12-25 16:00:00,7.634
2022-12-25 17:00:00,0.048
2022-12-25 18:00:00,0.0
2022-12-25 19:00:00,0.0
2022-12-25 20:00:00,0.0
2022-12-25 21:00:00,0.0
2022-12-25 22:00:00,0.0
2022-12-25 23:00:00,0.0
2022-12-26 00:00:00,0.0
2022-12-26 01:00:00,0.0
2022-12-26 02:00:00,0.0
2022-12-26 03:00:00,0.0
2022-12-26 04:00:00,0.0
2022-12-26 05:00:00,0.0
2022-12-26 06:00:00,0.0
2022-12-26 07:00:00,0.771
2022-12-26 08:00:00,6.817
2022-12-26 09:00:00,14.925
2022-12-26 10:00:00,21.553
2022-12-26 11:00:00,25.024
2022-12-26 12:00:00,24.075
2022-12-26 13:00:00,21.813
2022-12-26 14:00:00,17.678
2022-12-26 15:00:00,11.515
2022-12-26 16:00:00,3.914
2022-12-26 17:00:00,0.0
2022-12-26 18:00:00,0.0
2022-12-26 19:00:00,0.0
2022-12-26 20:00:00,0.0
2022-12-26 21:00:00,0.0
2022-12-26 22:00:00,0.0
2022-12-26 23:00:00,0.0
2022-12-27 00:00:00,0.0
2022-12-27 01:00:00,0.0
2022-12-27 02:00:00,0.0
2022-12-27 03:00:00,0.0
2022-12-27 04:00:00,0.0
2022-12-27 05:00:00,0.0
2022-12-27 06:00:00,0.0
2022-12-27 07:00:00,0.879
2022-12-27 08:00:00,7.908
2022-12-27 09:00:00,16.494
2022-12-27 10:00:00,20.014
2022-12-27 11:00:00,19.347
2022-12-27 12:00:00,15.573
2022-12-27 13:00:00,12.365
2022-12-27 14:00:00,9.332
2022-12-27 15:00:00,5.033
2022-12-27 16:00:00,1.355
2022-12-27 17:00:00,0.0
2022-12-27 18:00:00,0.0
2022-12-27 19:00:00,0.0
2022-12-27 20:00:00,0.0
2022-12-27 21:00:00,0.0
2022-12-27 22:00:00,0.0
2022-12-27 23:00:00,0.0
2022-12-28 00:00:00,0.0
2022-12-28 01:00:00,0.0
2022-12-28 02:00:00,0.0
2022-12-28 03:00:00,0.0
2022-12-28 04:00:00,0.0
2022-12-28 05:00:00,0.0
2022-12-28 06:00:00,0.0
2022-12-28 07:00:00,0.236
2022-12-28 08:00:00,1.959
2022-12-28 09:00:00,3.054
2022-12-28 10:00:00,3.837
2022-12-28 11:00:00,6.503
2022-12-28 12:00:00,7.724
2022-12-28 13:00:00,5.807
2022-12-28 14:00:00,6.081
2022-12-28 15:00:00,3.36
2022-12-28 16:00:00,0.9490000000000001
2022-12-28 17:00:00,0.0
2022-12-28 18:00:00,0.0
2022-12-28 19:00:00,0.0
2022-12-28 20:00:00,0.0
2022-12-28 21:00:00,0.0
2022-12-28 22:00:00,0.0
2022-12-28 23:00:00,0.0
2022-12-29 00:00:00,0.0
2022-12-29 01:00:00,0.0
2022-12-29 02:00:00,0.0
2022-12-29 03:00:00,0.0
2022-12-29 04:00:00,0.0
2022-12-29 05:00:00,0.0
2022-12-29 06:00:00,0.0
2022-12-29 07:00:00,0.394
2022-12-29 08:00:00,4.919
2022-12-29 09:00:00,10.432
2022-12-29 10:00:00,13.815
2022-12-29 11:00:00,15.414
2022-12-29 12:00:00,15.181
2022-12-29 13:00:00,13.693
2022-12-29 14:00:00,11.804
2022-12-29 15:00:00,9.913
2022-12-29 16:00:00,5.596
2022-12-29 17:00:00,0.023
2022-12-29 18:00:00,0.0
2022-12-29 19:00:00,0.0
2022-12-29 20:00:00,0.0
2022-12-29 21:00:00,0.0
2022-12-29 22:00:00,0.0
2022-12-29 23:00:00,0.0
2022-12-30 00:00:00,0.0
2022-12-30 01:00:00,0.0
2022-12-30 02:00:00,0.0
2022-12-30 03:00:00,0.0
2022-12-30 04:00:00,0.0
2022-12-30 05:00:00,0.0
2022-12-30 06:00:00,0.0
2022-12-30 07:00:00,1.942
2022-12-30 08:00:00,14.308
2022-12-30 09:00:00,25.58
2022-12-30 10:00:00,33.001
2022-12-30 11:00:00,35.986
2022-12-30 12:00:00,36.906
2022-12-30 13:00:00,34.825
2022-12-30 14:00:00,29.131
2022-12-30 15:00:00,20.328
2022-12-30 16:00:00,8.355
2022-12-30 17:00:00,0.088
2022-12-30 18:00:00,0.0
2022-12-30 19:00:00,0.0
2022-12-30 20:00:00,0.0
2022-12-30 21:00:00,0.0
2022-12-30 22:00:00,0.0
2022-12-30 23:00:00,0.0
2022-12-31 00:00:00,0.0
2022-12-31 01:00:00,0.0
2022-12-31 02:00:00,0.0
2022-12-31 03:00:00,0.0
2022-12-31 04:00:00,0.0
2022-12-31 05:00:00,0.0
2022-12-31 06:00:00,0.0
2022-12-31 07:00:00,2.064
2022-12-31 08:00:00,12.807
2022-12-31 09:00:00,23.722
2022-12-31 10:00:00,30.85
2022-12-31 11:00:00,34.621
2022-12-31 12:00:00,35.085
2022-12-31 13:00:00,32.621
2022-12-31 14:00:00,25.244
2022-12-31 15:00:00,16.5
2022-12-31 16:00:00,5.764
2022-12-31 17:00:00,0.013
2022-12-31 18:00:00,0.0
2022-12-31 19:00:00,0.0
2022-12-31 20:00:00,0.0
2022-12-31 21:00:00,0.0
2022-12-31 22:00:00,0.0
2022-12-31 23:00:00,0.0
2023-01-01 00:00:00,0.0
2023-01-01 01:00:00,0.0
2023-01-01 02:00:00,0.0
2023-01-01 03:00:00,0.0
2023-01-01 04:00:00,0.0
2023-01-01 05:00:00,0.0
2023-01-01 06:00:00,0.0
2023-01-01 07:00:00,1.31
