time,electricity
2022-01-01 08:00:00,6.09
2022-01-01 09:00:00,22.528
2022-01-01 10:00:00,37.415
2022-01-01 11:00:00,44.362
2022-01-01 12:00:00,45.887
2022-01-01 13:00:00,42.712
2022-01-01 14:00:00,34.349
2022-01-01 15:00:00,21.317
2022-01-01 16:00:00,5.729
2022-01-01 17:00:00,0.0
2022-01-01 18:00:00,0.0
2022-01-01 19:00:00,0.0
2022-01-01 20:00:00,0.0
2022-01-01 21:00:00,0.0
2022-01-01 22:00:00,0.0
2022-01-01 23:00:00,0.0
2022-01-02 00:00:00,0.0
2022-01-02 01:00:00,0.0
2022-01-02 02:00:00,0.0
2022-01-02 03:00:00,0.0
2022-01-02 04:00:00,0.0
2022-01-02 05:00:00,0.0
2022-01-02 06:00:00,0.0
2022-01-02 07:00:00,0.593
2022-01-02 08:00:00,17.548
2022-01-02 09:00:00,34.566
2022-01-02 10:00:00,45.427
2022-01-02 11:00:00,50.079
2022-01-02 12:00:00,50.858
2022-01-02 13:00:00,46.456
2022-01-02 14:00:00,35.955
2022-01-02 15:00:00,19.251
2022-01-02 16:00:00,4.337
2022-01-02 17:00:00,0.0
2022-01-02 18:00:00,0.0
2022-01-02 19:00:00,0.0
2022-01-02 20:00:00,0.0
2022-01-02 21:00:00,0.0
2022-01-02 22:00:00,0.0
2022-01-02 23:00:00,0.0
2022-01-03 00:00:00,0.0
2022-01-03 01:00:00,0.0
2022-01-03 02:00:00,0.0
2022-01-03 03:00:00,0.0
2022-01-03 04:00:00,0.0
2022-01-03 05:00:00,0.0
2022-01-03 06:00:00,0.0
2022-01-03 07:00:00,0.039
2022-01-03 08:00:00,5.048
2022-01-03 09:00:00,17.44
2022-01-03 10:00:00,30.986
2022-01-03 11:00:00,37.217
2022-01-03 12:00:00,40.387
2022-01-03 13:00:00,38.425
2022-01-03 14:00:00,30.88
2022-01-03 15:00:00,18.881
2022-01-03 16:00:00,4.936
2022-01-03 17:00:00,0.0
2022-01-03 18:00:00,0.0
2022-01-03 19:00:00,0.0
2022-01-03 20:00:00,0.0
2022-01-03 21:00:00,0.0
2022-01-03 22:00:00,0.0
2022-01-03 23:00:00,0.0
2022-01-04 00:00:00,0.0
2022-01-04 01:00:00,0.0
2022-01-04 02:00:00,0.0
2022-01-04 03:00:00,0.0
2022-01-04 04:00:00,0.0
2022-01-04 05:00:00,0.0
2022-01-04 06:00:00,0.0
2022-01-04 07:00:00,0.256
2022-01-04 08:00:00,10.556
2022-01-04 09:00:00,24.913
2022-01-04 10:00:00,35.381
2022-01-04 11:00:00,38.232
2022-01-04 12:00:00,39.091
2022-01-04 13:00:00,35.355
2022-01-04 14:00:00,25.28
2022-01-04 15:00:00,12.612
2022-01-04 16:00:00,2.513
2022-01-04 17:00:00,0.0
2022-01-04 18:00:00,0.0
2022-01-04 19:00:00,0.0
2022-01-04 20:00:00,0.0
2022-01-04 21:00:00,0.0
2022-01-04 22:00:00,0.0
2022-01-04 23:00:00,0.0
2022-01-05 00:00:00,0.0
2022-01-05 01:00:00,0.0
2022-01-05 02:00:00,0.0
2022-01-05 03:00:00,0.0
2022-01-05 04:00:00,0.0
2022-01-05 05:00:00,0.0
2022-01-05 06:00:00,0.0
2022-01-05 07:00:00,0.0
2022-01-05 08:00:00,0.882
2022-01-05 09:00:00,3.375
2022-01-05 10:00:00,7.04
2022-01-05 11:00:00,12.051
2022-01-05 12:00:00,16.279
2022-01-05 13:00:00,17.707
2022-01-05 14:00:00,15.219
2022-01-05 15:00:00,8.215
2022-01-05 16:00:00,1.815
2022-01-05 17:00:00,0.0
2022-01-05 18:00:00,0.0
2022-01-05 19:00:00,0.0
2022-01-05 20:00:00,0.0
2022-01-05 21:00:00,0.0
2022-01-05 22:00:00,0.0
2022-01-05 23:00:00,0.0
2022-01-06 00:00:00,0.0
2022-01-06 01:00:00,0.0
2022-01-06 02:00:00,0.0
2022-01-06 03:00:00,0.0
2022-01-06 04:00:00,0.0
2022-01-06 05:00:00,0.0
2022-01-06 06:00:00,0.0
2022-01-06 07:00:00,0.056
2022-01-06 08:00:00,4.802
2022-01-06 09:00:00,13.749
2022-01-06 10:00:00,23.902
2022-01-06 11:00:00,30.206
2022-01-06 12:00:00,33.218
2022-01-06 13:00:00,32.136
2022-01-06 14:00:00,23.549
2022-01-06 15:00:00,13.011
2022-01-06 16:00:00,2.893
2022-01-06 17:00:00,0.0
2022-01-06 18:00:00,0.0
2022-01-06 19:00:00,0.0
2022-01-06 20:00:00,0.0
2022-01-06 21:00:00,0.0
2022-01-06 22:00:00,0.0
2022-01-06 23:00:00,0.0
2022-01-07 00:00:00,0.0
2022-01-07 01:00:00,0.0
2022-01-07 02:00:00,0.0
2022-01-07 03:00:00,0.0
2022-01-07 04:00:00,0.0
2022-01-07 05:00:00,0.0
2022-01-07 06:00:00,0.0
2022-01-07 07:00:00,0.112
2022-01-07 08:00:00,6.672
2022-01-07 09:00:00,17.94
2022-01-07 10:00:00,27.836
2022-01-07 11:00:00,33.287
2022-01-07 12:00:00,34.891
2022-01-07 13:00:00,31.935
2022-01-07 14:00:00,24.525
2022-01-07 15:00:00,13.699
2022-01-07 16:00:00,3.192
2022-01-07 17:00:00,0.0
2022-01-07 18:00:00,0.0
2022-01-07 19:00:00,0.0
2022-01-07 20:00:00,0.0
2022-01-07 21:00:00,0.0
2022-01-07 22:00:00,0.0
2022-01-07 23:00:00,0.0
2022-01-08 00:00:00,0.0
2022-01-08 01:00:00,0.0
2022-01-08 02:00:00,0.0
2022-01-08 03:00:00,0.0
2022-01-08 04:00:00,0.0
2022-01-08 05:00:00,0.0
2022-01-08 06:00:00,0.0
2022-01-08 07:00:00,0.115
2022-01-08 08:00:00,6.712
2022-01-08 09:00:00,18.745
2022-01-08 10:00:00,30.637
2022-01-08 11:00:00,35.535
2022-01-08 12:00:00,33.96
2022-01-08 13:00:00,25.894
2022-01-08 14:00:00,17.801
2022-01-08 15:00:00,9.269
2022-01-08 16:00:00,2.182
2022-01-08 17:00:00,0.0
2022-01-08 18:00:00,0.0
2022-01-08 19:00:00,0.0
2022-01-08 20:00:00,0.0
2022-01-08 21:00:00,0.0
2022-01-08 22:00:00,0.0
2022-01-08 23:00:00,0.0
2022-01-09 00:00:00,0.0
2022-01-09 01:00:00,0.0
2022-01-09 02:00:00,0.0
2022-01-09 03:00:00,0.0
2022-01-09 04:00:00,0.0
2022-01-09 05:00:00,0.0
2022-01-09 06:00:00,0.0
2022-01-09 07:00:00,0.151
2022-01-09 08:00:00,6.403
2022-01-09 09:00:00,16.111
2022-01-09 10:00:00,25.705
2022-01-09 11:00:00,34.081
2022-01-09 12:00:00,36.65
2022-01-09 13:00:00,33.064
2022-01-09 14:00:00,23.635
2022-01-09 15:00:00,11.032
2022-01-09 16:00:00,2.371
2022-01-09 17:00:00,0.0
2022-01-09 18:00:00,0.0
2022-01-09 19:00:00,0.0
2022-01-09 20:00:00,0.0
2022-01-09 21:00:00,0.0
2022-01-09 22:00:00,0.0
2022-01-09 23:00:00,0.0
2022-01-10 00:00:00,0.0
2022-01-10 01:00:00,0.0
2022-01-10 02:00:00,0.0
2022-01-10 03:00:00,0.0
2022-01-10 04:00:00,0.0
2022-01-10 05:00:00,0.0
2022-01-10 06:00:00,0.0
2022-01-10 07:00:00,0.0
2022-01-10 08:00:00,0.5700000000000001
2022-01-10 09:00:00,2.898
2022-01-10 10:00:00,6.978
2022-01-10 11:00:00,13.264
2022-01-10 12:00:00,27.256
2022-01-10 13:00:00,38.316
2022-01-10 14:00:00,32.872
2022-01-10 15:00:00,21.56
2022-01-10 16:00:00,6.404
2022-01-10 17:00:00,0.0
2022-01-10 18:00:00,0.0
2022-01-10 19:00:00,0.0
2022-01-10 20:00:00,0.0
2022-01-10 21:00:00,0.0
2022-01-10 22:00:00,0.0
2022-01-10 23:00:00,0.0
2022-01-11 00:00:00,0.0
2022-01-11 01:00:00,0.0
2022-01-11 02:00:00,0.0
2022-01-11 03:00:00,0.0
2022-01-11 04:00:00,0.0
2022-01-11 05:00:00,0.0
2022-01-11 06:00:00,0.0
2022-01-11 07:00:00,0.72
2022-01-11 08:00:00,16.945
2022-01-11 09:00:00,33.104
2022-01-11 10:00:00,43.52
2022-01-11 11:00:00,46.712
2022-01-11 12:00:00,47.301
2022-01-11 13:00:00,43.089
2022-01-11 14:00:00,27.455
2022-01-11 15:00:00,14.941
2022-01-11 16:00:00,3.372
2022-01-11 17:00:00,0.0
2022-01-11 18:00:00,0.0
2022-01-11 19:00:00,0.0
2022-01-11 20:00:00,0.0
2022-01-11 21:00:00,0.0
2022-01-11 22:00:00,0.0
2022-01-11 23:00:00,0.0
2022-01-12 00:00:00,0.0
2022-01-12 01:00:00,0.0
2022-01-12 02:00:00,0.0
2022-01-12 03:00:00,0.0
2022-01-12 04:00:00,0.0
2022-01-12 05:00:00,0.0
2022-01-12 06:00:00,0.0
2022-01-12 07:00:00,0.05
2022-01-12 08:00:00,3.667
2022-01-12 09:00:00,10.347
2022-01-12 10:00:00,19.296
2022-01-12 11:00:00,23.956
2022-01-12 12:00:00,24.497
2022-01-12 13:00:00,24.312
2022-01-12 14:00:00,20.338
2022-01-12 15:00:00,13.068
2022-01-12 16:00:00,4.252
2022-01-12 17:00:00,0.0
2022-01-12 18:00:00,0.0
2022-01-12 19:00:00,0.0
2022-01-12 20:00:00,0.0
2022-01-12 21:00:00,0.0
2022-01-12 22:00:00,0.0
2022-01-12 23:00:00,0.0
2022-01-13 00:00:00,0.0
2022-01-13 01:00:00,0.0
2022-01-13 02:00:00,0.0
2022-01-13 03:00:00,0.0
2022-01-13 04:00:00,0.0
2022-01-13 05:00:00,0.0
2022-01-13 06:00:00,0.0
2022-01-13 07:00:00,1.238
2022-01-13 08:00:00,21.903
2022-01-13 09:00:00,38.254
2022-01-13 10:00:00,48.515
2022-01-13 11:00:00,54.18
2022-01-13 12:00:00,55.132
2022-01-13 13:00:00,51.678
2022-01-13 14:00:00,42.547
2022-01-13 15:00:00,28.905
2022-01-13 16:00:00,10.152
2022-01-13 17:00:00,0.0
2022-01-13 18:00:00,0.0
2022-01-13 19:00:00,0.0
2022-01-13 20:00:00,0.0
2022-01-13 21:00:00,0.0
2022-01-13 22:00:00,0.0
2022-01-13 23:00:00,0.0
2022-01-14 00:00:00,0.0
2022-01-14 01:00:00,0.0
2022-01-14 02:00:00,0.0
2022-01-14 03:00:00,0.0
2022-01-14 04:00:00,0.0
2022-01-14 05:00:00,0.0
2022-01-14 06:00:00,0.0
2022-01-14 07:00:00,0.648
2022-01-14 08:00:00,12.469
2022-01-14 09:00:00,26.295
2022-01-14 10:00:00,36.368
2022-01-14 11:00:00,39.598
2022-01-14 12:00:00,39.009
2022-01-14 13:00:00,36.065
2022-01-14 14:00:00,31.586
2022-01-14 15:00:00,20.426
2022-01-14 16:00:00,5.695
2022-01-14 17:00:00,0.0
2022-01-14 18:00:00,0.0
2022-01-14 19:00:00,0.0
2022-01-14 20:00:00,0.0
2022-01-14 21:00:00,0.0
2022-01-14 22:00:00,0.0
2022-01-14 23:00:00,0.0
2022-01-15 00:00:00,0.0
2022-01-15 01:00:00,0.0
2022-01-15 02:00:00,0.0
2022-01-15 03:00:00,0.0
2022-01-15 04:00:00,0.0
2022-01-15 05:00:00,0.0
2022-01-15 06:00:00,0.0
2022-01-15 07:00:00,0.39
2022-01-15 08:00:00,10.127
2022-01-15 09:00:00,25.954
2022-01-15 10:00:00,38.468
2022-01-15 11:00:00,47.317
2022-01-15 12:00:00,48.692
2022-01-15 13:00:00,45.708
2022-01-15 14:00:00,37.083
2022-01-15 15:00:00,24.322
2022-01-15 16:00:00,7.66
2022-01-15 17:00:00,0.0
2022-01-15 18:00:00,0.0
2022-01-15 19:00:00,0.0
2022-01-15 20:00:00,0.0
2022-01-15 21:00:00,0.0
2022-01-15 22:00:00,0.0
2022-01-15 23:00:00,0.0
2022-01-16 00:00:00,0.0
2022-01-16 01:00:00,0.0
2022-01-16 02:00:00,0.0
2022-01-16 03:00:00,0.0
2022-01-16 04:00:00,0.0
2022-01-16 05:00:00,0.0
2022-01-16 06:00:00,0.0
2022-01-16 07:00:00,1.31
2022-01-16 08:00:00,19.006
2022-01-16 09:00:00,34.758
2022-01-16 10:00:00,44.377
2022-01-16 11:00:00,48.46
2022-01-16 12:00:00,49.345
2022-01-16 13:00:00,45.453
2022-01-16 14:00:00,38.249
2022-01-16 15:00:00,24.864
2022-01-16 16:00:00,7.469
2022-01-16 17:00:00,0.0
2022-01-16 18:00:00,0.0
2022-01-16 19:00:00,0.0
2022-01-16 20:00:00,0.0
2022-01-16 21:00:00,0.0
2022-01-16 22:00:00,0.0
2022-01-16 23:00:00,0.0
2022-01-17 00:00:00,0.0
2022-01-17 01:00:00,0.0
2022-01-17 02:00:00,0.0
2022-01-17 03:00:00,0.0
2022-01-17 04:00:00,0.0
2022-01-17 05:00:00,0.0
2022-01-17 06:00:00,0.0
2022-01-17 07:00:00,0.873
2022-01-17 08:00:00,16.477
2022-01-17 09:00:00,33.604
2022-01-17 10:00:00,45.011
2022-01-17 11:00:00,51.469
2022-01-17 12:00:00,52.781
2022-01-17 13:00:00,49.589
2022-01-17 14:00:00,40.765
2022-01-17 15:00:00,27.546
2022-01-17 16:00:00,9.711
2022-01-17 17:00:00,0.0
2022-01-17 18:00:00,0.0
2022-01-17 19:00:00,0.0
2022-01-17 20:00:00,0.0
2022-01-17 21:00:00,0.0
2022-01-17 22:00:00,0.0
2022-01-17 23:00:00,0.0
2022-01-18 00:00:00,0.0
2022-01-18 01:00:00,0.0
2022-01-18 02:00:00,0.0
2022-01-18 03:00:00,0.0
2022-01-18 04:00:00,0.0
2022-01-18 05:00:00,0.0
2022-01-18 06:00:00,0.0
2022-01-18 07:00:00,0.761
2022-01-18 08:00:00,13.492
2022-01-18 09:00:00,29.831
2022-01-18 10:00:00,40.976
2022-01-18 11:00:00,45.866
2022-01-18 12:00:00,47.267
2022-01-18 13:00:00,44.147
2022-01-18 14:00:00,36.147
2022-01-18 15:00:00,23.227
2022-01-18 16:00:00,7.182
2022-01-18 17:00:00,0.0
2022-01-18 18:00:00,0.0
2022-01-18 19:00:00,0.0
2022-01-18 20:00:00,0.0
2022-01-18 21:00:00,0.0
2022-01-18 22:00:00,0.0
2022-01-18 23:00:00,0.0
2022-01-19 00:00:00,0.0
2022-01-19 01:00:00,0.0
2022-01-19 02:00:00,0.0
2022-01-19 03:00:00,0.0
2022-01-19 04:00:00,0.0
2022-01-19 05:00:00,0.0
2022-01-19 06:00:00,0.0
2022-01-19 07:00:00,0.203
2022-01-19 08:00:00,4.413
2022-01-19 09:00:00,10.89
2022-01-19 10:00:00,16.545
2022-01-19 11:00:00,20.05
2022-01-19 12:00:00,18.408
2022-01-19 13:00:00,15.287
2022-01-19 14:00:00,10.7
2022-01-19 15:00:00,5.855
2022-01-19 16:00:00,1.538
2022-01-19 17:00:00,0.0
2022-01-19 18:00:00,0.0
2022-01-19 19:00:00,0.0
2022-01-19 20:00:00,0.0
2022-01-19 21:00:00,0.0
2022-01-19 22:00:00,0.0
2022-01-19 23:00:00,0.0
2022-01-20 00:00:00,0.0
2022-01-20 01:00:00,0.0
2022-01-20 02:00:00,0.0
2022-01-20 03:00:00,0.0
2022-01-20 04:00:00,0.0
2022-01-20 05:00:00,0.0
2022-01-20 06:00:00,0.0
2022-01-20 07:00:00,0.372
2022-01-20 08:00:00,8.509
2022-01-20 09:00:00,21.975
2022-01-20 10:00:00,35.035
2022-01-20 11:00:00,43.063
2022-01-20 12:00:00,44.398
2022-01-20 13:00:00,39.789
2022-01-20 14:00:00,29.225
2022-01-20 15:00:00,14.642
2022-01-20 16:00:00,3.517
2022-01-20 17:00:00,0.0
2022-01-20 18:00:00,0.0
2022-01-20 19:00:00,0.0
2022-01-20 20:00:00,0.0
2022-01-20 21:00:00,0.0
2022-01-20 22:00:00,0.0
2022-01-20 23:00:00,0.0
2022-01-21 00:00:00,0.0
2022-01-21 01:00:00,0.0
2022-01-21 02:00:00,0.0
2022-01-21 03:00:00,0.0
2022-01-21 04:00:00,0.0
2022-01-21 05:00:00,0.0
2022-01-21 06:00:00,0.0
2022-01-21 07:00:00,0.438
2022-01-21 08:00:00,5.781
2022-01-21 09:00:00,12.665
2022-01-21 10:00:00,19.189
2022-01-21 11:00:00,21.643
2022-01-21 12:00:00,19.409
2022-01-21 13:00:00,12.792
2022-01-21 14:00:00,6.396
2022-01-21 15:00:00,2.822
2022-01-21 16:00:00,0.8140000000000001
2022-01-21 17:00:00,0.0
2022-01-21 18:00:00,0.0
2022-01-21 19:00:00,0.0
2022-01-21 20:00:00,0.0
2022-01-21 21:00:00,0.0
2022-01-21 22:00:00,0.0
2022-01-21 23:00:00,0.0
2022-01-22 00:00:00,0.0
2022-01-22 01:00:00,0.0
2022-01-22 02:00:00,0.0
2022-01-22 03:00:00,0.0
2022-01-22 04:00:00,0.0
2022-01-22 05:00:00,0.0
2022-01-22 06:00:00,0.0
2022-01-22 07:00:00,0.116
2022-01-22 08:00:00,3.857
2022-01-22 09:00:00,10.663
2022-01-22 10:00:00,17.681
2022-01-22 11:00:00,20.894
2022-01-22 12:00:00,20.452
2022-01-22 13:00:00,17.835
2022-01-22 14:00:00,14.974
2022-01-22 15:00:00,9.227
2022-01-22 16:00:00,2.736
2022-01-22 17:00:00,0.0
2022-01-22 18:00:00,0.0
2022-01-22 19:00:00,0.0
2022-01-22 20:00:00,0.0
2022-01-22 21:00:00,0.0
2022-01-22 22:00:00,0.0
2022-01-22 23:00:00,0.0
2022-01-23 00:00:00,0.0
2022-01-23 01:00:00,0.0
2022-01-23 02:00:00,0.0
2022-01-23 03:00:00,0.0
2022-01-23 04:00:00,0.0
2022-01-23 05:00:00,0.0
2022-01-23 06:00:00,0.0
2022-01-23 07:00:00,0.346
2022-01-23 08:00:00,6.749
2022-01-23 09:00:00,17.358
2022-01-23 10:00:00,25.504
2022-01-23 11:00:00,23.55
2022-01-23 12:00:00,21.647
2022-01-23 13:00:00,18.785
2022-01-23 14:00:00,11.465
2022-01-23 15:00:00,6.162
2022-01-23 16:00:00,1.875
2022-01-23 17:00:00,0.0
2022-01-23 18:00:00,0.0
2022-01-23 19:00:00,0.0
2022-01-23 20:00:00,0.0
2022-01-23 21:00:00,0.0
2022-01-23 22:00:00,0.0
2022-01-23 23:00:00,0.0
2022-01-24 00:00:00,0.0
2022-01-24 01:00:00,0.0
2022-01-24 02:00:00,0.0
2022-01-24 03:00:00,0.0
2022-01-24 04:00:00,0.0
2022-01-24 05:00:00,0.0
2022-01-24 06:00:00,0.0
2022-01-24 07:00:00,0.249
2022-01-24 08:00:00,4.895
2022-01-24 09:00:00,11.299
2022-01-24 10:00:00,18.033
2022-01-24 11:00:00,22.802
2022-01-24 12:00:00,26.891
2022-01-24 13:00:00,27.187
2022-01-24 14:00:00,22.697
2022-01-24 15:00:00,13.943
2022-01-24 16:00:00,4.446
2022-01-24 17:00:00,0.0
2022-01-24 18:00:00,0.0
2022-01-24 19:00:00,0.0
2022-01-24 20:00:00,0.0
2022-01-24 21:00:00,0.0
2022-01-24 22:00:00,0.0
2022-01-24 23:00:00,0.0
2022-01-25 00:00:00,0.0
2022-01-25 01:00:00,0.0
2022-01-25 02:00:00,0.0
2022-01-25 03:00:00,0.0
2022-01-25 04:00:00,0.0
2022-01-25 05:00:00,0.0
2022-01-25 06:00:00,0.0
2022-01-25 07:00:00,0.517
2022-01-25 08:00:00,8.414
2022-01-25 09:00:00,21.039
2022-01-25 10:00:00,32.825
2022-01-25 11:00:00,39.937
2022-01-25 12:00:00,42.45
2022-01-25 13:00:00,40.137
2022-01-25 14:00:00,32.911
2022-01-25 15:00:00,20.892
2022-01-25 16:00:00,6.885
2022-01-25 17:00:00,0.0
2022-01-25 18:00:00,0.0
2022-01-25 19:00:00,0.0
2022-01-25 20:00:00,0.0
2022-01-25 21:00:00,0.0
2022-01-25 22:00:00,0.0
2022-01-25 23:00:00,0.0
2022-01-26 00:00:00,0.0
2022-01-26 01:00:00,0.0
2022-01-26 02:00:00,0.0
2022-01-26 03:00:00,0.0
2022-01-26 04:00:00,0.0
2022-01-26 05:00:00,0.0
2022-01-26 06:00:00,0.0
2022-01-26 07:00:00,1.503
2022-01-26 08:00:00,9.62
2022-01-26 09:00:00,19.021
2022-01-26 10:00:00,26.51
2022-01-26 11:00:00,29.411
2022-01-26 12:00:00,23.928
2022-01-26 13:00:00,19.988
2022-01-26 14:00:00,14.053
2022-01-26 15:00:00,9.347
2022-01-26 16:00:00,3.491
2022-01-26 17:00:00,0.0
2022-01-26 18:00:00,0.0
2022-01-26 19:00:00,0.0
2022-01-26 20:00:00,0.0
2022-01-26 21:00:00,0.0
2022-01-26 22:00:00,0.0
2022-01-26 23:00:00,0.0
2022-01-27 00:00:00,0.0
2022-01-27 01:00:00,0.0
2022-01-27 02:00:00,0.0
2022-01-27 03:00:00,0.0
2022-01-27 04:00:00,0.0
2022-01-27 05:00:00,0.0
2022-01-27 06:00:00,0.0
2022-01-27 07:00:00,0.862
2022-01-27 08:00:00,10.569
2022-01-27 09:00:00,21.903
2022-01-27 10:00:00,30.677
2022-01-27 11:00:00,43.225
2022-01-27 12:00:00,45.372
2022-01-27 13:00:00,41.061
2022-01-27 14:00:00,30.814
2022-01-27 15:00:00,16.43
2022-01-27 16:00:00,2.815
2022-01-27 17:00:00,0.0
2022-01-27 18:00:00,0.0
2022-01-27 19:00:00,0.0
2022-01-27 20:00:00,0.0
2022-01-27 21:00:00,0.0
2022-01-27 22:00:00,0.0
2022-01-27 23:00:00,0.0
2022-01-28 00:00:00,0.0
2022-01-28 01:00:00,0.0
2022-01-28 02:00:00,0.0
2022-01-28 03:00:00,0.0
2022-01-28 04:00:00,0.0
2022-01-28 05:00:00,0.0
2022-01-28 06:00:00,0.0
2022-01-28 07:00:00,1.592
2022-01-28 08:00:00,13.754
2022-01-28 09:00:00,23.181
2022-01-28 10:00:00,29.665
2022-01-28 11:00:00,31.871
2022-01-28 12:00:00,31.391
2022-01-28 13:00:00,12.199
2022-01-28 14:00:00,7.349
2022-01-28 15:00:00,4.849
2022-01-28 16:00:00,2.267
2022-01-28 17:00:00,0.0
2022-01-28 18:00:00,0.0
2022-01-28 19:00:00,0.0
2022-01-28 20:00:00,0.0
2022-01-28 21:00:00,0.0
2022-01-28 22:00:00,0.0
2022-01-28 23:00:00,0.0
2022-01-29 00:00:00,0.0
2022-01-29 01:00:00,0.0
2022-01-29 02:00:00,0.0
2022-01-29 03:00:00,0.0
2022-01-29 04:00:00,0.0
2022-01-29 05:00:00,0.0
2022-01-29 06:00:00,0.0
2022-01-29 07:00:00,1.256
2022-01-29 08:00:00,13.785
2022-01-29 09:00:00,28.101
2022-01-29 10:00:00,38.892
2022-01-29 11:00:00,45.378
2022-01-29 12:00:00,46.7
2022-01-29 13:00:00,43.336
2022-01-29 14:00:00,33.838
2022-01-29 15:00:00,21.565
2022-01-29 16:00:00,7.272
2022-01-29 17:00:00,0.016
2022-01-29 18:00:00,0.0
2022-01-29 19:00:00,0.0
2022-01-29 20:00:00,0.0
2022-01-29 21:00:00,0.0
2022-01-29 22:00:00,0.0
2022-01-29 23:00:00,0.0
2022-01-30 00:00:00,0.0
2022-01-30 01:00:00,0.0
2022-01-30 02:00:00,0.0
2022-01-30 03:00:00,0.0
2022-01-30 04:00:00,0.0
2022-01-30 05:00:00,0.0
2022-01-30 06:00:00,0.0
2022-01-30 07:00:00,1.285
2022-01-30 08:00:00,12.026
2022-01-30 09:00:00,24.877
2022-01-30 10:00:00,34.354
2022-01-30 11:00:00,31.682
2022-01-30 12:00:00,32.774
2022-01-30 13:00:00,30.123
2022-01-30 14:00:00,23.863
2022-01-30 15:00:00,14.98
2022-01-30 16:00:00,5.042
2022-01-30 17:00:00,0.0
2022-01-30 18:00:00,0.0
2022-01-30 19:00:00,0.0
2022-01-30 20:00:00,0.0
2022-01-30 21:00:00,0.0
2022-01-30 22:00:00,0.0
2022-01-30 23:00:00,0.0
2022-01-31 00:00:00,0.0
2022-01-31 01:00:00,0.0
2022-01-31 02:00:00,0.0
2022-01-31 03:00:00,0.0
2022-01-31 04:00:00,0.0
2022-01-31 05:00:00,0.0
2022-01-31 06:00:00,0.0
2022-01-31 07:00:00,3.552
2022-01-31 08:00:00,24.113
2022-01-31 09:00:00,39.738
2022-01-31 10:00:00,49.908
2022-01-31 11:00:00,55.228
2022-01-31 12:00:00,56.344
2022-01-31 13:00:00,53.05
2022-01-31 14:00:00,45.047
2022-01-31 15:00:00,31.893
2022-01-31 16:00:00,13.678
2022-01-31 17:00:00,0.296
2022-01-31 18:00:00,0.0
2022-01-31 19:00:00,0.0
2022-01-31 20:00:00,0.0
2022-01-31 21:00:00,0.0
2022-01-31 22:00:00,0.0
2022-01-31 23:00:00,0.0
2022-02-01 00:00:00,0.0
2022-02-01 01:00:00,0.0
2022-02-01 02:00:00,0.0
2022-02-01 03:00:00,0.0
2022-02-01 04:00:00,0.0
2022-02-01 05:00:00,0.0
2022-02-01 06:00:00,0.0
2022-02-01 07:00:00,4.777
2022-02-01 08:00:00,25.449
2022-02-01 09:00:00,41.148
2022-02-01 10:00:00,51.409
2022-02-01 11:00:00,56.722
2022-02-01 12:00:00,57.549
2022-02-01 13:00:00,53.989
2022-02-01 14:00:00,45.768
2022-02-01 15:00:00,32.372
2022-02-01 16:00:00,13.6
2022-02-01 17:00:00,0.301
2022-02-01 18:00:00,0.0
2022-02-01 19:00:00,0.0
2022-02-01 20:00:00,0.0
2022-02-01 21:00:00,0.0
2022-02-01 22:00:00,0.0
2022-02-01 23:00:00,0.0
2022-02-02 00:00:00,0.0
2022-02-02 01:00:00,0.0
2022-02-02 02:00:00,0.0
2022-02-02 03:00:00,0.0
2022-02-02 04:00:00,0.0
2022-02-02 05:00:00,0.0
2022-02-02 06:00:00,0.0
2022-02-02 07:00:00,2.751
2022-02-02 08:00:00,18.27
2022-02-02 09:00:00,33.571
2022-02-02 10:00:00,44.0
2022-02-02 11:00:00,50.942
2022-02-02 12:00:00,51.986
2022-02-02 13:00:00,48.488
2022-02-02 14:00:00,39.94
2022-02-02 15:00:00,26.699
2022-02-02 16:00:00,9.932
2022-02-02 17:00:00,0.196
2022-02-02 18:00:00,0.0
2022-02-02 19:00:00,0.0
2022-02-02 20:00:00,0.0
2022-02-02 21:00:00,0.0
2022-02-02 22:00:00,0.0
2022-02-02 23:00:00,0.0
2022-02-03 00:00:00,0.0
2022-02-03 01:00:00,0.0
2022-02-03 02:00:00,0.0
2022-02-03 03:00:00,0.0
2022-02-03 04:00:00,0.0
2022-02-03 05:00:00,0.0
2022-02-03 06:00:00,0.0
2022-02-03 07:00:00,2.129
2022-02-03 08:00:00,15.167
2022-02-03 09:00:00,29.509
2022-02-03 10:00:00,39.776
2022-02-03 11:00:00,43.632
2022-02-03 12:00:00,44.488
2022-02-03 13:00:00,39.398
2022-02-03 14:00:00,29.754
2022-02-03 15:00:00,18.983
2022-02-03 16:00:00,6.646
2022-02-03 17:00:00,0.084
2022-02-03 18:00:00,0.0
2022-02-03 19:00:00,0.0
2022-02-03 20:00:00,0.0
2022-02-03 21:00:00,0.0
2022-02-03 22:00:00,0.0
2022-02-03 23:00:00,0.0
2022-02-04 00:00:00,0.0
2022-02-04 01:00:00,0.0
2022-02-04 02:00:00,0.0
2022-02-04 03:00:00,0.0
2022-02-04 04:00:00,0.0
2022-02-04 05:00:00,0.0
2022-02-04 06:00:00,0.0
2022-02-04 07:00:00,2.204
2022-02-04 08:00:00,20.051
2022-02-04 09:00:00,38.25
2022-02-04 10:00:00,50.069
2022-02-04 11:00:00,55.201
2022-02-04 12:00:00,56.412
2022-02-04 13:00:00,52.927
2022-02-04 14:00:00,44.611
2022-02-04 15:00:00,31.039
2022-02-04 16:00:00,12.844
2022-02-04 17:00:00,0.428
2022-02-04 18:00:00,0.0
2022-02-04 19:00:00,0.0
2022-02-04 20:00:00,0.0
2022-02-04 21:00:00,0.0
2022-02-04 22:00:00,0.0
2022-02-04 23:00:00,0.0
2022-02-05 00:00:00,0.0
2022-02-05 01:00:00,0.0
2022-02-05 02:00:00,0.0
2022-02-05 03:00:00,0.0
2022-02-05 04:00:00,0.0
2022-02-05 05:00:00,0.0
2022-02-05 06:00:00,0.0
2022-02-05 07:00:00,4.43
2022-02-05 08:00:00,23.099
2022-02-05 09:00:00,38.964
2022-02-05 10:00:00,42.628
2022-02-05 11:00:00,46.129
2022-02-05 12:00:00,50.258
2022-02-05 13:00:00,51.627
2022-02-05 14:00:00,43.383
2022-02-05 15:00:00,28.337
2022-02-05 16:00:00,11.793
2022-02-05 17:00:00,0.442
2022-02-05 18:00:00,0.0
2022-02-05 19:00:00,0.0
2022-02-05 20:00:00,0.0
2022-02-05 21:00:00,0.0
2022-02-05 22:00:00,0.0
2022-02-05 23:00:00,0.0
2022-02-06 00:00:00,0.0
2022-02-06 01:00:00,0.0
2022-02-06 02:00:00,0.0
2022-02-06 03:00:00,0.0
2022-02-06 04:00:00,0.0
2022-02-06 05:00:00,0.0
2022-02-06 06:00:00,0.0
2022-02-06 07:00:00,0.484
2022-02-06 08:00:00,2.954
2022-02-06 09:00:00,6.891
2022-02-06 10:00:00,12.715
2022-02-06 11:00:00,18.319
2022-02-06 12:00:00,18.693
2022-02-06 13:00:00,21.461
2022-02-06 14:00:00,22.561
2022-02-06 15:00:00,16.322
2022-02-06 16:00:00,8.42
2022-02-06 17:00:00,0.33
2022-02-06 18:00:00,0.0
2022-02-06 19:00:00,0.0
2022-02-06 20:00:00,0.0
2022-02-06 21:00:00,0.0
2022-02-06 22:00:00,0.0
2022-02-06 23:00:00,0.0
2022-02-07 00:00:00,0.0
2022-02-07 01:00:00,0.0
2022-02-07 02:00:00,0.0
2022-02-07 03:00:00,0.0
2022-02-07 04:00:00,0.0
2022-02-07 05:00:00,0.0
2022-02-07 06:00:00,0.0
2022-02-07 07:00:00,1.404
2022-02-07 08:00:00,9.289
2022-02-07 09:00:00,19.674
2022-02-07 10:00:00,27.238
2022-02-07 11:00:00,32.604
2022-02-07 12:00:00,35.087
2022-02-07 13:00:00,36.947
2022-02-07 14:00:00,33.119
2022-02-07 15:00:00,23.964
2022-02-07 16:00:00,8.461
2022-02-07 17:00:00,0.244
2022-02-07 18:00:00,0.0
2022-02-07 19:00:00,0.0
2022-02-07 20:00:00,0.0
2022-02-07 21:00:00,0.0
2022-02-07 22:00:00,0.0
2022-02-07 23:00:00,0.0
2022-02-08 00:00:00,0.0
2022-02-08 01:00:00,0.0
2022-02-08 02:00:00,0.0
2022-02-08 03:00:00,0.0
2022-02-08 04:00:00,0.0
2022-02-08 05:00:00,0.0
2022-02-08 06:00:00,0.0
2022-02-08 07:00:00,2.62
2022-02-08 08:00:00,15.66
2022-02-08 09:00:00,29.808
2022-02-08 10:00:00,39.955
2022-02-08 11:00:00,43.372
2022-02-08 12:00:00,43.525
2022-02-08 13:00:00,37.834
2022-02-08 14:00:00,28.967
2022-02-08 15:00:00,17.253
2022-02-08 16:00:00,5.958
2022-02-08 17:00:00,0.213
2022-02-08 18:00:00,0.0
2022-02-08 19:00:00,0.0
2022-02-08 20:00:00,0.0
2022-02-08 21:00:00,0.0
2022-02-08 22:00:00,0.0
2022-02-08 23:00:00,0.0
2022-02-09 00:00:00,0.0
2022-02-09 01:00:00,0.0
2022-02-09 02:00:00,0.0
2022-02-09 03:00:00,0.0
2022-02-09 04:00:00,0.0
2022-02-09 05:00:00,0.0
2022-02-09 06:00:00,0.0
2022-02-09 07:00:00,1.945
2022-02-09 08:00:00,12.848
2022-02-09 09:00:00,27.075
2022-02-09 10:00:00,37.087
2022-02-09 11:00:00,42.429
2022-02-09 12:00:00,43.364
2022-02-09 13:00:00,39.832
2022-02-09 14:00:00,29.917
2022-02-09 15:00:00,18.302
2022-02-09 16:00:00,6.476
2022-02-09 17:00:00,0.252
2022-02-09 18:00:00,0.0
2022-02-09 19:00:00,0.0
2022-02-09 20:00:00,0.0
2022-02-09 21:00:00,0.0
2022-02-09 22:00:00,0.0
2022-02-09 23:00:00,0.0
2022-02-10 00:00:00,0.0
2022-02-10 01:00:00,0.0
2022-02-10 02:00:00,0.0
2022-02-10 03:00:00,0.0
2022-02-10 04:00:00,0.0
2022-02-10 05:00:00,0.0
2022-02-10 06:00:00,0.0
2022-02-10 07:00:00,2.785
2022-02-10 08:00:00,15.662
2022-02-10 09:00:00,31.532
2022-02-10 10:00:00,41.589
2022-02-10 11:00:00,42.098
2022-02-10 12:00:00,37.378
2022-02-10 13:00:00,28.204
2022-02-10 14:00:00,13.513
2022-02-10 15:00:00,8.597
2022-02-10 16:00:00,4.751
2022-02-10 17:00:00,0.207
2022-02-10 18:00:00,0.0
2022-02-10 19:00:00,0.0
2022-02-10 20:00:00,0.0
2022-02-10 21:00:00,0.0
2022-02-10 22:00:00,0.0
2022-02-10 23:00:00,0.0
2022-02-11 00:00:00,0.0
2022-02-11 01:00:00,0.0
2022-02-11 02:00:00,0.0
2022-02-11 03:00:00,0.0
2022-02-11 04:00:00,0.0
2022-02-11 05:00:00,0.0
2022-02-11 06:00:00,0.0
2022-02-11 07:00:00,1.883
2022-02-11 08:00:00,8.327
2022-02-11 09:00:00,13.003
2022-02-11 10:00:00,12.432
2022-02-11 11:00:00,12.056
2022-02-11 12:00:00,12.452
2022-02-11 13:00:00,16.004
2022-02-11 14:00:00,14.489
2022-02-11 15:00:00,7.898
2022-02-11 16:00:00,2.946
2022-02-11 17:00:00,0.058
2022-02-11 18:00:00,0.0
2022-02-11 19:00:00,0.0
2022-02-11 20:00:00,0.0
2022-02-11 21:00:00,0.0
2022-02-11 22:00:00,0.0
2022-02-11 23:00:00,0.0
2022-02-12 00:00:00,0.0
2022-02-12 01:00:00,0.0
2022-02-12 02:00:00,0.0
2022-02-12 03:00:00,0.0
2022-02-12 04:00:00,0.0
2022-02-12 05:00:00,0.0
2022-02-12 06:00:00,0.0
2022-02-12 07:00:00,1.197
2022-02-12 08:00:00,6.662
2022-02-12 09:00:00,15.19
2022-02-12 10:00:00,25.561
2022-02-12 11:00:00,27.98
2022-02-12 12:00:00,26.123
2022-02-12 13:00:00,23.205
2022-02-12 14:00:00,18.637
2022-02-12 15:00:00,11.26
2022-02-12 16:00:00,3.86
2022-02-12 17:00:00,0.053
2022-02-12 18:00:00,0.0
2022-02-12 19:00:00,0.0
2022-02-12 20:00:00,0.0
2022-02-12 21:00:00,0.0
2022-02-12 22:00:00,0.0
2022-02-12 23:00:00,0.0
2022-02-13 00:00:00,0.0
2022-02-13 01:00:00,0.0
2022-02-13 02:00:00,0.0
2022-02-13 03:00:00,0.0
2022-02-13 04:00:00,0.0
2022-02-13 05:00:00,0.0
2022-02-13 06:00:00,0.0
2022-02-13 07:00:00,0.543
2022-02-13 08:00:00,4.515
2022-02-13 09:00:00,10.64
2022-02-13 10:00:00,15.49
2022-02-13 11:00:00,21.255
2022-02-13 12:00:00,22.931
2022-02-13 13:00:00,20.642
2022-02-13 14:00:00,16.017
2022-02-13 15:00:00,10.561
2022-02-13 16:00:00,4.164
2022-02-13 17:00:00,0.168
2022-02-13 18:00:00,0.0
2022-02-13 19:00:00,0.0
2022-02-13 20:00:00,0.0
2022-02-13 21:00:00,0.0
2022-02-13 22:00:00,0.0
2022-02-13 23:00:00,0.0
2022-02-14 00:00:00,0.0
2022-02-14 01:00:00,0.0
2022-02-14 02:00:00,0.0
2022-02-14 03:00:00,0.0
2022-02-14 04:00:00,0.0
2022-02-14 05:00:00,0.0
2022-02-14 06:00:00,0.0
2022-02-14 07:00:00,4.169
2022-02-14 08:00:00,18.905
2022-02-14 09:00:00,25.339
2022-02-14 10:00:00,29.233
2022-02-14 11:00:00,25.291
2022-02-14 12:00:00,23.339
2022-02-14 13:00:00,21.794
2022-02-14 14:00:00,16.743
2022-02-14 15:00:00,10.015
2022-02-14 16:00:00,4.77
2022-02-14 17:00:00,0.466
2022-02-14 18:00:00,0.0
2022-02-14 19:00:00,0.0
2022-02-14 20:00:00,0.0
2022-02-14 21:00:00,0.0
2022-02-14 22:00:00,0.0
2022-02-14 23:00:00,0.0
2022-02-15 00:00:00,0.0
2022-02-15 01:00:00,0.0
2022-02-15 02:00:00,0.0
2022-02-15 03:00:00,0.0
2022-02-15 04:00:00,0.0
2022-02-15 05:00:00,0.0
2022-02-15 06:00:00,0.0
2022-02-15 07:00:00,2.876
2022-02-15 08:00:00,12.901
2022-02-15 09:00:00,25.978
2022-02-15 10:00:00,39.256
2022-02-15 11:00:00,46.032
2022-02-15 12:00:00,48.991
2022-02-15 13:00:00,42.736
2022-02-15 14:00:00,33.243
2022-02-15 15:00:00,23.243
2022-02-15 16:00:00,10.378
2022-02-15 17:00:00,0.798
2022-02-15 18:00:00,0.0
2022-02-15 19:00:00,0.0
2022-02-15 20:00:00,0.0
2022-02-15 21:00:00,0.0
2022-02-15 22:00:00,0.0
2022-02-15 23:00:00,0.0
2022-02-16 00:00:00,0.0
2022-02-16 01:00:00,0.0
2022-02-16 02:00:00,0.0
2022-02-16 03:00:00,0.0
2022-02-16 04:00:00,0.0
2022-02-16 05:00:00,0.0
2022-02-16 06:00:00,0.0
2022-02-16 07:00:00,5.366
2022-02-16 08:00:00,21.297
2022-02-16 09:00:00,37.084
2022-02-16 10:00:00,48.037
2022-02-16 11:00:00,53.962
2022-02-16 12:00:00,55.276
2022-02-16 13:00:00,52.105
2022-02-16 14:00:00,42.57
2022-02-16 15:00:00,30.064
2022-02-16 16:00:00,13.821
2022-02-16 17:00:00,1.395
2022-02-16 18:00:00,0.0
2022-02-16 19:00:00,0.0
2022-02-16 20:00:00,0.0
2022-02-16 21:00:00,0.0
2022-02-16 22:00:00,0.0
2022-02-16 23:00:00,0.0
2022-02-17 00:00:00,0.0
2022-02-17 01:00:00,0.0
2022-02-17 02:00:00,0.0
2022-02-17 03:00:00,0.0
2022-02-17 04:00:00,0.0
2022-02-17 05:00:00,0.0
2022-02-17 06:00:00,0.0
2022-02-17 07:00:00,1.237
2022-02-17 08:00:00,6.974
2022-02-17 09:00:00,17.384
2022-02-17 10:00:00,27.323
2022-02-17 11:00:00,32.807
2022-02-17 12:00:00,38.381
2022-02-17 13:00:00,38.246
2022-02-17 14:00:00,32.431
2022-02-17 15:00:00,22.279
2022-02-17 16:00:00,9.792
2022-02-17 17:00:00,0.878
2022-02-17 18:00:00,0.0
2022-02-17 19:00:00,0.0
2022-02-17 20:00:00,0.0
2022-02-17 21:00:00,0.0
2022-02-17 22:00:00,0.0
2022-02-17 23:00:00,0.0
2022-02-18 00:00:00,0.0
2022-02-18 01:00:00,0.0
2022-02-18 02:00:00,0.0
2022-02-18 03:00:00,0.0
2022-02-18 04:00:00,0.0
2022-02-18 05:00:00,0.0
2022-02-18 06:00:00,0.0
2022-02-18 07:00:00,3.155
2022-02-18 08:00:00,10.63
2022-02-18 09:00:00,17.462
2022-02-18 10:00:00,18.819
2022-02-18 11:00:00,14.244
2022-02-18 12:00:00,14.168
2022-02-18 13:00:00,13.063
2022-02-18 14:00:00,10.634
2022-02-18 15:00:00,6.635
2022-02-18 16:00:00,2.959
2022-02-18 17:00:00,0.214
2022-02-18 18:00:00,0.0
2022-02-18 19:00:00,0.0
2022-02-18 20:00:00,0.0
2022-02-18 21:00:00,0.0
2022-02-18 22:00:00,0.0
2022-02-18 23:00:00,0.0
2022-02-19 00:00:00,0.0
2022-02-19 01:00:00,0.0
2022-02-19 02:00:00,0.0
2022-02-19 03:00:00,0.0
2022-02-19 04:00:00,0.0
2022-02-19 05:00:00,0.0
2022-02-19 06:00:00,0.0
2022-02-19 07:00:00,10.261
2022-02-19 08:00:00,30.244
2022-02-19 09:00:00,45.224
2022-02-19 10:00:00,55.031
2022-02-19 11:00:00,60.058
2022-02-19 12:00:00,60.794
2022-02-19 13:00:00,57.284
2022-02-19 14:00:00,49.018
2022-02-19 15:00:00,36.313
2022-02-19 16:00:00,18.523
2022-02-19 17:00:00,1.979
2022-02-19 18:00:00,0.0
2022-02-19 19:00:00,0.0
2022-02-19 20:00:00,0.0
2022-02-19 21:00:00,0.0
2022-02-19 22:00:00,0.0
2022-02-19 23:00:00,0.0
2022-02-20 00:00:00,0.0
2022-02-20 01:00:00,0.0
2022-02-20 02:00:00,0.0
2022-02-20 03:00:00,0.0
2022-02-20 04:00:00,0.0
2022-02-20 05:00:00,0.0
2022-02-20 06:00:00,0.0
2022-02-20 07:00:00,9.381
2022-02-20 08:00:00,25.502
2022-02-20 09:00:00,40.506
2022-02-20 10:00:00,50.54
2022-02-20 11:00:00,53.333
2022-02-20 12:00:00,54.997
2022-02-20 13:00:00,52.376
2022-02-20 14:00:00,44.573
2022-02-20 15:00:00,33.155
2022-02-20 16:00:00,17.349
2022-02-20 17:00:00,2.118
2022-02-20 18:00:00,0.0
2022-02-20 19:00:00,0.0
2022-02-20 20:00:00,0.0
2022-02-20 21:00:00,0.0
2022-02-20 22:00:00,0.0
2022-02-20 23:00:00,0.0
2022-02-21 00:00:00,0.0
2022-02-21 01:00:00,0.0
2022-02-21 02:00:00,0.0
2022-02-21 03:00:00,0.0
2022-02-21 04:00:00,0.0
2022-02-21 05:00:00,0.0
2022-02-21 06:00:00,0.0
2022-02-21 07:00:00,11.933
2022-02-21 08:00:00,29.292
2022-02-21 09:00:00,44.03
2022-02-21 10:00:00,53.758
2022-02-21 11:00:00,59.414
2022-02-21 12:00:00,60.259
2022-02-21 13:00:00,56.887
2022-02-21 14:00:00,48.856
2022-02-21 15:00:00,36.216
2022-02-21 16:00:00,19.061
2022-02-21 17:00:00,2.512
2022-02-21 18:00:00,0.0
2022-02-21 19:00:00,0.0
2022-02-21 20:00:00,0.0
2022-02-21 21:00:00,0.0
2022-02-21 22:00:00,0.0
2022-02-21 23:00:00,0.0
2022-02-22 00:00:00,0.0
2022-02-22 01:00:00,0.0
2022-02-22 02:00:00,0.0
2022-02-22 03:00:00,0.0
2022-02-22 04:00:00,0.0
2022-02-22 05:00:00,0.0
2022-02-22 06:00:00,0.0
2022-02-22 07:00:00,10.447
2022-02-22 08:00:00,28.803
2022-02-22 09:00:00,43.918
2022-02-22 10:00:00,53.922
2022-02-22 11:00:00,58.221
2022-02-22 12:00:00,59.299
2022-02-22 13:00:00,56.108
2022-02-22 14:00:00,48.16
2022-02-22 15:00:00,35.799
2022-02-22 16:00:00,18.881
2022-02-22 17:00:00,2.599
2022-02-22 18:00:00,0.0
2022-02-22 19:00:00,0.0
2022-02-22 20:00:00,0.0
2022-02-22 21:00:00,0.0
2022-02-22 22:00:00,0.0
2022-02-22 23:00:00,0.0
2022-02-23 00:00:00,0.0
2022-02-23 01:00:00,0.0
2022-02-23 02:00:00,0.0
2022-02-23 03:00:00,0.0
2022-02-23 04:00:00,0.0
2022-02-23 05:00:00,0.0
2022-02-23 06:00:00,0.0
2022-02-23 07:00:00,9.362
2022-02-23 08:00:00,26.433
2022-02-23 09:00:00,40.767
2022-02-23 10:00:00,50.428
2022-02-23 11:00:00,55.998
2022-02-23 12:00:00,57.026
2022-02-23 13:00:00,53.785
2022-02-23 14:00:00,44.225
2022-02-23 15:00:00,31.905
2022-02-23 16:00:00,15.797
2022-02-23 17:00:00,1.902
2022-02-23 18:00:00,0.0
2022-02-23 19:00:00,0.0
2022-02-23 20:00:00,0.0
2022-02-23 21:00:00,0.0
2022-02-23 22:00:00,0.0
2022-02-23 23:00:00,0.0
2022-02-24 00:00:00,0.0
2022-02-24 01:00:00,0.0
2022-02-24 02:00:00,0.0
2022-02-24 03:00:00,0.0
2022-02-24 04:00:00,0.0
2022-02-24 05:00:00,0.0
2022-02-24 06:00:00,0.0
2022-02-24 07:00:00,4.119
2022-02-24 08:00:00,14.711
2022-02-24 09:00:00,26.693
2022-02-24 10:00:00,36.672
2022-02-24 11:00:00,37.17
2022-02-24 12:00:00,38.538
2022-02-24 13:00:00,35.184
2022-02-24 14:00:00,27.544
2022-02-24 15:00:00,18.224
2022-02-24 16:00:00,8.272
2022-02-24 17:00:00,0.913
2022-02-24 18:00:00,0.0
2022-02-24 19:00:00,0.0
2022-02-24 20:00:00,0.0
2022-02-24 21:00:00,0.0
2022-02-24 22:00:00,0.0
2022-02-24 23:00:00,0.0
2022-02-25 00:00:00,0.0
2022-02-25 01:00:00,0.0
2022-02-25 02:00:00,0.0
2022-02-25 03:00:00,0.0
2022-02-25 04:00:00,0.0
2022-02-25 05:00:00,0.0
2022-02-25 06:00:00,0.0
2022-02-25 07:00:00,4.353
2022-02-25 08:00:00,19.929
2022-02-25 09:00:00,33.484
2022-02-25 10:00:00,42.851
2022-02-25 11:00:00,43.103
2022-02-25 12:00:00,44.771
2022-02-25 13:00:00,42.622
2022-02-25 14:00:00,33.231
2022-02-25 15:00:00,22.94
2022-02-25 16:00:00,11.022
2022-02-25 17:00:00,1.512
2022-02-25 18:00:00,0.0
2022-02-25 19:00:00,0.0
2022-02-25 20:00:00,0.0
2022-02-25 21:00:00,0.0
2022-02-25 22:00:00,0.0
2022-02-25 23:00:00,0.0
2022-02-26 00:00:00,0.0
2022-02-26 01:00:00,0.0
2022-02-26 02:00:00,0.0
2022-02-26 03:00:00,0.0
2022-02-26 04:00:00,0.0
2022-02-26 05:00:00,0.0
2022-02-26 06:00:00,0.0
2022-02-26 07:00:00,11.013
2022-02-26 08:00:00,29.751
2022-02-26 09:00:00,43.772
2022-02-26 10:00:00,53.145
2022-02-26 11:00:00,57.573
2022-02-26 12:00:00,58.876
2022-02-26 13:00:00,56.034
2022-02-26 14:00:00,48.523
2022-02-26 15:00:00,37.165
2022-02-26 16:00:00,21.23
2022-02-26 17:00:00,3.925
2022-02-26 18:00:00,0.0
2022-02-26 19:00:00,0.0
2022-02-26 20:00:00,0.0
2022-02-26 21:00:00,0.0
2022-02-26 22:00:00,0.0
2022-02-26 23:00:00,0.0
2022-02-27 00:00:00,0.0
2022-02-27 01:00:00,0.0
2022-02-27 02:00:00,0.0
2022-02-27 03:00:00,0.0
2022-02-27 04:00:00,0.0
2022-02-27 05:00:00,0.0
2022-02-27 06:00:00,0.0
2022-02-27 07:00:00,9.931000000000001
2022-02-27 08:00:00,26.819
2022-02-27 09:00:00,40.789
2022-02-27 10:00:00,49.818
2022-02-27 11:00:00,53.864
2022-02-27 12:00:00,54.21
2022-02-27 13:00:00,50.654
2022-02-27 14:00:00,42.875
2022-02-27 15:00:00,31.034
2022-02-27 16:00:00,15.232
2022-02-27 17:00:00,2.046
2022-02-27 18:00:00,0.0
2022-02-27 19:00:00,0.0
2022-02-27 20:00:00,0.0
2022-02-27 21:00:00,0.0
2022-02-27 22:00:00,0.0
2022-02-27 23:00:00,0.0
2022-02-28 00:00:00,0.0
2022-02-28 01:00:00,0.0
2022-02-28 02:00:00,0.0
2022-02-28 03:00:00,0.0
2022-02-28 04:00:00,0.0
2022-02-28 05:00:00,0.0
2022-02-28 06:00:00,0.0
2022-02-28 07:00:00,3.366
2022-02-28 08:00:00,13.63
2022-02-28 09:00:00,27.255
2022-02-28 10:00:00,34.965
2022-02-28 11:00:00,33.486
2022-02-28 12:00:00,24.658
2022-02-28 13:00:00,13.092
2022-02-28 14:00:00,13.744
2022-02-28 15:00:00,18.27
2022-02-28 16:00:00,11.849
2022-02-28 17:00:00,1.514
2022-02-28 18:00:00,0.0
2022-02-28 19:00:00,0.0
2022-02-28 20:00:00,0.0
2022-02-28 21:00:00,0.0
2022-02-28 22:00:00,0.0
2022-02-28 23:00:00,0.0
2022-03-01 00:00:00,0.0
2022-03-01 01:00:00,0.0
2022-03-01 02:00:00,0.0
2022-03-01 03:00:00,0.0
2022-03-01 04:00:00,0.0
2022-03-01 05:00:00,0.0
2022-03-01 06:00:00,0.0
2022-03-01 07:00:00,11.892
2022-03-01 08:00:00,30.929
2022-03-01 09:00:00,44.72
2022-03-01 10:00:00,54.027
2022-03-01 11:00:00,58.332
2022-03-01 12:00:00,59.358
2022-03-01 13:00:00,56.342
2022-03-01 14:00:00,48.895
2022-03-01 15:00:00,37.335
2022-03-01 16:00:00,21.331
2022-03-01 17:00:00,4.234
2022-03-01 18:00:00,0.0
2022-03-01 19:00:00,0.0
2022-03-01 20:00:00,0.0
2022-03-01 21:00:00,0.0
2022-03-01 22:00:00,0.0
2022-03-01 23:00:00,0.0
2022-03-02 00:00:00,0.0
2022-03-02 01:00:00,0.0
2022-03-02 02:00:00,0.0
2022-03-02 03:00:00,0.0
2022-03-02 04:00:00,0.0
2022-03-02 05:00:00,0.0
2022-03-02 06:00:00,0.0
2022-03-02 07:00:00,12.216
2022-03-02 08:00:00,29.63
2022-03-02 09:00:00,43.199
2022-03-02 10:00:00,51.852
2022-03-02 11:00:00,56.726
2022-03-02 12:00:00,57.57
2022-03-02 13:00:00,54.546
2022-03-02 14:00:00,46.376
2022-03-02 15:00:00,35.085
2022-03-02 16:00:00,19.622
2022-03-02 17:00:00,3.715
2022-03-02 18:00:00,0.0
2022-03-02 19:00:00,0.0
2022-03-02 20:00:00,0.0
2022-03-02 21:00:00,0.0
2022-03-02 22:00:00,0.0
2022-03-02 23:00:00,0.0
2022-03-03 00:00:00,0.0
2022-03-03 01:00:00,0.0
2022-03-03 02:00:00,0.0
2022-03-03 03:00:00,0.0
2022-03-03 04:00:00,0.0
2022-03-03 05:00:00,0.0
2022-03-03 06:00:00,0.0
2022-03-03 07:00:00,9.629
2022-03-03 08:00:00,25.511
2022-03-03 09:00:00,39.336
2022-03-03 10:00:00,48.1
2022-03-03 11:00:00,51.6
2022-03-03 12:00:00,50.457
2022-03-03 13:00:00,43.897
2022-03-03 14:00:00,32.201
2022-03-03 15:00:00,16.324
2022-03-03 16:00:00,8.733
2022-03-03 17:00:00,1.625
2022-03-03 18:00:00,0.0
2022-03-03 19:00:00,0.0
2022-03-03 20:00:00,0.0
2022-03-03 21:00:00,0.0
2022-03-03 22:00:00,0.0
2022-03-03 23:00:00,0.0
2022-03-04 00:00:00,0.0
2022-03-04 01:00:00,0.0
2022-03-04 02:00:00,0.0
2022-03-04 03:00:00,0.0
2022-03-04 04:00:00,0.0
2022-03-04 05:00:00,0.0
2022-03-04 06:00:00,0.0
2022-03-04 07:00:00,3.645
2022-03-04 08:00:00,12.394
2022-03-04 09:00:00,30.421
2022-03-04 10:00:00,45.095
2022-03-04 11:00:00,51.758
2022-03-04 12:00:00,53.244
2022-03-04 13:00:00,52.039
2022-03-04 14:00:00,45.362
2022-03-04 15:00:00,35.658
2022-03-04 16:00:00,21.35
2022-03-04 17:00:00,4.99
2022-03-04 18:00:00,0.0
2022-03-04 19:00:00,0.0
2022-03-04 20:00:00,0.0
2022-03-04 21:00:00,0.0
2022-03-04 22:00:00,0.0
2022-03-04 23:00:00,0.0
2022-03-05 00:00:00,0.0
2022-03-05 01:00:00,0.0
2022-03-05 02:00:00,0.0
2022-03-05 03:00:00,0.0
2022-03-05 04:00:00,0.0
2022-03-05 05:00:00,0.0
2022-03-05 06:00:00,0.084
2022-03-05 07:00:00,12.971
2022-03-05 08:00:00,30.743
2022-03-05 09:00:00,44.422
2022-03-05 10:00:00,53.024
2022-03-05 11:00:00,56.221
2022-03-05 12:00:00,57.07
2022-03-05 13:00:00,53.955
2022-03-05 14:00:00,45.562
2022-03-05 15:00:00,34.168
2022-03-05 16:00:00,18.974
2022-03-05 17:00:00,3.858
2022-03-05 18:00:00,0.0
2022-03-05 19:00:00,0.0
2022-03-05 20:00:00,0.0
2022-03-05 21:00:00,0.0
2022-03-05 22:00:00,0.0
2022-03-05 23:00:00,0.0
2022-03-06 00:00:00,0.0
2022-03-06 01:00:00,0.0
2022-03-06 02:00:00,0.0
2022-03-06 03:00:00,0.0
2022-03-06 04:00:00,0.0
2022-03-06 05:00:00,0.0
2022-03-06 06:00:00,0.015
2022-03-06 07:00:00,5.799
2022-03-06 08:00:00,16.257
2022-03-06 09:00:00,30.759
2022-03-06 10:00:00,39.98
2022-03-06 11:00:00,45.369
2022-03-06 12:00:00,47.947
2022-03-06 13:00:00,41.072
2022-03-06 14:00:00,28.274
2022-03-06 15:00:00,13.763
2022-03-06 16:00:00,5.131
2022-03-06 17:00:00,0.842
2022-03-06 18:00:00,0.0
2022-03-06 19:00:00,0.0
2022-03-06 20:00:00,0.0
2022-03-06 21:00:00,0.0
2022-03-06 22:00:00,0.0
2022-03-06 23:00:00,0.0
2022-03-07 00:00:00,0.0
2022-03-07 01:00:00,0.0
2022-03-07 02:00:00,0.0
2022-03-07 03:00:00,0.0
2022-03-07 04:00:00,0.0
2022-03-07 05:00:00,0.0
2022-03-07 06:00:00,0.011
2022-03-07 07:00:00,8.831
2022-03-07 08:00:00,28.199
2022-03-07 09:00:00,42.754
2022-03-07 10:00:00,51.624
2022-03-07 11:00:00,55.314
2022-03-07 12:00:00,56.424
2022-03-07 13:00:00,53.571
2022-03-07 14:00:00,45.875
2022-03-07 15:00:00,34.833
2022-03-07 16:00:00,19.931
2022-03-07 17:00:00,4.556
2022-03-07 18:00:00,0.0
2022-03-07 19:00:00,0.0
2022-03-07 20:00:00,0.0
2022-03-07 21:00:00,0.0
2022-03-07 22:00:00,0.0
2022-03-07 23:00:00,0.0
2022-03-08 00:00:00,0.0
2022-03-08 01:00:00,0.0
2022-03-08 02:00:00,0.0
2022-03-08 03:00:00,0.0
2022-03-08 04:00:00,0.0
2022-03-08 05:00:00,0.0
2022-03-08 06:00:00,0.066
2022-03-08 07:00:00,8.142
2022-03-08 08:00:00,22.323
2022-03-08 09:00:00,35.312
2022-03-08 10:00:00,44.422
2022-03-08 11:00:00,47.92
2022-03-08 12:00:00,48.996
2022-03-08 13:00:00,46.19
2022-03-08 14:00:00,38.572
2022-03-08 15:00:00,28.109
2022-03-08 16:00:00,15.027
2022-03-08 17:00:00,3.142
2022-03-08 18:00:00,0.0
2022-03-08 19:00:00,0.0
2022-03-08 20:00:00,0.0
2022-03-08 21:00:00,0.0
2022-03-08 22:00:00,0.0
2022-03-08 23:00:00,0.0
2022-03-09 00:00:00,0.0
2022-03-09 01:00:00,0.0
2022-03-09 02:00:00,0.0
2022-03-09 03:00:00,0.0
2022-03-09 04:00:00,0.0
2022-03-09 05:00:00,0.0
2022-03-09 06:00:00,0.061
2022-03-09 07:00:00,7.016
2022-03-09 08:00:00,20.04
2022-03-09 09:00:00,32.628
2022-03-09 10:00:00,41.451
2022-03-09 11:00:00,41.58
2022-03-09 12:00:00,41.42
2022-03-09 13:00:00,35.016
2022-03-09 14:00:00,21.378
2022-03-09 15:00:00,10.389
2022-03-09 16:00:00,3.839
2022-03-09 17:00:00,0.561
2022-03-09 18:00:00,0.0
2022-03-09 19:00:00,0.0
2022-03-09 20:00:00,0.0
2022-03-09 21:00:00,0.0
2022-03-09 22:00:00,0.0
2022-03-09 23:00:00,0.0
2022-03-10 00:00:00,0.0
2022-03-10 01:00:00,0.0
2022-03-10 02:00:00,0.0
2022-03-10 03:00:00,0.0
2022-03-10 04:00:00,0.0
2022-03-10 05:00:00,0.0
2022-03-10 06:00:00,0.038
2022-03-10 07:00:00,4.118
2022-03-10 08:00:00,15.871
2022-03-10 09:00:00,31.364
2022-03-10 10:00:00,41.056
2022-03-10 11:00:00,46.688
2022-03-10 12:00:00,47.739
2022-03-10 13:00:00,44.981
2022-03-10 14:00:00,38.64
2022-03-10 15:00:00,28.189
2022-03-10 16:00:00,15.058
2022-03-10 17:00:00,3.274
2022-03-10 18:00:00,0.0
2022-03-10 19:00:00,0.0
2022-03-10 20:00:00,0.0
2022-03-10 21:00:00,0.0
2022-03-10 22:00:00,0.0
2022-03-10 23:00:00,0.0
2022-03-11 00:00:00,0.0
2022-03-11 01:00:00,0.0
2022-03-11 02:00:00,0.0
2022-03-11 03:00:00,0.0
2022-03-11 04:00:00,0.0
2022-03-11 05:00:00,0.0
2022-03-11 06:00:00,0.04
2022-03-11 07:00:00,3.084
2022-03-11 08:00:00,10.42
2022-03-11 09:00:00,27.514
2022-03-11 10:00:00,32.839
2022-03-11 11:00:00,27.532
2022-03-11 12:00:00,24.083
2022-03-11 13:00:00,25.577
2022-03-11 14:00:00,25.195
2022-03-11 15:00:00,14.345
2022-03-11 16:00:00,4.993
2022-03-11 17:00:00,0.671
2022-03-11 18:00:00,0.0
2022-03-11 19:00:00,0.0
2022-03-11 20:00:00,0.0
2022-03-11 21:00:00,0.0
2022-03-11 22:00:00,0.0
2022-03-11 23:00:00,0.0
2022-03-12 00:00:00,0.0
2022-03-12 01:00:00,0.0
2022-03-12 02:00:00,0.0
2022-03-12 03:00:00,0.0
2022-03-12 04:00:00,0.0
2022-03-12 05:00:00,0.0
2022-03-12 06:00:00,0.0
2022-03-12 07:00:00,0.653
2022-03-12 08:00:00,1.993
2022-03-12 09:00:00,4.404
2022-03-12 10:00:00,6.381
2022-03-12 11:00:00,7.647
2022-03-12 12:00:00,8.154
2022-03-12 13:00:00,10.112
2022-03-12 14:00:00,12.38
2022-03-12 15:00:00,13.319
2022-03-12 16:00:00,12.98
2022-03-12 17:00:00,3.239
2022-03-12 18:00:00,0.0
2022-03-12 19:00:00,0.0
2022-03-12 20:00:00,0.0
2022-03-12 21:00:00,0.0
2022-03-12 22:00:00,0.0
2022-03-12 23:00:00,0.0
2022-03-13 00:00:00,0.0
2022-03-13 01:00:00,0.0
2022-03-13 02:00:00,0.0
2022-03-13 03:00:00,0.0
2022-03-13 04:00:00,0.0
2022-03-13 05:00:00,0.0
2022-03-13 06:00:00,0.0
2022-03-13 07:00:00,1.681
2022-03-13 08:00:00,5.683
2022-03-13 09:00:00,11.45
2022-03-13 10:00:00,21.662
2022-03-13 11:00:00,37.875
2022-03-13 12:00:00,46.185
2022-03-13 13:00:00,42.295
2022-03-13 14:00:00,39.24
2022-03-13 15:00:00,29.566
2022-03-13 16:00:00,16.505
2022-03-13 17:00:00,3.971
2022-03-13 18:00:00,0.0
2022-03-13 19:00:00,0.0
2022-03-13 20:00:00,0.0
2022-03-13 21:00:00,0.0
2022-03-13 22:00:00,0.0
2022-03-13 23:00:00,0.0
2022-03-14 00:00:00,0.0
2022-03-14 01:00:00,0.0
2022-03-14 02:00:00,0.0
2022-03-14 03:00:00,0.0
2022-03-14 04:00:00,0.0
2022-03-14 05:00:00,0.0
2022-03-14 06:00:00,0.08600000000000001
2022-03-14 07:00:00,5.427
2022-03-14 08:00:00,18.379
2022-03-14 09:00:00,35.004
2022-03-14 10:00:00,43.59
2022-03-14 11:00:00,46.037
2022-03-14 12:00:00,48.256
2022-03-14 13:00:00,49.507
2022-03-14 14:00:00,43.781
2022-03-14 15:00:00,32.985
2022-03-14 16:00:00,18.835
2022-03-14 17:00:00,4.847
2022-03-14 18:00:00,0.0
2022-03-14 19:00:00,0.0
2022-03-14 20:00:00,0.0
2022-03-14 21:00:00,0.0
2022-03-14 22:00:00,0.0
2022-03-14 23:00:00,0.0
2022-03-15 00:00:00,0.0
2022-03-15 01:00:00,0.0
2022-03-15 02:00:00,0.0
2022-03-15 03:00:00,0.0
2022-03-15 04:00:00,0.0
2022-03-15 05:00:00,0.0
2022-03-15 06:00:00,0.014
2022-03-15 07:00:00,2.189
2022-03-15 08:00:00,6.508
2022-03-15 09:00:00,12.706
2022-03-15 10:00:00,20.57
2022-03-15 11:00:00,31.982
2022-03-15 12:00:00,50.569
2022-03-15 13:00:00,49.19
2022-03-15 14:00:00,41.798
2022-03-15 15:00:00,31.85
2022-03-15 16:00:00,18.798
2022-03-15 17:00:00,5.181
2022-03-15 18:00:00,0.0
2022-03-15 19:00:00,0.0
2022-03-15 20:00:00,0.0
2022-03-15 21:00:00,0.0
2022-03-15 22:00:00,0.0
2022-03-15 23:00:00,0.0
2022-03-16 00:00:00,0.0
2022-03-16 01:00:00,0.0
2022-03-16 02:00:00,0.0
2022-03-16 03:00:00,0.0
2022-03-16 04:00:00,0.0
2022-03-16 05:00:00,0.0
2022-03-16 06:00:00,0.127
2022-03-16 07:00:00,4.923
2022-03-16 08:00:00,11.354
2022-03-16 09:00:00,17.49
2022-03-16 10:00:00,22.737
2022-03-16 11:00:00,31.295
2022-03-16 12:00:00,15.997
2022-03-16 13:00:00,9.677
2022-03-16 14:00:00,6.849
2022-03-16 15:00:00,3.709
2022-03-16 16:00:00,1.525
2022-03-16 17:00:00,0.282
2022-03-16 18:00:00,0.0
2022-03-16 19:00:00,0.0
2022-03-16 20:00:00,0.0
2022-03-16 21:00:00,0.0
2022-03-16 22:00:00,0.0
2022-03-16 23:00:00,0.0
2022-03-17 00:00:00,0.0
2022-03-17 01:00:00,0.0
2022-03-17 02:00:00,0.0
2022-03-17 03:00:00,0.0
2022-03-17 04:00:00,0.0
2022-03-17 05:00:00,0.0
2022-03-17 06:00:00,0.196
2022-03-17 07:00:00,5.546
2022-03-17 08:00:00,18.437
2022-03-17 09:00:00,35.047
2022-03-17 10:00:00,47.645
2022-03-17 11:00:00,52.782
2022-03-17 12:00:00,55.548
2022-03-17 13:00:00,53.668
2022-03-17 14:00:00,46.948
2022-03-17 15:00:00,35.769
2022-03-17 16:00:00,20.902
2022-03-17 17:00:00,5.818
2022-03-17 18:00:00,0.0
2022-03-17 19:00:00,0.0
2022-03-17 20:00:00,0.0
2022-03-17 21:00:00,0.0
2022-03-17 22:00:00,0.0
2022-03-17 23:00:00,0.0
2022-03-18 00:00:00,0.0
2022-03-18 01:00:00,0.0
2022-03-18 02:00:00,0.0
2022-03-18 03:00:00,0.0
2022-03-18 04:00:00,0.0
2022-03-18 05:00:00,0.0
2022-03-18 06:00:00,0.446
2022-03-18 07:00:00,9.735
2022-03-18 08:00:00,12.686
2022-03-18 09:00:00,18.075
2022-03-18 10:00:00,26.792
2022-03-18 11:00:00,24.031
2022-03-18 12:00:00,22.817
2022-03-18 13:00:00,23.813
2022-03-18 14:00:00,23.559
2022-03-18 15:00:00,22.573
2022-03-18 16:00:00,7.62
2022-03-18 17:00:00,2.178
2022-03-18 18:00:00,0.0
2022-03-18 19:00:00,0.0
2022-03-18 20:00:00,0.0
2022-03-18 21:00:00,0.0
2022-03-18 22:00:00,0.0
2022-03-18 23:00:00,0.0
2022-03-19 00:00:00,0.0
2022-03-19 01:00:00,0.0
2022-03-19 02:00:00,0.0
2022-03-19 03:00:00,0.0
2022-03-19 04:00:00,0.0
2022-03-19 05:00:00,0.0
2022-03-19 06:00:00,0.137
2022-03-19 07:00:00,3.767
2022-03-19 08:00:00,11.752
2022-03-19 09:00:00,10.899
2022-03-19 10:00:00,13.015
2022-03-19 11:00:00,19.377
2022-03-19 12:00:00,22.48
2022-03-19 13:00:00,22.946
2022-03-19 14:00:00,29.136
2022-03-19 15:00:00,24.364
2022-03-19 16:00:00,16.338
2022-03-19 17:00:00,5.171
2022-03-19 18:00:00,0.0
2022-03-19 19:00:00,0.0
2022-03-19 20:00:00,0.0
2022-03-19 21:00:00,0.0
2022-03-19 22:00:00,0.0
2022-03-19 23:00:00,0.0
2022-03-20 00:00:00,0.0
2022-03-20 01:00:00,0.0
2022-03-20 02:00:00,0.0
2022-03-20 03:00:00,0.0
2022-03-20 04:00:00,0.0
2022-03-20 05:00:00,0.0
2022-03-20 06:00:00,0.151
2022-03-20 07:00:00,4.028
2022-03-20 08:00:00,16.394
2022-03-20 09:00:00,28.233
2022-03-20 10:00:00,44.497
2022-03-20 11:00:00,52.025
2022-03-20 12:00:00,52.959
2022-03-20 13:00:00,48.519
2022-03-20 14:00:00,42.831
2022-03-20 15:00:00,32.253
2022-03-20 16:00:00,18.105
2022-03-20 17:00:00,4.724
2022-03-20 18:00:00,0.0
2022-03-20 19:00:00,0.0
2022-03-20 20:00:00,0.0
2022-03-20 21:00:00,0.0
2022-03-20 22:00:00,0.0
2022-03-20 23:00:00,0.0
2022-03-21 00:00:00,0.0
2022-03-21 01:00:00,0.0
2022-03-21 02:00:00,0.0
2022-03-21 03:00:00,0.0
2022-03-21 04:00:00,0.0
2022-03-21 05:00:00,0.0
2022-03-21 06:00:00,0.287
2022-03-21 07:00:00,5.21
2022-03-21 08:00:00,14.487
2022-03-21 09:00:00,14.681
2022-03-21 10:00:00,17.458
2022-03-21 11:00:00,19.177
2022-03-21 12:00:00,21.798
2022-03-21 13:00:00,23.627
2022-03-21 14:00:00,25.098
2022-03-21 15:00:00,18.299
2022-03-21 16:00:00,12.204
2022-03-21 17:00:00,3.47
2022-03-21 18:00:00,0.0
2022-03-21 19:00:00,0.0
2022-03-21 20:00:00,0.0
2022-03-21 21:00:00,0.0
2022-03-21 22:00:00,0.0
2022-03-21 23:00:00,0.0
2022-03-22 00:00:00,0.0
2022-03-22 01:00:00,0.0
2022-03-22 02:00:00,0.0
2022-03-22 03:00:00,0.0
2022-03-22 04:00:00,0.0
2022-03-22 05:00:00,0.0
2022-03-22 06:00:00,0.685
2022-03-22 07:00:00,9.297
2022-03-22 08:00:00,23.061
2022-03-22 09:00:00,36.074
2022-03-22 10:00:00,43.771
2022-03-22 11:00:00,40.171
2022-03-22 12:00:00,37.158
2022-03-22 13:00:00,39.399
2022-03-22 14:00:00,27.65
2022-03-22 15:00:00,10.115
2022-03-22 16:00:00,2.988
2022-03-22 17:00:00,0.482
2022-03-22 18:00:00,0.0
2022-03-22 19:00:00,0.0
2022-03-22 20:00:00,0.0
2022-03-22 21:00:00,0.0
2022-03-22 22:00:00,0.0
2022-03-22 23:00:00,0.0
2022-03-23 00:00:00,0.0
2022-03-23 01:00:00,0.0
2022-03-23 02:00:00,0.0
2022-03-23 03:00:00,0.0
2022-03-23 04:00:00,0.0
2022-03-23 05:00:00,0.0
2022-03-23 06:00:00,0.5730000000000001
2022-03-23 07:00:00,8.296
2022-03-23 08:00:00,23.988
2022-03-23 09:00:00,33.758
2022-03-23 10:00:00,30.788
2022-03-23 11:00:00,28.051
2022-03-23 12:00:00,32.328
2022-03-23 13:00:00,38.757
2022-03-23 14:00:00,37.131
2022-03-23 15:00:00,30.801
2022-03-23 16:00:00,18.903
2022-03-23 17:00:00,5.602
2022-03-23 18:00:00,0.0
2022-03-23 19:00:00,0.0
2022-03-23 20:00:00,0.0
2022-03-23 21:00:00,0.0
2022-03-23 22:00:00,0.0
2022-03-23 23:00:00,0.0
2022-03-24 00:00:00,0.0
2022-03-24 01:00:00,0.0
2022-03-24 02:00:00,0.0
2022-03-24 03:00:00,0.0
2022-03-24 04:00:00,0.0
2022-03-24 05:00:00,0.0
2022-03-24 06:00:00,0.21
2022-03-24 07:00:00,2.905
2022-03-24 08:00:00,9.287
2022-03-24 09:00:00,25.985
2022-03-24 10:00:00,41.567
2022-03-24 11:00:00,42.499
2022-03-24 12:00:00,34.904
2022-03-24 13:00:00,15.063
2022-03-24 14:00:00,15.024
2022-03-24 15:00:00,12.539
2022-03-24 16:00:00,3.226
2022-03-24 17:00:00,0.58
2022-03-24 18:00:00,0.0
2022-03-24 19:00:00,0.0
2022-03-24 20:00:00,0.0
2022-03-24 21:00:00,0.0
2022-03-24 22:00:00,0.0
2022-03-24 23:00:00,0.0
2022-03-25 00:00:00,0.0
2022-03-25 01:00:00,0.0
2022-03-25 02:00:00,0.0
2022-03-25 03:00:00,0.0
2022-03-25 04:00:00,0.0
2022-03-25 05:00:00,0.0
2022-03-25 06:00:00,0.074
2022-03-25 07:00:00,2.905
2022-03-25 08:00:00,10.137
2022-03-25 09:00:00,15.86
2022-03-25 10:00:00,18.289
2022-03-25 11:00:00,18.379
2022-03-25 12:00:00,14.73
2022-03-25 13:00:00,10.17
2022-03-25 14:00:00,7.412
2022-03-25 15:00:00,5.446
2022-03-25 16:00:00,5.336
2022-03-25 17:00:00,2.647
2022-03-25 18:00:00,0.0
2022-03-25 19:00:00,0.0
2022-03-25 20:00:00,0.0
2022-03-25 21:00:00,0.0
2022-03-25 22:00:00,0.0
2022-03-25 23:00:00,0.0
2022-03-26 00:00:00,0.0
2022-03-26 01:00:00,0.0
2022-03-26 02:00:00,0.0
2022-03-26 03:00:00,0.0
2022-03-26 04:00:00,0.0
2022-03-26 05:00:00,0.0
2022-03-26 06:00:00,0.913
2022-03-26 07:00:00,7.576000000000001
2022-03-26 08:00:00,16.796
2022-03-26 09:00:00,27.344
2022-03-26 10:00:00,39.574
2022-03-26 11:00:00,39.009
2022-03-26 12:00:00,35.549
2022-03-26 13:00:00,40.579
2022-03-26 14:00:00,42.935
2022-03-26 15:00:00,29.125
2022-03-26 16:00:00,11.916
2022-03-26 17:00:00,3.77
2022-03-26 18:00:00,0.003
2022-03-26 19:00:00,0.0
2022-03-26 20:00:00,0.0
2022-03-26 21:00:00,0.0
2022-03-26 22:00:00,0.0
2022-03-26 23:00:00,0.0
2022-03-27 00:00:00,0.0
2022-03-27 01:00:00,0.0
2022-03-27 02:00:00,0.0
2022-03-27 03:00:00,0.0
2022-03-27 04:00:00,0.0
2022-03-27 05:00:00,0.0
2022-03-27 06:00:00,1.489
2022-03-27 07:00:00,15.628
2022-03-27 08:00:00,32.392
2022-03-27 09:00:00,45.176
2022-03-27 10:00:00,53.943
2022-03-27 11:00:00,58.697
2022-03-27 12:00:00,59.509
2022-03-27 13:00:00,56.509
2022-03-27 14:00:00,49.742
2022-03-27 15:00:00,38.923
2022-03-27 16:00:00,24.36
2022-03-27 17:00:00,8.513
2022-03-27 18:00:00,0.066
2022-03-27 19:00:00,0.0
2022-03-27 20:00:00,0.0
2022-03-27 21:00:00,0.0
2022-03-27 22:00:00,0.0
2022-03-27 23:00:00,0.0
2022-03-28 00:00:00,0.0
2022-03-28 01:00:00,0.0
2022-03-28 02:00:00,0.0
2022-03-28 03:00:00,0.0
2022-03-28 04:00:00,0.0
2022-03-28 05:00:00,0.0
2022-03-28 06:00:00,1.206
2022-03-28 07:00:00,12.442
2022-03-28 08:00:00,26.494
2022-03-28 09:00:00,38.704
2022-03-28 10:00:00,47.313
2022-03-28 11:00:00,51.701
2022-03-28 12:00:00,52.92
2022-03-28 13:00:00,50.447
2022-03-28 14:00:00,43.838
2022-03-28 15:00:00,33.809
2022-03-28 16:00:00,20.65
2022-03-28 17:00:00,7.081
2022-03-28 18:00:00,0.069
2022-03-28 19:00:00,0.0
2022-03-28 20:00:00,0.0
2022-03-28 21:00:00,0.0
2022-03-28 22:00:00,0.0
2022-03-28 23:00:00,0.0
2022-03-29 00:00:00,0.0
2022-03-29 01:00:00,0.0
2022-03-29 02:00:00,0.0
2022-03-29 03:00:00,0.0
2022-03-29 04:00:00,0.0
2022-03-29 05:00:00,0.0
2022-03-29 06:00:00,0.635
2022-03-29 07:00:00,3.997
2022-03-29 08:00:00,8.444
2022-03-29 09:00:00,17.571
2022-03-29 10:00:00,26.065
2022-03-29 11:00:00,29.088
2022-03-29 12:00:00,39.059
2022-03-29 13:00:00,43.752
2022-03-29 14:00:00,36.414
2022-03-29 15:00:00,23.798
2022-03-29 16:00:00,7.582
2022-03-29 17:00:00,0.8230000000000001
2022-03-29 18:00:00,0.0
2022-03-29 19:00:00,0.0
2022-03-29 20:00:00,0.0
2022-03-29 21:00:00,0.0
2022-03-29 22:00:00,0.0
2022-03-29 23:00:00,0.0
2022-03-30 00:00:00,0.0
2022-03-30 01:00:00,0.0
2022-03-30 02:00:00,0.0
2022-03-30 03:00:00,0.0
2022-03-30 04:00:00,0.0
2022-03-30 05:00:00,0.0
2022-03-30 06:00:00,0.37
2022-03-30 07:00:00,4.237
2022-03-30 08:00:00,11.707
2022-03-30 09:00:00,22.779
2022-03-30 10:00:00,34.171
2022-03-30 11:00:00,45.486
2022-03-30 12:00:00,47.606
2022-03-30 13:00:00,46.946
2022-03-30 14:00:00,40.181
2022-03-30 15:00:00,31.638
2022-03-30 16:00:00,18.883
2022-03-30 17:00:00,6.274
2022-03-30 18:00:00,0.113
2022-03-30 19:00:00,0.0
2022-03-30 20:00:00,0.0
2022-03-30 21:00:00,0.0
2022-03-30 22:00:00,0.0
2022-03-30 23:00:00,0.0
2022-03-31 00:00:00,0.0
2022-03-31 01:00:00,0.0
2022-03-31 02:00:00,0.0
2022-03-31 03:00:00,0.0
2022-03-31 04:00:00,0.0
2022-03-31 05:00:00,0.0
2022-03-31 06:00:00,0.857
2022-03-31 07:00:00,5.326
2022-03-31 08:00:00,14.936
2022-03-31 09:00:00,27.782
2022-03-31 10:00:00,32.131
2022-03-31 11:00:00,34.482
2022-03-31 12:00:00,40.121
2022-03-31 13:00:00,35.594
2022-03-31 14:00:00,29.757
2022-03-31 15:00:00,24.551
2022-03-31 16:00:00,17.704
2022-03-31 17:00:00,6.699
2022-03-31 18:00:00,0.196
2022-03-31 19:00:00,0.0
2022-03-31 20:00:00,0.0
2022-03-31 21:00:00,0.0
2022-03-31 22:00:00,0.0
2022-03-31 23:00:00,0.0
2022-04-01 00:00:00,0.0
2022-04-01 01:00:00,0.0
2022-04-01 02:00:00,0.0
2022-04-01 03:00:00,0.0
2022-04-01 04:00:00,0.0
2022-04-01 05:00:00,0.0
2022-04-01 06:00:00,1.924
2022-04-01 07:00:00,15.983
2022-04-01 08:00:00,31.933
2022-04-01 09:00:00,44.202
2022-04-01 10:00:00,52.584
2022-04-01 11:00:00,55.233
2022-04-01 12:00:00,56.218
2022-04-01 13:00:00,53.458
2022-04-01 14:00:00,46.838
2022-04-01 15:00:00,36.036
2022-04-01 16:00:00,21.362
2022-04-01 17:00:00,5.516
2022-04-01 18:00:00,0.029
2022-04-01 19:00:00,0.0
2022-04-01 20:00:00,0.0
2022-04-01 21:00:00,0.0
2022-04-01 22:00:00,0.0
2022-04-01 23:00:00,0.0
2022-04-02 00:00:00,0.0
2022-04-02 01:00:00,0.0
2022-04-02 02:00:00,0.0
2022-04-02 03:00:00,0.0
2022-04-02 04:00:00,0.0
2022-04-02 05:00:00,0.0
2022-04-02 06:00:00,1.64
2022-04-02 07:00:00,13.784
2022-04-02 08:00:00,29.085
2022-04-02 09:00:00,41.807
2022-04-02 10:00:00,50.516
2022-04-02 11:00:00,55.054
2022-04-02 12:00:00,55.915
2022-04-02 13:00:00,53.078
2022-04-02 14:00:00,46.578
2022-04-02 15:00:00,36.402
2022-04-02 16:00:00,23.01
2022-04-02 17:00:00,8.708
2022-04-02 18:00:00,0.221
2022-04-02 19:00:00,0.0
2022-04-02 20:00:00,0.0
2022-04-02 21:00:00,0.0
2022-04-02 22:00:00,0.0
2022-04-02 23:00:00,0.0
2022-04-03 00:00:00,0.0
2022-04-03 01:00:00,0.0
2022-04-03 02:00:00,0.0
2022-04-03 03:00:00,0.0
2022-04-03 04:00:00,0.0
2022-04-03 05:00:00,0.0
2022-04-03 06:00:00,1.865
2022-04-03 07:00:00,14.987
2022-04-03 08:00:00,30.154
2022-04-03 09:00:00,42.272
2022-04-03 10:00:00,50.561
2022-04-03 11:00:00,54.54
2022-04-03 12:00:00,55.344
2022-04-03 13:00:00,52.539
2022-04-03 14:00:00,46.096
2022-04-03 15:00:00,35.991
2022-04-03 16:00:00,22.748
2022-04-03 17:00:00,8.652
2022-04-03 18:00:00,0.245
2022-04-03 19:00:00,0.0
2022-04-03 20:00:00,0.0
2022-04-03 21:00:00,0.0
2022-04-03 22:00:00,0.0
2022-04-03 23:00:00,0.0
2022-04-04 00:00:00,0.0
2022-04-04 01:00:00,0.0
2022-04-04 02:00:00,0.0
2022-04-04 03:00:00,0.0
2022-04-04 04:00:00,0.0
2022-04-04 05:00:00,0.0
2022-04-04 06:00:00,1.632
2022-04-04 07:00:00,12.154
2022-04-04 08:00:00,25.478
2022-04-04 09:00:00,36.772
2022-04-04 10:00:00,44.505
2022-04-04 11:00:00,48.372
2022-04-04 12:00:00,49.185
2022-04-04 13:00:00,45.032
2022-04-04 14:00:00,36.457
2022-04-04 15:00:00,27.285
2022-04-04 16:00:00,16.976
2022-04-04 17:00:00,6.543
2022-04-04 18:00:00,0.221
2022-04-04 19:00:00,0.0
2022-04-04 20:00:00,0.0
2022-04-04 21:00:00,0.0
2022-04-04 22:00:00,0.0
2022-04-04 23:00:00,0.0
2022-04-05 00:00:00,0.0
2022-04-05 01:00:00,0.0
2022-04-05 02:00:00,0.0
2022-04-05 03:00:00,0.0
2022-04-05 04:00:00,0.0
2022-04-05 05:00:00,0.0
2022-04-05 06:00:00,1.94
2022-04-05 07:00:00,13.007
2022-04-05 08:00:00,27.013
2022-04-05 09:00:00,38.736
2022-04-05 10:00:00,46.754
2022-04-05 11:00:00,49.365
2022-04-05 12:00:00,49.825
2022-04-05 13:00:00,47.074
2022-04-05 14:00:00,41.329
2022-04-05 15:00:00,32.424
2022-04-05 16:00:00,20.483
2022-04-05 17:00:00,7.789
2022-04-05 18:00:00,0.282
2022-04-05 19:00:00,0.0
2022-04-05 20:00:00,0.0
2022-04-05 21:00:00,0.0
2022-04-05 22:00:00,0.0
2022-04-05 23:00:00,0.0
2022-04-06 00:00:00,0.0
2022-04-06 01:00:00,0.0
2022-04-06 02:00:00,0.0
2022-04-06 03:00:00,0.0
2022-04-06 04:00:00,0.0
2022-04-06 05:00:00,0.0
2022-04-06 06:00:00,1.787
2022-04-06 07:00:00,11.629
2022-04-06 08:00:00,24.861
2022-04-06 09:00:00,36.774
2022-04-06 10:00:00,44.999
2022-04-06 11:00:00,47.295
2022-04-06 12:00:00,47.588
2022-04-06 13:00:00,44.943
2022-04-06 14:00:00,41.126
2022-04-06 15:00:00,34.186
2022-04-06 16:00:00,21.956
2022-04-06 17:00:00,8.537
2022-04-06 18:00:00,0.332
2022-04-06 19:00:00,0.0
2022-04-06 20:00:00,0.0
2022-04-06 21:00:00,0.0
2022-04-06 22:00:00,0.0
2022-04-06 23:00:00,0.0
2022-04-07 00:00:00,0.0
2022-04-07 01:00:00,0.0
2022-04-07 02:00:00,0.0
2022-04-07 03:00:00,0.0
2022-04-07 04:00:00,0.0
2022-04-07 05:00:00,0.0
2022-04-07 06:00:00,2.646
2022-04-07 07:00:00,15.961
2022-04-07 08:00:00,31.116
2022-04-07 09:00:00,43.084
2022-04-07 10:00:00,51.031
2022-04-07 11:00:00,54.165
2022-04-07 12:00:00,54.754
2022-04-07 13:00:00,51.911
2022-04-07 14:00:00,45.715
2022-04-07 15:00:00,36.108
2022-04-07 16:00:00,23.389
2022-04-07 17:00:00,9.459
2022-04-07 18:00:00,0.39
2022-04-07 19:00:00,0.0
2022-04-07 20:00:00,0.0
2022-04-07 21:00:00,0.0
2022-04-07 22:00:00,0.0
2022-04-07 23:00:00,0.0
2022-04-08 00:00:00,0.0
2022-04-08 01:00:00,0.0
2022-04-08 02:00:00,0.0
2022-04-08 03:00:00,0.0
2022-04-08 04:00:00,0.0
2022-04-08 05:00:00,0.0
2022-04-08 06:00:00,2.255
2022-04-08 07:00:00,13.431
2022-04-08 08:00:00,26.922
2022-04-08 09:00:00,38.125
2022-04-08 10:00:00,45.727
2022-04-08 11:00:00,47.453
2022-04-08 12:00:00,48.28
2022-04-08 13:00:00,45.665
2022-04-08 14:00:00,39.714
2022-04-08 15:00:00,30.695
2022-04-08 16:00:00,19.3
2022-04-08 17:00:00,7.619
2022-04-08 18:00:00,0.36
2022-04-08 19:00:00,0.0
2022-04-08 20:00:00,0.0
2022-04-08 21:00:00,0.0
2022-04-08 22:00:00,0.0
2022-04-08 23:00:00,0.0
2022-04-09 00:00:00,0.0
2022-04-09 01:00:00,0.0
2022-04-09 02:00:00,0.0
2022-04-09 03:00:00,0.0
2022-04-09 04:00:00,0.0
2022-04-09 05:00:00,0.0
2022-04-09 06:00:00,1.478
2022-04-09 07:00:00,7.569
2022-04-09 08:00:00,16.106
2022-04-09 09:00:00,26.334
2022-04-09 10:00:00,33.811
2022-04-09 11:00:00,34.237
2022-04-09 12:00:00,37.523
2022-04-09 13:00:00,40.601
2022-04-09 14:00:00,38.648
2022-04-09 15:00:00,30.387
2022-04-09 16:00:00,19.099
2022-04-09 17:00:00,7.605
2022-04-09 18:00:00,0.419
2022-04-09 19:00:00,0.0
2022-04-09 20:00:00,0.0
2022-04-09 21:00:00,0.0
2022-04-09 22:00:00,0.0
2022-04-09 23:00:00,0.0
2022-04-10 00:00:00,0.0
2022-04-10 01:00:00,0.0
2022-04-10 02:00:00,0.0
2022-04-10 03:00:00,0.0
2022-04-10 04:00:00,0.0
2022-04-10 05:00:00,0.0
2022-04-10 06:00:00,2.335
2022-04-10 07:00:00,12.61
2022-04-10 08:00:00,25.236
2022-04-10 09:00:00,36.108
2022-04-10 10:00:00,43.733
2022-04-10 11:00:00,44.83
2022-04-10 12:00:00,45.999
2022-04-10 13:00:00,44.057
2022-04-10 14:00:00,38.924
2022-04-10 15:00:00,30.537
2022-04-10 16:00:00,19.493
2022-04-10 17:00:00,7.914
2022-04-10 18:00:00,0.465
2022-04-10 19:00:00,0.0
2022-04-10 20:00:00,0.0
2022-04-10 21:00:00,0.0
2022-04-10 22:00:00,0.0
2022-04-10 23:00:00,0.0
2022-04-11 00:00:00,0.0
2022-04-11 01:00:00,0.0
2022-04-11 02:00:00,0.0
2022-04-11 03:00:00,0.0
2022-04-11 04:00:00,0.0
2022-04-11 05:00:00,0.0
2022-04-11 06:00:00,2.463
2022-04-11 07:00:00,13.046
2022-04-11 08:00:00,25.373
2022-04-11 09:00:00,34.092
2022-04-11 10:00:00,42.235
2022-04-11 11:00:00,45.939
2022-04-11 12:00:00,46.167
2022-04-11 13:00:00,43.031
2022-04-11 14:00:00,35.897
2022-04-11 15:00:00,23.81
2022-04-11 16:00:00,11.834
2022-04-11 17:00:00,3.597
2022-04-11 18:00:00,0.157
2022-04-11 19:00:00,0.0
2022-04-11 20:00:00,0.0
2022-04-11 21:00:00,0.0
2022-04-11 22:00:00,0.0
2022-04-11 23:00:00,0.0
2022-04-12 00:00:00,0.0
2022-04-12 01:00:00,0.0
2022-04-12 02:00:00,0.0
2022-04-12 03:00:00,0.0
2022-04-12 04:00:00,0.0
2022-04-12 05:00:00,0.0
2022-04-12 06:00:00,1.615
2022-04-12 07:00:00,9.886
2022-04-12 08:00:00,20.344
2022-04-12 09:00:00,15.427
2022-04-12 10:00:00,26.708
2022-04-12 11:00:00,33.106
2022-04-12 12:00:00,34.883
2022-04-12 13:00:00,30.176
2022-04-12 14:00:00,21.57
2022-04-12 15:00:00,14.177
2022-04-12 16:00:00,8.559
2022-04-12 17:00:00,3.687
2022-04-12 18:00:00,0.32
2022-04-12 19:00:00,0.0
2022-04-12 20:00:00,0.0
2022-04-12 21:00:00,0.0
2022-04-12 22:00:00,0.0
2022-04-12 23:00:00,0.0
2022-04-13 00:00:00,0.0
2022-04-13 01:00:00,0.0
2022-04-13 02:00:00,0.0
2022-04-13 03:00:00,0.0
2022-04-13 04:00:00,0.0
2022-04-13 05:00:00,0.0
2022-04-13 06:00:00,2.677
2022-04-13 07:00:00,12.418
2022-04-13 08:00:00,26.086
2022-04-13 09:00:00,38.265
2022-04-13 10:00:00,47.466
2022-04-13 11:00:00,52.29
2022-04-13 12:00:00,53.918
2022-04-13 13:00:00,50.895
2022-04-13 14:00:00,45.424
2022-04-13 15:00:00,35.791
2022-04-13 16:00:00,23.031
2022-04-13 17:00:00,9.585
2022-04-13 18:00:00,0.682
2022-04-13 19:00:00,0.0
2022-04-13 20:00:00,0.0
2022-04-13 21:00:00,0.0
2022-04-13 22:00:00,0.0
2022-04-13 23:00:00,0.0
2022-04-14 00:00:00,0.0
2022-04-14 01:00:00,0.0
2022-04-14 02:00:00,0.0
2022-04-14 03:00:00,0.0
2022-04-14 04:00:00,0.0
2022-04-14 05:00:00,0.0
2022-04-14 06:00:00,1.763
2022-04-14 07:00:00,10.012
2022-04-14 08:00:00,18.492
2022-04-14 09:00:00,21.703
2022-04-14 10:00:00,24.203
2022-04-14 11:00:00,28.938
2022-04-14 12:00:00,32.969
2022-04-14 13:00:00,32.883
2022-04-14 14:00:00,28.585
2022-04-14 15:00:00,26.156
2022-04-14 16:00:00,18.114
2022-04-14 17:00:00,8.05
2022-04-14 18:00:00,0.705
2022-04-14 19:00:00,0.0
2022-04-14 20:00:00,0.0
2022-04-14 21:00:00,0.0
2022-04-14 22:00:00,0.0
2022-04-14 23:00:00,0.0
2022-04-15 00:00:00,0.0
2022-04-15 01:00:00,0.0
2022-04-15 02:00:00,0.0
2022-04-15 03:00:00,0.0
2022-04-15 04:00:00,0.0
2022-04-15 05:00:00,0.0
2022-04-15 06:00:00,3.235
2022-04-15 07:00:00,13.023
2022-04-15 08:00:00,24.93
2022-04-15 09:00:00,35.8
2022-04-15 10:00:00,41.167
2022-04-15 11:00:00,46.824
2022-04-15 12:00:00,54.937
2022-04-15 13:00:00,51.869
2022-04-15 14:00:00,44.022
2022-04-15 15:00:00,34.768
2022-04-15 16:00:00,21.654
2022-04-15 17:00:00,8.136
2022-04-15 18:00:00,0.864
2022-04-15 19:00:00,0.0
2022-04-15 20:00:00,0.0
2022-04-15 21:00:00,0.0
2022-04-15 22:00:00,0.0
2022-04-15 23:00:00,0.0
2022-04-16 00:00:00,0.0
2022-04-16 01:00:00,0.0
2022-04-16 02:00:00,0.0
2022-04-16 03:00:00,0.0
2022-04-16 04:00:00,0.0
2022-04-16 05:00:00,0.0
2022-04-16 06:00:00,3.708
2022-04-16 07:00:00,16.482
2022-04-16 08:00:00,31.008
2022-04-16 09:00:00,41.933
2022-04-16 10:00:00,49.582
2022-04-16 11:00:00,53.977
2022-04-16 12:00:00,55.363
2022-04-16 13:00:00,52.787
2022-04-16 14:00:00,46.994
2022-04-16 15:00:00,37.555
2022-04-16 16:00:00,24.706
2022-04-16 17:00:00,10.582
2022-04-16 18:00:00,0.837
2022-04-16 19:00:00,0.0
2022-04-16 20:00:00,0.0
2022-04-16 21:00:00,0.0
2022-04-16 22:00:00,0.0
2022-04-16 23:00:00,0.0
2022-04-17 00:00:00,0.0
2022-04-17 01:00:00,0.0
2022-04-17 02:00:00,0.0
2022-04-17 03:00:00,0.0
2022-04-17 04:00:00,0.0
2022-04-17 05:00:00,0.0
2022-04-17 06:00:00,3.646
2022-04-17 07:00:00,16.232
2022-04-17 08:00:00,30.215
2022-04-17 09:00:00,41.586
2022-04-17 10:00:00,49.161
2022-04-17 11:00:00,52.129
2022-04-17 12:00:00,49.956
2022-04-17 13:00:00,43.048
2022-04-17 14:00:00,29.629
2022-04-17 15:00:00,19.56
2022-04-17 16:00:00,10.025
2022-04-17 17:00:00,3.866
2022-04-17 18:00:00,0.376
2022-04-17 19:00:00,0.0
2022-04-17 20:00:00,0.0
2022-04-17 21:00:00,0.0
2022-04-17 22:00:00,0.0
2022-04-17 23:00:00,0.0
2022-04-18 00:00:00,0.0
2022-04-18 01:00:00,0.0
2022-04-18 02:00:00,0.0
2022-04-18 03:00:00,0.0
2022-04-18 04:00:00,0.0
2022-04-18 05:00:00,0.0
2022-04-18 06:00:00,2.506
2022-04-18 07:00:00,10.125
2022-04-18 08:00:00,18.027
2022-04-18 09:00:00,25.038
2022-04-18 10:00:00,31.049
2022-04-18 11:00:00,37.145
2022-04-18 12:00:00,38.701
2022-04-18 13:00:00,38.907
2022-04-18 14:00:00,36.102
2022-04-18 15:00:00,29.735
2022-04-18 16:00:00,21.087
2022-04-18 17:00:00,9.646
2022-04-18 18:00:00,0.997
2022-04-18 19:00:00,0.0
2022-04-18 20:00:00,0.0
2022-04-18 21:00:00,0.0
2022-04-18 22:00:00,0.0
2022-04-18 23:00:00,0.0
2022-04-19 00:00:00,0.0
2022-04-19 01:00:00,0.0
2022-04-19 02:00:00,0.0
2022-04-19 03:00:00,0.0
2022-04-19 04:00:00,0.0
2022-04-19 05:00:00,0.0
2022-04-19 06:00:00,3.749
2022-04-19 07:00:00,15.324
2022-04-19 08:00:00,28.69
2022-04-19 09:00:00,39.824
2022-04-19 10:00:00,47.437
2022-04-19 11:00:00,51.437
2022-04-19 12:00:00,52.353
2022-04-19 13:00:00,50.003
2022-04-19 14:00:00,43.83
2022-04-19 15:00:00,34.833
2022-04-19 16:00:00,22.993
2022-04-19 17:00:00,10.254
2022-04-19 18:00:00,1.003
2022-04-19 19:00:00,0.0
2022-04-19 20:00:00,0.0
2022-04-19 21:00:00,0.0
2022-04-19 22:00:00,0.0
2022-04-19 23:00:00,0.0
2022-04-20 00:00:00,0.0
2022-04-20 01:00:00,0.0
2022-04-20 02:00:00,0.0
2022-04-20 03:00:00,0.0
2022-04-20 04:00:00,0.0
2022-04-20 05:00:00,0.0
2022-04-20 06:00:00,4.063
2022-04-20 07:00:00,16.957
2022-04-20 08:00:00,31.006
2022-04-20 09:00:00,41.88
2022-04-20 10:00:00,48.779
2022-04-20 11:00:00,51.96
2022-04-20 12:00:00,52.464
2022-04-20 13:00:00,49.733
2022-04-20 14:00:00,43.593
2022-04-20 15:00:00,34.477
2022-04-20 16:00:00,22.66
2022-04-20 17:00:00,10.05
2022-04-20 18:00:00,1.032
2022-04-20 19:00:00,0.0
2022-04-20 20:00:00,0.0
2022-04-20 21:00:00,0.0
2022-04-20 22:00:00,0.0
2022-04-20 23:00:00,0.0
2022-04-21 00:00:00,0.0
2022-04-21 01:00:00,0.0
2022-04-21 02:00:00,0.0
2022-04-21 03:00:00,0.0
2022-04-21 04:00:00,0.0
2022-04-21 05:00:00,0.0
2022-04-21 06:00:00,3.67
2022-04-21 07:00:00,14.235
2022-04-21 08:00:00,25.462
2022-04-21 09:00:00,34.4
2022-04-21 10:00:00,40.684
2022-04-21 11:00:00,45.138
2022-04-21 12:00:00,47.086
2022-04-21 13:00:00,42.173
2022-04-21 14:00:00,30.206
2022-04-21 15:00:00,23.868
2022-04-21 16:00:00,17.409
2022-04-21 17:00:00,7.612
2022-04-21 18:00:00,0.775
2022-04-21 19:00:00,0.0
2022-04-21 20:00:00,0.0
2022-04-21 21:00:00,0.0
2022-04-21 22:00:00,0.0
2022-04-21 23:00:00,0.0
2022-04-22 00:00:00,0.0
2022-04-22 01:00:00,0.0
2022-04-22 02:00:00,0.0
2022-04-22 03:00:00,0.0
2022-04-22 04:00:00,0.0
2022-04-22 05:00:00,0.0
2022-04-22 06:00:00,3.634
2022-04-22 07:00:00,13.889
2022-04-22 08:00:00,25.345
2022-04-22 09:00:00,31.849
2022-04-22 10:00:00,19.304
2022-04-22 11:00:00,17.661
2022-04-22 12:00:00,19.859
2022-04-22 13:00:00,22.882
2022-04-22 14:00:00,21.646
2022-04-22 15:00:00,14.581
2022-04-22 16:00:00,8.687
2022-04-22 17:00:00,4.239
2022-04-22 18:00:00,0.898
2022-04-22 19:00:00,0.0
2022-04-22 20:00:00,0.0
2022-04-22 21:00:00,0.0
2022-04-22 22:00:00,0.0
2022-04-22 23:00:00,0.0
2022-04-23 00:00:00,0.0
2022-04-23 01:00:00,0.0
2022-04-23 02:00:00,0.0
2022-04-23 03:00:00,0.0
2022-04-23 04:00:00,0.0
2022-04-23 05:00:00,0.0
2022-04-23 06:00:00,4.283
2022-04-23 07:00:00,15.636
2022-04-23 08:00:00,28.508
2022-04-23 09:00:00,39.273
2022-04-23 10:00:00,46.641
2022-04-23 11:00:00,51.228
2022-04-23 12:00:00,52.018
2022-04-23 13:00:00,49.499
2022-04-23 14:00:00,43.403
2022-04-23 15:00:00,34.498
2022-04-23 16:00:00,22.876
2022-04-23 17:00:00,10.382
2022-04-23 18:00:00,1.456
2022-04-23 19:00:00,0.0
2022-04-23 20:00:00,0.0
2022-04-23 21:00:00,0.0
2022-04-23 22:00:00,0.0
2022-04-23 23:00:00,0.0
2022-04-24 00:00:00,0.0
2022-04-24 01:00:00,0.0
2022-04-24 02:00:00,0.0
2022-04-24 03:00:00,0.0
2022-04-24 04:00:00,0.0
2022-04-24 05:00:00,0.0
2022-04-24 06:00:00,3.079
2022-04-24 07:00:00,12.778
2022-04-24 08:00:00,25.293
2022-04-24 09:00:00,30.581
2022-04-24 10:00:00,36.877
2022-04-24 11:00:00,39.33
2022-04-24 12:00:00,40.835
2022-04-24 13:00:00,24.715
2022-04-24 14:00:00,18.416
2022-04-24 15:00:00,13.622
2022-04-24 16:00:00,8.186
2022-04-24 17:00:00,3.443
2022-04-24 18:00:00,0.364
2022-04-24 19:00:00,0.0
2022-04-24 20:00:00,0.0
2022-04-24 21:00:00,0.0
2022-04-24 22:00:00,0.0
2022-04-24 23:00:00,0.0
2022-04-25 00:00:00,0.0
2022-04-25 01:00:00,0.0
2022-04-25 02:00:00,0.0
2022-04-25 03:00:00,0.0
2022-04-25 04:00:00,0.0
2022-04-25 05:00:00,0.0
2022-04-25 06:00:00,1.269
2022-04-25 07:00:00,7.856
2022-04-25 08:00:00,17.306
2022-04-25 09:00:00,25.631
2022-04-25 10:00:00,33.65
2022-04-25 11:00:00,35.613
2022-04-25 12:00:00,38.275
2022-04-25 13:00:00,39.521
2022-04-25 14:00:00,35.983
2022-04-25 15:00:00,28.326
2022-04-25 16:00:00,18.607
2022-04-25 17:00:00,8.529
2022-04-25 18:00:00,1.317
2022-04-25 19:00:00,0.0
2022-04-25 20:00:00,0.0
2022-04-25 21:00:00,0.0
2022-04-25 22:00:00,0.0
2022-04-25 23:00:00,0.0
2022-04-26 00:00:00,0.0
2022-04-26 01:00:00,0.0
2022-04-26 02:00:00,0.0
2022-04-26 03:00:00,0.0
2022-04-26 04:00:00,0.0
2022-04-26 05:00:00,0.0
2022-04-26 06:00:00,3.94
2022-04-26 07:00:00,14.566
2022-04-26 08:00:00,27.34
2022-04-26 09:00:00,38.61
2022-04-26 10:00:00,46.484
2022-04-26 11:00:00,49.924
2022-04-26 12:00:00,51.214
2022-04-26 13:00:00,49.176
2022-04-26 14:00:00,42.543
2022-04-26 15:00:00,33.81
2022-04-26 16:00:00,22.521
2022-04-26 17:00:00,10.534
2022-04-26 18:00:00,1.736
2022-04-26 19:00:00,0.0
2022-04-26 20:00:00,0.0
2022-04-26 21:00:00,0.0
2022-04-26 22:00:00,0.0
2022-04-26 23:00:00,0.0
2022-04-27 00:00:00,0.0
2022-04-27 01:00:00,0.0
2022-04-27 02:00:00,0.0
2022-04-27 03:00:00,0.0
2022-04-27 04:00:00,0.0
2022-04-27 05:00:00,0.0
2022-04-27 06:00:00,4.293
2022-04-27 07:00:00,16.049
2022-04-27 08:00:00,28.619
2022-04-27 09:00:00,38.932
2022-04-27 10:00:00,45.525
2022-04-27 11:00:00,48.776
2022-04-27 12:00:00,49.641
2022-04-27 13:00:00,40.034
2022-04-27 14:00:00,26.066
2022-04-27 15:00:00,18.89
2022-04-27 16:00:00,11.874
2022-04-27 17:00:00,5.55
2022-04-27 18:00:00,0.9
2022-04-27 19:00:00,0.0
2022-04-27 20:00:00,0.0
2022-04-27 21:00:00,0.0
2022-04-27 22:00:00,0.0
2022-04-27 23:00:00,0.0
2022-04-28 00:00:00,0.0
2022-04-28 01:00:00,0.0
2022-04-28 02:00:00,0.0
2022-04-28 03:00:00,0.0
2022-04-28 04:00:00,0.0
2022-04-28 05:00:00,0.0
2022-04-28 06:00:00,1.203
2022-04-28 07:00:00,4.795
2022-04-28 08:00:00,5.809
2022-04-28 09:00:00,8.33
2022-04-28 10:00:00,10.609
2022-04-28 11:00:00,11.687
2022-04-28 12:00:00,13.189
2022-04-28 13:00:00,12.164
2022-04-28 14:00:00,9.464
2022-04-28 15:00:00,6.812
2022-04-28 16:00:00,4.731
2022-04-28 17:00:00,2.442
2022-04-28 18:00:00,0.447
2022-04-28 19:00:00,0.0
2022-04-28 20:00:00,0.0
2022-04-28 21:00:00,0.0
2022-04-28 22:00:00,0.0
2022-04-28 23:00:00,0.0
2022-04-29 00:00:00,0.0
2022-04-29 01:00:00,0.0
2022-04-29 02:00:00,0.0
2022-04-29 03:00:00,0.0
2022-04-29 04:00:00,0.0
2022-04-29 05:00:00,0.013
2022-04-29 06:00:00,5.274
2022-04-29 07:00:00,13.327
2022-04-29 08:00:00,15.444
2022-04-29 09:00:00,19.405
2022-04-29 10:00:00,25.969
2022-04-29 11:00:00,29.733
2022-04-29 12:00:00,35.373
2022-04-29 13:00:00,28.189
2022-04-29 14:00:00,28.877
2022-04-29 15:00:00,22.457
2022-04-29 16:00:00,15.371
2022-04-29 17:00:00,7.181
2022-04-29 18:00:00,1.213
2022-04-29 19:00:00,0.0
2022-04-29 20:00:00,0.0
2022-04-29 21:00:00,0.0
2022-04-29 22:00:00,0.0
2022-04-29 23:00:00,0.0
2022-04-30 00:00:00,0.0
2022-04-30 01:00:00,0.0
2022-04-30 02:00:00,0.0
2022-04-30 03:00:00,0.0
2022-04-30 04:00:00,0.0
2022-04-30 05:00:00,0.0
2022-04-30 06:00:00,3.594
2022-04-30 07:00:00,10.742
2022-04-30 08:00:00,21.355
2022-04-30 09:00:00,31.846
2022-04-30 10:00:00,42.005
2022-04-30 11:00:00,48.474
2022-04-30 12:00:00,51.661
2022-04-30 13:00:00,46.468
2022-04-30 14:00:00,39.445
2022-04-30 15:00:00,29.48
2022-04-30 16:00:00,22.364
2022-04-30 17:00:00,12.472
2022-04-30 18:00:00,2.296
2022-04-30 19:00:00,0.0
2022-04-30 20:00:00,0.0
2022-04-30 21:00:00,0.0
2022-04-30 22:00:00,0.0
2022-04-30 23:00:00,0.0
2022-05-01 00:00:00,0.0
2022-05-01 01:00:00,0.0
2022-05-01 02:00:00,0.0
2022-05-01 03:00:00,0.0
2022-05-01 04:00:00,0.0
2022-05-01 05:00:00,0.05
2022-05-01 06:00:00,5.535
2022-05-01 07:00:00,19.435
2022-05-01 08:00:00,33.265
2022-05-01 09:00:00,43.463
2022-05-01 10:00:00,50.378
2022-05-01 11:00:00,54.064
2022-05-01 12:00:00,54.611
2022-05-01 13:00:00,52.03
2022-05-01 14:00:00,45.974
2022-05-01 15:00:00,37.02
2022-05-01 16:00:00,25.177
2022-05-01 17:00:00,11.929
2022-05-01 18:00:00,2.189
2022-05-01 19:00:00,0.0
2022-05-01 20:00:00,0.0
2022-05-01 21:00:00,0.0
2022-05-01 22:00:00,0.0
2022-05-01 23:00:00,0.0
2022-05-02 00:00:00,0.0
2022-05-02 01:00:00,0.0
2022-05-02 02:00:00,0.0
2022-05-02 03:00:00,0.0
2022-05-02 04:00:00,0.0
2022-05-02 05:00:00,0.049
2022-05-02 06:00:00,5.212
2022-05-02 07:00:00,17.423
2022-05-02 08:00:00,30.159
2022-05-02 09:00:00,40.193
2022-05-02 10:00:00,46.598
2022-05-02 11:00:00,50.898
2022-05-02 12:00:00,52.234
2022-05-02 13:00:00,50.042
2022-05-02 14:00:00,43.909
2022-05-02 15:00:00,35.248
2022-05-02 16:00:00,23.855
2022-05-02 17:00:00,11.436
2022-05-02 18:00:00,2.263
2022-05-02 19:00:00,0.0
2022-05-02 20:00:00,0.0
2022-05-02 21:00:00,0.0
2022-05-02 22:00:00,0.0
2022-05-02 23:00:00,0.0
2022-05-03 00:00:00,0.0
2022-05-03 01:00:00,0.0
2022-05-03 02:00:00,0.0
2022-05-03 03:00:00,0.0
2022-05-03 04:00:00,0.0
2022-05-03 05:00:00,0.059
2022-05-03 06:00:00,5.233
2022-05-03 07:00:00,17.054
2022-05-03 08:00:00,29.778
2022-05-03 09:00:00,40.099
2022-05-03 10:00:00,47.062
2022-05-03 11:00:00,50.556
2022-05-03 12:00:00,51.343
2022-05-03 13:00:00,49.144
2022-05-03 14:00:00,43.562
2022-05-03 15:00:00,35.194
2022-05-03 16:00:00,24.04
2022-05-03 17:00:00,11.634
2022-05-03 18:00:00,2.328
2022-05-03 19:00:00,0.0
2022-05-03 20:00:00,0.0
2022-05-03 21:00:00,0.0
2022-05-03 22:00:00,0.0
2022-05-03 23:00:00,0.0
2022-05-04 00:00:00,0.0
2022-05-04 01:00:00,0.0
2022-05-04 02:00:00,0.0
2022-05-04 03:00:00,0.0
2022-05-04 04:00:00,0.0
2022-05-04 05:00:00,0.083
2022-05-04 06:00:00,5.385
2022-05-04 07:00:00,17.624
2022-05-04 08:00:00,30.485
2022-05-04 09:00:00,40.668
2022-05-04 10:00:00,47.48
2022-05-04 11:00:00,51.127
2022-05-04 12:00:00,51.886
2022-05-04 13:00:00,49.641
2022-05-04 14:00:00,44.142
2022-05-04 15:00:00,35.59
2022-05-04 16:00:00,24.299
2022-05-04 17:00:00,11.76
2022-05-04 18:00:00,2.39
2022-05-04 19:00:00,0.0
2022-05-04 20:00:00,0.0
2022-05-04 21:00:00,0.0
2022-05-04 22:00:00,0.0
2022-05-04 23:00:00,0.0
2022-05-05 00:00:00,0.0
2022-05-05 01:00:00,0.0
2022-05-05 02:00:00,0.0
2022-05-05 03:00:00,0.0
2022-05-05 04:00:00,0.0
2022-05-05 05:00:00,0.094
2022-05-05 06:00:00,5.333
2022-05-05 07:00:00,16.893
2022-05-05 08:00:00,29.021
2022-05-05 09:00:00,38.965
2022-05-05 10:00:00,45.868
2022-05-05 11:00:00,50.322
2022-05-05 12:00:00,50.811
2022-05-05 13:00:00,48.272
2022-05-05 14:00:00,41.96
2022-05-05 15:00:00,32.406
2022-05-05 16:00:00,20.897
2022-05-05 17:00:00,9.986
2022-05-05 18:00:00,2.249
2022-05-05 19:00:00,0.0
2022-05-05 20:00:00,0.0
2022-05-05 21:00:00,0.0
2022-05-05 22:00:00,0.0
2022-05-05 23:00:00,0.0
2022-05-06 00:00:00,0.0
2022-05-06 01:00:00,0.0
2022-05-06 02:00:00,0.0
2022-05-06 03:00:00,0.0
2022-05-06 04:00:00,0.0
2022-05-06 05:00:00,0.092
2022-05-06 06:00:00,4.847
2022-05-06 07:00:00,14.004
2022-05-06 08:00:00,24.526
2022-05-06 09:00:00,34.947
2022-05-06 10:00:00,41.953
2022-05-06 11:00:00,42.41
2022-05-06 12:00:00,37.484
2022-05-06 13:00:00,35.395
2022-05-06 14:00:00,33.077
2022-05-06 15:00:00,24.163
2022-05-06 16:00:00,16.134
2022-05-06 17:00:00,8.381
2022-05-06 18:00:00,1.629
2022-05-06 19:00:00,0.0
2022-05-06 20:00:00,0.0
2022-05-06 21:00:00,0.0
2022-05-06 22:00:00,0.0
2022-05-06 23:00:00,0.0
2022-05-07 00:00:00,0.0
2022-05-07 01:00:00,0.0
2022-05-07 02:00:00,0.0
2022-05-07 03:00:00,0.0
2022-05-07 04:00:00,0.0
2022-05-07 05:00:00,0.001
2022-05-07 06:00:00,2.974
2022-05-07 07:00:00,9.115
2022-05-07 08:00:00,17.646
2022-05-07 09:00:00,18.835
2022-05-07 10:00:00,19.383
2022-05-07 11:00:00,26.193
2022-05-07 12:00:00,26.02
2022-05-07 13:00:00,19.312
2022-05-07 14:00:00,11.631
2022-05-07 15:00:00,8.621
2022-05-07 16:00:00,6.961
2022-05-07 17:00:00,3.538
2022-05-07 18:00:00,0.676
2022-05-07 19:00:00,0.0
2022-05-07 20:00:00,0.0
2022-05-07 21:00:00,0.0
2022-05-07 22:00:00,0.0
2022-05-07 23:00:00,0.0
2022-05-08 00:00:00,0.0
2022-05-08 01:00:00,0.0
2022-05-08 02:00:00,0.0
2022-05-08 03:00:00,0.0
2022-05-08 04:00:00,0.0
2022-05-08 05:00:00,0.115
2022-05-08 06:00:00,3.666
2022-05-08 07:00:00,7.254
2022-05-08 08:00:00,10.062
2022-05-08 09:00:00,12.614
2022-05-08 10:00:00,15.145
2022-05-08 11:00:00,19.159
2022-05-08 12:00:00,27.205
2022-05-08 13:00:00,27.913
2022-05-08 14:00:00,23.808
2022-05-08 15:00:00,18.286
2022-05-08 16:00:00,10.24
2022-05-08 17:00:00,3.729
2022-05-08 18:00:00,1.284
2022-05-08 19:00:00,0.0
2022-05-08 20:00:00,0.0
2022-05-08 21:00:00,0.0
2022-05-08 22:00:00,0.0
2022-05-08 23:00:00,0.0
2022-05-09 00:00:00,0.0
2022-05-09 01:00:00,0.0
2022-05-09 02:00:00,0.0
2022-05-09 03:00:00,0.0
2022-05-09 04:00:00,0.0
2022-05-09 05:00:00,0.0
2022-05-09 06:00:00,1.115
2022-05-09 07:00:00,3.348
2022-05-09 08:00:00,5.956
2022-05-09 09:00:00,8.469
2022-05-09 10:00:00,9.786
2022-05-09 11:00:00,10.547
2022-05-09 12:00:00,10.643
2022-05-09 13:00:00,10.373
2022-05-09 14:00:00,12.441
2022-05-09 15:00:00,17.353
2022-05-09 16:00:00,14.267
2022-05-09 17:00:00,6.609
2022-05-09 18:00:00,1.572
2022-05-09 19:00:00,0.0
2022-05-09 20:00:00,0.0
2022-05-09 21:00:00,0.0
2022-05-09 22:00:00,0.0
2022-05-09 23:00:00,0.0
2022-05-10 00:00:00,0.0
2022-05-10 01:00:00,0.0
2022-05-10 02:00:00,0.0
2022-05-10 03:00:00,0.0
2022-05-10 04:00:00,0.0
2022-05-10 05:00:00,0.24
2022-05-10 06:00:00,6.369
2022-05-10 07:00:00,17.682
2022-05-10 08:00:00,29.691
2022-05-10 09:00:00,40.132
2022-05-10 10:00:00,47.398
2022-05-10 11:00:00,51.3
2022-05-10 12:00:00,51.977
2022-05-10 13:00:00,49.408
2022-05-10 14:00:00,43.507
2022-05-10 15:00:00,34.707
2022-05-10 16:00:00,23.459
2022-05-10 17:00:00,11.68
2022-05-10 18:00:00,2.809
2022-05-10 19:00:00,0.0
2022-05-10 20:00:00,0.0
2022-05-10 21:00:00,0.0
2022-05-10 22:00:00,0.0
2022-05-10 23:00:00,0.0
2022-05-11 00:00:00,0.0
2022-05-11 01:00:00,0.0
2022-05-11 02:00:00,0.0
2022-05-11 03:00:00,0.0
2022-05-11 04:00:00,0.0
2022-05-11 05:00:00,0.0
2022-05-11 06:00:00,1.029
2022-05-11 07:00:00,4.188
2022-05-11 08:00:00,8.511
2022-05-11 09:00:00,13.134
2022-05-11 10:00:00,17.398
2022-05-11 11:00:00,24.57
2022-05-11 12:00:00,22.089
2022-05-11 13:00:00,13.093
2022-05-11 14:00:00,12.952
2022-05-11 15:00:00,9.608
2022-05-11 16:00:00,6.743
2022-05-11 17:00:00,3.384
2022-05-11 18:00:00,0.669
2022-05-11 19:00:00,0.0
2022-05-11 20:00:00,0.0
2022-05-11 21:00:00,0.0
2022-05-11 22:00:00,0.0
2022-05-11 23:00:00,0.0
2022-05-12 00:00:00,0.0
2022-05-12 01:00:00,0.0
2022-05-12 02:00:00,0.0
2022-05-12 03:00:00,0.0
2022-05-12 04:00:00,0.0
2022-05-12 05:00:00,0.0
2022-05-12 06:00:00,0.645
2022-05-12 07:00:00,4.2
2022-05-12 08:00:00,12.865
2022-05-12 09:00:00,22.844
2022-05-12 10:00:00,30.754
2022-05-12 11:00:00,36.38
2022-05-12 12:00:00,37.985
2022-05-12 13:00:00,31.385
2022-05-12 14:00:00,21.67
2022-05-12 15:00:00,11.43
2022-05-12 16:00:00,7.756
2022-05-12 17:00:00,4.71
2022-05-12 18:00:00,1.266
2022-05-12 19:00:00,0.0
2022-05-12 20:00:00,0.0
2022-05-12 21:00:00,0.0
2022-05-12 22:00:00,0.0
2022-05-12 23:00:00,0.0
2022-05-13 00:00:00,0.0
2022-05-13 01:00:00,0.0
2022-05-13 02:00:00,0.0
2022-05-13 03:00:00,0.0
2022-05-13 04:00:00,0.0
2022-05-13 05:00:00,0.334
2022-05-13 06:00:00,6.336
2022-05-13 07:00:00,18.133
2022-05-13 08:00:00,30.923
2022-05-13 09:00:00,41.264
2022-05-13 10:00:00,48.464
2022-05-13 11:00:00,53.279
2022-05-13 12:00:00,54.346
2022-05-13 13:00:00,52.154
2022-05-13 14:00:00,46.697
2022-05-13 15:00:00,37.692
2022-05-13 16:00:00,25.514
2022-05-13 17:00:00,12.342
2022-05-13 18:00:00,2.998
2022-05-13 19:00:00,0.0
2022-05-13 20:00:00,0.0
2022-05-13 21:00:00,0.0
2022-05-13 22:00:00,0.0
2022-05-13 23:00:00,0.0
2022-05-14 00:00:00,0.0
2022-05-14 01:00:00,0.0
2022-05-14 02:00:00,0.0
2022-05-14 03:00:00,0.0
2022-05-14 04:00:00,0.0
2022-05-14 05:00:00,0.217
2022-05-14 06:00:00,3.972
2022-05-14 07:00:00,9.533
2022-05-14 08:00:00,15.348
2022-05-14 09:00:00,20.421
2022-05-14 10:00:00,24.401
2022-05-14 11:00:00,26.908
2022-05-14 12:00:00,32.159
2022-05-14 13:00:00,33.763
2022-05-14 14:00:00,33.24
2022-05-14 15:00:00,32.646
2022-05-14 16:00:00,25.238
2022-05-14 17:00:00,12.971
2022-05-14 18:00:00,3.447
2022-05-14 19:00:00,0.0
2022-05-14 20:00:00,0.0
2022-05-14 21:00:00,0.0
2022-05-14 22:00:00,0.0
2022-05-14 23:00:00,0.0
2022-05-15 00:00:00,0.0
2022-05-15 01:00:00,0.0
2022-05-15 02:00:00,0.0
2022-05-15 03:00:00,0.0
2022-05-15 04:00:00,0.0
2022-05-15 05:00:00,0.391
2022-05-15 06:00:00,6.608
2022-05-15 07:00:00,18.164
2022-05-15 08:00:00,30.026
2022-05-15 09:00:00,39.826
2022-05-15 10:00:00,46.783
2022-05-15 11:00:00,50.733
2022-05-15 12:00:00,51.579
2022-05-15 13:00:00,49.433
2022-05-15 14:00:00,44.146
2022-05-15 15:00:00,35.629
2022-05-15 16:00:00,24.448
2022-05-15 17:00:00,12.161
2022-05-15 18:00:00,3.159
2022-05-15 19:00:00,0.0
2022-05-15 20:00:00,0.0
2022-05-15 21:00:00,0.0
2022-05-15 22:00:00,0.0
2022-05-15 23:00:00,0.0
2022-05-16 00:00:00,0.0
2022-05-16 01:00:00,0.0
2022-05-16 02:00:00,0.0
2022-05-16 03:00:00,0.0
2022-05-16 04:00:00,0.0
2022-05-16 05:00:00,0.377
2022-05-16 06:00:00,6.242
2022-05-16 07:00:00,18.727
2022-05-16 08:00:00,31.447
2022-05-16 09:00:00,41.341
2022-05-16 10:00:00,47.94
2022-05-16 11:00:00,51.949
2022-05-16 12:00:00,52.674
2022-05-16 13:00:00,50.383
2022-05-16 14:00:00,44.854
2022-05-16 15:00:00,36.356
2022-05-16 16:00:00,25.06
2022-05-16 17:00:00,12.436
2022-05-16 18:00:00,3.124
2022-05-16 19:00:00,0.0
2022-05-16 20:00:00,0.0
2022-05-16 21:00:00,0.0
2022-05-16 22:00:00,0.0
2022-05-16 23:00:00,0.0
2022-05-17 00:00:00,0.0
2022-05-17 01:00:00,0.0
2022-05-17 02:00:00,0.0
2022-05-17 03:00:00,0.0
2022-05-17 04:00:00,0.0
2022-05-17 05:00:00,0.388
2022-05-17 06:00:00,6.182
2022-05-17 07:00:00,18.207
2022-05-17 08:00:00,30.648
2022-05-17 09:00:00,40.184
2022-05-17 10:00:00,46.111
2022-05-17 11:00:00,49.66
2022-05-17 12:00:00,50.409
2022-05-17 13:00:00,48.512
2022-05-17 14:00:00,43.403
2022-05-17 15:00:00,35.169
2022-05-17 16:00:00,24.259
2022-05-17 17:00:00,12.225
2022-05-17 18:00:00,3.213
2022-05-17 19:00:00,0.0
2022-05-17 20:00:00,0.0
2022-05-17 21:00:00,0.0
2022-05-17 22:00:00,0.0
2022-05-17 23:00:00,0.0
2022-05-18 00:00:00,0.0
2022-05-18 01:00:00,0.0
2022-05-18 02:00:00,0.0
2022-05-18 03:00:00,0.0
2022-05-18 04:00:00,0.0
2022-05-18 05:00:00,0.407
2022-05-18 06:00:00,6.193
2022-05-18 07:00:00,17.375
2022-05-18 08:00:00,29.127
2022-05-18 09:00:00,38.425
2022-05-18 10:00:00,45.192
2022-05-18 11:00:00,46.768
2022-05-18 12:00:00,46.104
2022-05-18 13:00:00,40.1
2022-05-18 14:00:00,25.986
2022-05-18 15:00:00,16.12
2022-05-18 16:00:00,10.054
2022-05-18 17:00:00,5.688
2022-05-18 18:00:00,2.102
2022-05-18 19:00:00,0.0
2022-05-18 20:00:00,0.0
2022-05-18 21:00:00,0.0
2022-05-18 22:00:00,0.0
2022-05-18 23:00:00,0.0
2022-05-19 00:00:00,0.0
2022-05-19 01:00:00,0.0
2022-05-19 02:00:00,0.0
2022-05-19 03:00:00,0.0
2022-05-19 04:00:00,0.0
2022-05-19 05:00:00,0.389
2022-05-19 06:00:00,5.307
2022-05-19 07:00:00,11.731
2022-05-19 08:00:00,16.048
2022-05-19 09:00:00,21.2
2022-05-19 10:00:00,27.466
2022-05-19 11:00:00,37.592
2022-05-19 12:00:00,44.167
2022-05-19 13:00:00,43.078
2022-05-19 14:00:00,40.243
2022-05-19 15:00:00,32.937
2022-05-19 16:00:00,23.404
2022-05-19 17:00:00,12.359
2022-05-19 18:00:00,3.53
2022-05-19 19:00:00,0.0
2022-05-19 20:00:00,0.0
2022-05-19 21:00:00,0.0
2022-05-19 22:00:00,0.0
2022-05-19 23:00:00,0.0
2022-05-20 00:00:00,0.0
2022-05-20 01:00:00,0.0
2022-05-20 02:00:00,0.0
2022-05-20 03:00:00,0.0
2022-05-20 04:00:00,0.0
2022-05-20 05:00:00,0.495
2022-05-20 06:00:00,6.577
2022-05-20 07:00:00,17.569
2022-05-20 08:00:00,28.928
2022-05-20 09:00:00,38.493
2022-05-20 10:00:00,45.341
2022-05-20 11:00:00,49.62
2022-05-20 12:00:00,50.339
2022-05-20 13:00:00,48.061
2022-05-20 14:00:00,42.71
2022-05-20 15:00:00,34.567
2022-05-20 16:00:00,23.919
2022-05-20 17:00:00,12.262
2022-05-20 18:00:00,3.408
2022-05-20 19:00:00,0.0
2022-05-20 20:00:00,0.0
2022-05-20 21:00:00,0.0
2022-05-20 22:00:00,0.0
2022-05-20 23:00:00,0.0
2022-05-21 00:00:00,0.0
2022-05-21 01:00:00,0.0
2022-05-21 02:00:00,0.0
2022-05-21 03:00:00,0.0
2022-05-21 04:00:00,0.0
2022-05-21 05:00:00,0.476
2022-05-21 06:00:00,6.29
2022-05-21 07:00:00,17.116
2022-05-21 08:00:00,28.515
2022-05-21 09:00:00,37.93
2022-05-21 10:00:00,44.432
2022-05-21 11:00:00,48.49
2022-05-21 12:00:00,49.31
2022-05-21 13:00:00,47.248
2022-05-21 14:00:00,42.367
2022-05-21 15:00:00,34.518
2022-05-21 16:00:00,24.088
2022-05-21 17:00:00,12.373
2022-05-21 18:00:00,3.377
2022-05-21 19:00:00,0.0
2022-05-21 20:00:00,0.0
2022-05-21 21:00:00,0.0
2022-05-21 22:00:00,0.0
2022-05-21 23:00:00,0.0
2022-05-22 00:00:00,0.0
2022-05-22 01:00:00,0.0
2022-05-22 02:00:00,0.0
2022-05-22 03:00:00,0.0
2022-05-22 04:00:00,0.0
2022-05-22 05:00:00,0.517
2022-05-22 06:00:00,6.355
2022-05-22 07:00:00,17.558
2022-05-22 08:00:00,29.144
2022-05-22 09:00:00,38.34
2022-05-22 10:00:00,44.678
2022-05-22 11:00:00,46.963
2022-05-22 12:00:00,44.162
2022-05-22 13:00:00,37.85
2022-05-22 14:00:00,29.36
2022-05-22 15:00:00,22.097
2022-05-22 16:00:00,15.201
2022-05-22 17:00:00,8.621
2022-05-22 18:00:00,2.639
2022-05-22 19:00:00,0.0
2022-05-22 20:00:00,0.0
2022-05-22 21:00:00,0.0
2022-05-22 22:00:00,0.0
2022-05-22 23:00:00,0.0
2022-05-23 00:00:00,0.0
2022-05-23 01:00:00,0.0
2022-05-23 02:00:00,0.0
2022-05-23 03:00:00,0.0
2022-05-23 04:00:00,0.0
2022-05-23 05:00:00,0.535
2022-05-23 06:00:00,6.431
2022-05-23 07:00:00,16.679
2022-05-23 08:00:00,27.543
2022-05-23 09:00:00,36.408
2022-05-23 10:00:00,42.451
2022-05-23 11:00:00,45.218
2022-05-23 12:00:00,43.713
2022-05-23 13:00:00,38.157
2022-05-23 14:00:00,30.786
2022-05-23 15:00:00,22.296
2022-05-23 16:00:00,13.741
2022-05-23 17:00:00,7.317
2022-05-23 18:00:00,2.41
2022-05-23 19:00:00,0.0
2022-05-23 20:00:00,0.0
2022-05-23 21:00:00,0.0
2022-05-23 22:00:00,0.0
2022-05-23 23:00:00,0.0
2022-05-24 00:00:00,0.0
2022-05-24 01:00:00,0.0
2022-05-24 02:00:00,0.0
2022-05-24 03:00:00,0.0
2022-05-24 04:00:00,0.0
2022-05-24 05:00:00,0.533
2022-05-24 06:00:00,6.256
2022-05-24 07:00:00,15.903
2022-05-24 08:00:00,26.09
2022-05-24 09:00:00,34.75
2022-05-24 10:00:00,40.862
2022-05-24 11:00:00,46.219
2022-05-24 12:00:00,46.93
2022-05-24 13:00:00,44.74
2022-05-24 14:00:00,40.121
2022-05-24 15:00:00,32.257
2022-05-24 16:00:00,22.354
2022-05-24 17:00:00,11.956
2022-05-24 18:00:00,3.542
2022-05-24 19:00:00,0.0
2022-05-24 20:00:00,0.0
2022-05-24 21:00:00,0.0
2022-05-24 22:00:00,0.0
2022-05-24 23:00:00,0.0
2022-05-25 00:00:00,0.0
2022-05-25 01:00:00,0.0
2022-05-25 02:00:00,0.0
2022-05-25 03:00:00,0.0
2022-05-25 04:00:00,0.0
2022-05-25 05:00:00,0.519
2022-05-25 06:00:00,6.244
2022-05-25 07:00:00,16.46
2022-05-25 08:00:00,28.027
2022-05-25 09:00:00,38.314
2022-05-25 10:00:00,45.584
2022-05-25 11:00:00,46.37
2022-05-25 12:00:00,47.029
2022-05-25 13:00:00,43.627
2022-05-25 14:00:00,38.069
2022-05-25 15:00:00,27.363
2022-05-25 16:00:00,15.279
2022-05-25 17:00:00,9.051
2022-05-25 18:00:00,2.97
2022-05-25 19:00:00,0.0
2022-05-25 20:00:00,0.0
2022-05-25 21:00:00,0.0
2022-05-25 22:00:00,0.0
2022-05-25 23:00:00,0.0
2022-05-26 00:00:00,0.0
2022-05-26 01:00:00,0.0
2022-05-26 02:00:00,0.0
2022-05-26 03:00:00,0.0
2022-05-26 04:00:00,0.0
2022-05-26 05:00:00,0.6890000000000001
2022-05-26 06:00:00,6.89
2022-05-26 07:00:00,18.185
2022-05-26 08:00:00,30.055
2022-05-26 09:00:00,39.972
2022-05-26 10:00:00,46.592
2022-05-26 11:00:00,50.354
2022-05-26 12:00:00,50.911
2022-05-26 13:00:00,48.517
2022-05-26 14:00:00,43.323
2022-05-26 15:00:00,35.106
2022-05-26 16:00:00,24.383
2022-05-26 17:00:00,12.552
2022-05-26 18:00:00,3.582
2022-05-26 19:00:00,0.006
2022-05-26 20:00:00,0.0
2022-05-26 21:00:00,0.0
2022-05-26 22:00:00,0.0
2022-05-26 23:00:00,0.0
2022-05-27 00:00:00,0.0
2022-05-27 01:00:00,0.0
2022-05-27 02:00:00,0.0
2022-05-27 03:00:00,0.0
2022-05-27 04:00:00,0.0
2022-05-27 05:00:00,0.643
2022-05-27 06:00:00,6.47
2022-05-27 07:00:00,18.117
2022-05-27 08:00:00,30.115
2022-05-27 09:00:00,39.555
2022-05-27 10:00:00,46.121
2022-05-27 11:00:00,49.805
2022-05-27 12:00:00,50.534
2022-05-27 13:00:00,48.163
2022-05-27 14:00:00,43.038
2022-05-27 15:00:00,34.816
2022-05-27 16:00:00,24.078
2022-05-27 17:00:00,12.386
2022-05-27 18:00:00,3.635
2022-05-27 19:00:00,0.006
2022-05-27 20:00:00,0.0
2022-05-27 21:00:00,0.0
2022-05-27 22:00:00,0.0
2022-05-27 23:00:00,0.0
2022-05-28 00:00:00,0.0
2022-05-28 01:00:00,0.0
2022-05-28 02:00:00,0.0
2022-05-28 03:00:00,0.0
2022-05-28 04:00:00,0.0
2022-05-28 05:00:00,0.617
2022-05-28 06:00:00,6.404
2022-05-28 07:00:00,16.787
2022-05-28 08:00:00,27.639
2022-05-28 09:00:00,35.854
2022-05-28 10:00:00,40.503
2022-05-28 11:00:00,43.928
2022-05-28 12:00:00,46.404
2022-05-28 13:00:00,45.409
2022-05-28 14:00:00,40.849
2022-05-28 15:00:00,33.244
2022-05-28 16:00:00,23.214
2022-05-28 17:00:00,12.207
2022-05-28 18:00:00,3.724
2022-05-28 19:00:00,0.016
2022-05-28 20:00:00,0.0
2022-05-28 21:00:00,0.0
2022-05-28 22:00:00,0.0
2022-05-28 23:00:00,0.0
2022-05-29 00:00:00,0.0
2022-05-29 01:00:00,0.0
2022-05-29 02:00:00,0.0
2022-05-29 03:00:00,0.0
2022-05-29 04:00:00,0.0
2022-05-29 05:00:00,0.656
2022-05-29 06:00:00,6.439
2022-05-29 07:00:00,16.334
2022-05-29 08:00:00,26.74
2022-05-29 09:00:00,34.408
2022-05-29 10:00:00,39.659
2022-05-29 11:00:00,42.591
2022-05-29 12:00:00,32.516
2022-05-29 13:00:00,26.644
2022-05-29 14:00:00,33.935
2022-05-29 15:00:00,24.782
2022-05-29 16:00:00,17.738
2022-05-29 17:00:00,8.824
2022-05-29 18:00:00,2.348
2022-05-29 19:00:00,0.0
2022-05-29 20:00:00,0.0
2022-05-29 21:00:00,0.0
2022-05-29 22:00:00,0.0
2022-05-29 23:00:00,0.0
2022-05-30 00:00:00,0.0
2022-05-30 01:00:00,0.0
2022-05-30 02:00:00,0.0
2022-05-30 03:00:00,0.0
2022-05-30 04:00:00,0.0
2022-05-30 05:00:00,0.8250000000000001
2022-05-30 06:00:00,7.216
2022-05-30 07:00:00,19.079
2022-05-30 08:00:00,30.874
2022-05-30 09:00:00,40.481
2022-05-30 10:00:00,47.157
2022-05-30 11:00:00,51.031
2022-05-30 12:00:00,51.629
2022-05-30 13:00:00,49.279
2022-05-30 14:00:00,44.002
2022-05-30 15:00:00,35.76
2022-05-30 16:00:00,24.944
2022-05-30 17:00:00,12.813
2022-05-30 18:00:00,3.595
2022-05-30 19:00:00,0.039
2022-05-30 20:00:00,0.0
2022-05-30 21:00:00,0.0
2022-05-30 22:00:00,0.0
2022-05-30 23:00:00,0.0
2022-05-31 00:00:00,0.0
2022-05-31 01:00:00,0.0
2022-05-31 02:00:00,0.0
2022-05-31 03:00:00,0.0
2022-05-31 04:00:00,0.0
2022-05-31 05:00:00,0.728
2022-05-31 06:00:00,6.575
2022-05-31 07:00:00,17.561
2022-05-31 08:00:00,29.027
2022-05-31 09:00:00,38.125
2022-05-31 10:00:00,44.258
2022-05-31 11:00:00,47.787
2022-05-31 12:00:00,48.423
2022-05-31 13:00:00,46.41
2022-05-31 14:00:00,39.939
2022-05-31 15:00:00,27.32
2022-05-31 16:00:00,20.32
2022-05-31 17:00:00,11.48
2022-05-31 18:00:00,3.785
2022-05-31 19:00:00,0.031
2022-05-31 20:00:00,0.0
2022-05-31 21:00:00,0.0
2022-05-31 22:00:00,0.0
2022-05-31 23:00:00,0.0
2022-06-01 00:00:00,0.0
2022-06-01 01:00:00,0.0
2022-06-01 02:00:00,0.0
2022-06-01 03:00:00,0.0
2022-06-01 04:00:00,0.0
2022-06-01 05:00:00,0.765
2022-06-01 06:00:00,6.741
2022-06-01 07:00:00,17.236
2022-06-01 08:00:00,28.367
2022-06-01 09:00:00,37.704
2022-06-01 10:00:00,44.253
2022-06-01 11:00:00,48.992
2022-06-01 12:00:00,49.757
2022-06-01 13:00:00,47.632
2022-06-01 14:00:00,42.621
2022-06-01 15:00:00,34.704
2022-06-01 16:00:00,24.248
2022-06-01 17:00:00,12.679
2022-06-01 18:00:00,3.8
2022-06-01 19:00:00,0.054
2022-06-01 20:00:00,0.0
2022-06-01 21:00:00,0.0
2022-06-01 22:00:00,0.0
2022-06-01 23:00:00,0.0
2022-06-02 00:00:00,0.0
2022-06-02 01:00:00,0.0
2022-06-02 02:00:00,0.0
2022-06-02 03:00:00,0.0
2022-06-02 04:00:00,0.0
2022-06-02 05:00:00,0.788
2022-06-02 06:00:00,6.592
2022-06-02 07:00:00,16.805
2022-06-02 08:00:00,28.132
2022-06-02 09:00:00,38.267
2022-06-02 10:00:00,44.728
2022-06-02 11:00:00,47.743
2022-06-02 12:00:00,48.01
2022-06-02 13:00:00,44.594
2022-06-02 14:00:00,40.213
2022-06-02 15:00:00,32.787
2022-06-02 16:00:00,22.464
2022-06-02 17:00:00,11.848
2022-06-02 18:00:00,3.587
2022-06-02 19:00:00,0.004
2022-06-02 20:00:00,0.0
2022-06-02 21:00:00,0.0
2022-06-02 22:00:00,0.0
2022-06-02 23:00:00,0.0
2022-06-03 00:00:00,0.0
2022-06-03 01:00:00,0.0
2022-06-03 02:00:00,0.0
2022-06-03 03:00:00,0.0
2022-06-03 04:00:00,0.0
2022-06-03 05:00:00,0.784
2022-06-03 06:00:00,6.591
2022-06-03 07:00:00,16.573
2022-06-03 08:00:00,27.246
2022-06-03 09:00:00,35.809
2022-06-03 10:00:00,41.985
2022-06-03 11:00:00,46.314
2022-06-03 12:00:00,46.96
2022-06-03 13:00:00,44.913
2022-06-03 14:00:00,39.894
2022-06-03 15:00:00,31.743
2022-06-03 16:00:00,18.629
2022-06-03 17:00:00,6.345
2022-06-03 18:00:00,1.216
2022-06-03 19:00:00,0.0
2022-06-03 20:00:00,0.0
2022-06-03 21:00:00,0.0
2022-06-03 22:00:00,0.0
2022-06-03 23:00:00,0.0
2022-06-04 00:00:00,0.0
2022-06-04 01:00:00,0.0
2022-06-04 02:00:00,0.0
2022-06-04 03:00:00,0.0
2022-06-04 04:00:00,0.0
2022-06-04 05:00:00,0.74
2022-06-04 06:00:00,6.323
2022-06-04 07:00:00,14.477
2022-06-04 08:00:00,23.544
2022-06-04 09:00:00,32.008
2022-06-04 10:00:00,37.754
2022-06-04 11:00:00,39.962
2022-06-04 12:00:00,39.727
2022-06-04 13:00:00,36.047
2022-06-04 14:00:00,28.759
2022-06-04 15:00:00,24.887
2022-06-04 16:00:00,16.744
2022-06-04 17:00:00,8.118
2022-06-04 18:00:00,2.625
2022-06-04 19:00:00,0.0
2022-06-04 20:00:00,0.0
2022-06-04 21:00:00,0.0
2022-06-04 22:00:00,0.0
2022-06-04 23:00:00,0.0
2022-06-05 00:00:00,0.0
2022-06-05 01:00:00,0.0
2022-06-05 02:00:00,0.0
2022-06-05 03:00:00,0.0
2022-06-05 04:00:00,0.0
2022-06-05 05:00:00,0.753
2022-06-05 06:00:00,6.429
2022-06-05 07:00:00,17.423
2022-06-05 08:00:00,28.632
2022-06-05 09:00:00,38.43
2022-06-05 10:00:00,45.295
2022-06-05 11:00:00,49.061
2022-06-05 12:00:00,50.07
2022-06-05 13:00:00,48.126
2022-06-05 14:00:00,43.003
2022-06-05 15:00:00,35.065
2022-06-05 16:00:00,24.522
2022-06-05 17:00:00,12.742
2022-06-05 18:00:00,3.685
2022-06-05 19:00:00,0.08700000000000001
2022-06-05 20:00:00,0.0
2022-06-05 21:00:00,0.0
2022-06-05 22:00:00,0.0
2022-06-05 23:00:00,0.0
2022-06-06 00:00:00,0.0
2022-06-06 01:00:00,0.0
2022-06-06 02:00:00,0.0
2022-06-06 03:00:00,0.0
2022-06-06 04:00:00,0.0
2022-06-06 05:00:00,1.105
2022-06-06 06:00:00,6.531
2022-06-06 07:00:00,17.943
2022-06-06 08:00:00,29.577
2022-06-06 09:00:00,39.045
2022-06-06 10:00:00,45.405
2022-06-06 11:00:00,49.53
2022-06-06 12:00:00,48.817
2022-06-06 13:00:00,43.911
2022-06-06 14:00:00,39.313
2022-06-06 15:00:00,34.157
2022-06-06 16:00:00,24.339
2022-06-06 17:00:00,12.909
2022-06-06 18:00:00,4.025
2022-06-06 19:00:00,0.073
2022-06-06 20:00:00,0.0
2022-06-06 21:00:00,0.0
2022-06-06 22:00:00,0.0
2022-06-06 23:00:00,0.0
2022-06-07 00:00:00,0.0
2022-06-07 01:00:00,0.0
2022-06-07 02:00:00,0.0
2022-06-07 03:00:00,0.0
2022-06-07 04:00:00,0.0
2022-06-07 05:00:00,1.138
2022-06-07 06:00:00,6.809
2022-06-07 07:00:00,17.767
2022-06-07 08:00:00,29.048
2022-06-07 09:00:00,38.028
2022-06-07 10:00:00,44.121
2022-06-07 11:00:00,47.375
2022-06-07 12:00:00,47.181
2022-06-07 13:00:00,43.728
2022-06-07 14:00:00,37.372
2022-06-07 15:00:00,29.299
2022-06-07 16:00:00,19.2
2022-06-07 17:00:00,8.725
2022-06-07 18:00:00,2.514
2022-06-07 19:00:00,0.001
2022-06-07 20:00:00,0.0
2022-06-07 21:00:00,0.0
2022-06-07 22:00:00,0.0
2022-06-07 23:00:00,0.0
2022-06-08 00:00:00,0.0
2022-06-08 01:00:00,0.0
2022-06-08 02:00:00,0.0
2022-06-08 03:00:00,0.0
2022-06-08 04:00:00,0.0
2022-06-08 05:00:00,0.911
2022-06-08 06:00:00,6.728
2022-06-08 07:00:00,16.354
2022-06-08 08:00:00,26.486
2022-06-08 09:00:00,34.448
2022-06-08 10:00:00,40.928
2022-06-08 11:00:00,45.743
2022-06-08 12:00:00,46.163
2022-06-08 13:00:00,45.579
2022-06-08 14:00:00,40.642
2022-06-08 15:00:00,32.829
2022-06-08 16:00:00,22.914
2022-06-08 17:00:00,12.211
2022-06-08 18:00:00,4.041
2022-06-08 19:00:00,0.07100000000000001
2022-06-08 20:00:00,0.0
2022-06-08 21:00:00,0.0
2022-06-08 22:00:00,0.0
2022-06-08 23:00:00,0.0
2022-06-09 00:00:00,0.0
2022-06-09 01:00:00,0.0
2022-06-09 02:00:00,0.0
2022-06-09 03:00:00,0.0
2022-06-09 04:00:00,0.0
2022-06-09 05:00:00,0.378
2022-06-09 06:00:00,2.86
2022-06-09 07:00:00,7.645
2022-06-09 08:00:00,15.514
2022-06-09 09:00:00,22.553
2022-06-09 10:00:00,24.666
2022-06-09 11:00:00,24.007
2022-06-09 12:00:00,21.781
2022-06-09 13:00:00,17.491
2022-06-09 14:00:00,14.839
2022-06-09 15:00:00,11.044
2022-06-09 16:00:00,7.47
2022-06-09 17:00:00,4.11
2022-06-09 18:00:00,1.306
2022-06-09 19:00:00,0.0
2022-06-09 20:00:00,0.0
2022-06-09 21:00:00,0.0
2022-06-09 22:00:00,0.0
2022-06-09 23:00:00,0.0
2022-06-10 00:00:00,0.0
2022-06-10 01:00:00,0.0
2022-06-10 02:00:00,0.0
2022-06-10 03:00:00,0.0
2022-06-10 04:00:00,0.0
2022-06-10 05:00:00,0.035
2022-06-10 06:00:00,1.242
2022-06-10 07:00:00,4.166
2022-06-10 08:00:00,8.504
2022-06-10 09:00:00,13.717
2022-06-10 10:00:00,21.539
2022-06-10 11:00:00,31.854
2022-06-10 12:00:00,40.372
2022-06-10 13:00:00,43.685
2022-06-10 14:00:00,39.839
2022-06-10 15:00:00,32.424
2022-06-10 16:00:00,23.084
2022-06-10 17:00:00,12.84
2022-06-10 18:00:00,4.368
2022-06-10 19:00:00,0.107
2022-06-10 20:00:00,0.0
2022-06-10 21:00:00,0.0
2022-06-10 22:00:00,0.0
2022-06-10 23:00:00,0.0
2022-06-11 00:00:00,0.0
2022-06-11 01:00:00,0.0
2022-06-11 02:00:00,0.0
2022-06-11 03:00:00,0.0
2022-06-11 04:00:00,0.0
2022-06-11 05:00:00,0.9
2022-06-11 06:00:00,6.655
2022-06-11 07:00:00,16.445
2022-06-11 08:00:00,26.663
2022-06-11 09:00:00,34.169
2022-06-11 10:00:00,36.274
2022-06-11 11:00:00,36.45
2022-06-11 12:00:00,38.233
2022-06-11 13:00:00,40.548
2022-06-11 14:00:00,35.57
2022-06-11 15:00:00,28.62
2022-06-11 16:00:00,19.164
2022-06-11 17:00:00,10.483
2022-06-11 18:00:00,3.827
2022-06-11 19:00:00,0.07
2022-06-11 20:00:00,0.0
2022-06-11 21:00:00,0.0
2022-06-11 22:00:00,0.0
2022-06-11 23:00:00,0.0
2022-06-12 00:00:00,0.0
2022-06-12 01:00:00,0.0
2022-06-12 02:00:00,0.0
2022-06-12 03:00:00,0.0
2022-06-12 04:00:00,0.0
2022-06-12 05:00:00,0.111
2022-06-12 06:00:00,1.264
2022-06-12 07:00:00,3.606
2022-06-12 08:00:00,8.643
2022-06-12 09:00:00,10.203
2022-06-12 10:00:00,15.619
2022-06-12 11:00:00,19.762
2022-06-12 12:00:00,18.138
2022-06-12 13:00:00,23.099
2022-06-12 14:00:00,26.607
2022-06-12 15:00:00,28.173
2022-06-12 16:00:00,24.01
2022-06-12 17:00:00,13.679
2022-06-12 18:00:00,4.686
2022-06-12 19:00:00,0.138
2022-06-12 20:00:00,0.0
2022-06-12 21:00:00,0.0
2022-06-12 22:00:00,0.0
2022-06-12 23:00:00,0.0
2022-06-13 00:00:00,0.0
2022-06-13 01:00:00,0.0
2022-06-13 02:00:00,0.0
2022-06-13 03:00:00,0.0
2022-06-13 04:00:00,0.0
2022-06-13 05:00:00,1.218
2022-06-13 06:00:00,7.474
2022-06-13 07:00:00,17.598
2022-06-13 08:00:00,27.848
2022-06-13 09:00:00,36.869
2022-06-13 10:00:00,43.277
2022-06-13 11:00:00,46.83
2022-06-13 12:00:00,47.803
2022-06-13 13:00:00,45.947
2022-06-13 14:00:00,40.117
2022-06-13 15:00:00,31.182
2022-06-13 16:00:00,19.442
2022-06-13 17:00:00,9.877
2022-06-13 18:00:00,2.933
2022-06-13 19:00:00,0.017
2022-06-13 20:00:00,0.0
2022-06-13 21:00:00,0.0
2022-06-13 22:00:00,0.0
2022-06-13 23:00:00,0.0
2022-06-14 00:00:00,0.0
2022-06-14 01:00:00,0.0
2022-06-14 02:00:00,0.0
2022-06-14 03:00:00,0.0
2022-06-14 04:00:00,0.0
2022-06-14 05:00:00,1.019
2022-06-14 06:00:00,6.671
2022-06-14 07:00:00,16.613
2022-06-14 08:00:00,27.905
2022-06-14 09:00:00,37.417
2022-06-14 10:00:00,44.044
2022-06-14 11:00:00,47.904
2022-06-14 12:00:00,48.829
2022-06-14 13:00:00,46.625
2022-06-14 14:00:00,41.426
2022-06-14 15:00:00,33.681
2022-06-14 16:00:00,23.659
2022-06-14 17:00:00,12.795
2022-06-14 18:00:00,4.244
2022-06-14 19:00:00,0.112
2022-06-14 20:00:00,0.0
2022-06-14 21:00:00,0.0
2022-06-14 22:00:00,0.0
2022-06-14 23:00:00,0.0
2022-06-15 00:00:00,0.0
2022-06-15 01:00:00,0.0
2022-06-15 02:00:00,0.0
2022-06-15 03:00:00,0.0
2022-06-15 04:00:00,0.0
2022-06-15 05:00:00,1.148
2022-06-15 06:00:00,6.98
2022-06-15 07:00:00,17.145
2022-06-15 08:00:00,27.924
2022-06-15 09:00:00,36.977
2022-06-15 10:00:00,43.381
2022-06-15 11:00:00,46.824
2022-06-15 12:00:00,47.405
2022-06-15 13:00:00,45.11
2022-06-15 14:00:00,38.668
2022-06-15 15:00:00,30.158
2022-06-15 16:00:00,20.963
2022-06-15 17:00:00,11.569
2022-06-15 18:00:00,3.467
2022-06-15 19:00:00,0.062
2022-06-15 20:00:00,0.0
2022-06-15 21:00:00,0.0
2022-06-15 22:00:00,0.0
2022-06-15 23:00:00,0.0
2022-06-16 00:00:00,0.0
2022-06-16 01:00:00,0.0
2022-06-16 02:00:00,0.0
2022-06-16 03:00:00,0.0
2022-06-16 04:00:00,0.0
2022-06-16 05:00:00,1.039
2022-06-16 06:00:00,6.781
2022-06-16 07:00:00,16.199
2022-06-16 08:00:00,26.253
2022-06-16 09:00:00,34.762
2022-06-16 10:00:00,40.623
2022-06-16 11:00:00,42.254
2022-06-16 12:00:00,42.443
2022-06-16 13:00:00,40.753
2022-06-16 14:00:00,36.469
2022-06-16 15:00:00,29.747
2022-06-16 16:00:00,20.828
2022-06-16 17:00:00,11.451
2022-06-16 18:00:00,3.792
2022-06-16 19:00:00,0.063
2022-06-16 20:00:00,0.0
2022-06-16 21:00:00,0.0
2022-06-16 22:00:00,0.0
2022-06-16 23:00:00,0.0
2022-06-17 00:00:00,0.0
2022-06-17 01:00:00,0.0
2022-06-17 02:00:00,0.0
2022-06-17 03:00:00,0.0
2022-06-17 04:00:00,0.0
2022-06-17 05:00:00,1.101
2022-06-17 06:00:00,6.947
2022-06-17 07:00:00,16.706
2022-06-17 08:00:00,27.113
2022-06-17 09:00:00,35.841
2022-06-17 10:00:00,41.873
2022-06-17 11:00:00,44.311
2022-06-17 12:00:00,44.564
2022-06-17 13:00:00,42.208
2022-06-17 14:00:00,36.999
2022-06-17 15:00:00,29.67
2022-06-17 16:00:00,20.949
2022-06-17 17:00:00,11.769
2022-06-17 18:00:00,4.002
2022-06-17 19:00:00,0.109
2022-06-17 20:00:00,0.0
2022-06-17 21:00:00,0.0
2022-06-17 22:00:00,0.0
2022-06-17 23:00:00,0.0
2022-06-18 00:00:00,0.0
2022-06-18 01:00:00,0.0
2022-06-18 02:00:00,0.0
2022-06-18 03:00:00,0.0
2022-06-18 04:00:00,0.0
2022-06-18 05:00:00,0.78
2022-06-18 06:00:00,5.147
2022-06-18 07:00:00,11.952
2022-06-18 08:00:00,19.069
2022-06-18 09:00:00,25.841
2022-06-18 10:00:00,32.672
2022-06-18 11:00:00,38.891
2022-06-18 12:00:00,41.796
2022-06-18 13:00:00,40.723
2022-06-18 14:00:00,36.621
2022-06-18 15:00:00,30.099
2022-06-18 16:00:00,21.353
2022-06-18 17:00:00,11.925
2022-06-18 18:00:00,4.07
2022-06-18 19:00:00,0.106
2022-06-18 20:00:00,0.0
2022-06-18 21:00:00,0.0
2022-06-18 22:00:00,0.0
2022-06-18 23:00:00,0.0
2022-06-19 00:00:00,0.0
2022-06-19 01:00:00,0.0
2022-06-19 02:00:00,0.0
2022-06-19 03:00:00,0.0
2022-06-19 04:00:00,0.0
2022-06-19 05:00:00,1.003
2022-06-19 06:00:00,6.73
2022-06-19 07:00:00,16.036
2022-06-19 08:00:00,25.975
2022-06-19 09:00:00,34.423
2022-06-19 10:00:00,40.041
2022-06-19 11:00:00,43.31
2022-06-19 12:00:00,43.89
2022-06-19 13:00:00,41.992
2022-06-19 14:00:00,37.067
2022-06-19 15:00:00,30.144
2022-06-19 16:00:00,21.205
2022-06-19 17:00:00,11.683
2022-06-19 18:00:00,3.975
2022-06-19 19:00:00,0.109
2022-06-19 20:00:00,0.0
2022-06-19 21:00:00,0.0
2022-06-19 22:00:00,0.0
2022-06-19 23:00:00,0.0
2022-06-20 00:00:00,0.0
2022-06-20 01:00:00,0.0
2022-06-20 02:00:00,0.0
2022-06-20 03:00:00,0.0
2022-06-20 04:00:00,0.0
2022-06-20 05:00:00,1.033
2022-06-20 06:00:00,6.487
2022-06-20 07:00:00,14.748
2022-06-20 08:00:00,22.522
2022-06-20 09:00:00,29.771
2022-06-20 10:00:00,36.178
2022-06-20 11:00:00,42.071
2022-06-20 12:00:00,44.052
2022-06-20 13:00:00,42.907
2022-06-20 14:00:00,37.543
2022-06-20 15:00:00,30.648
2022-06-20 16:00:00,21.844
2022-06-20 17:00:00,12.276
2022-06-20 18:00:00,4.23
2022-06-20 19:00:00,0.131
2022-06-20 20:00:00,0.0
2022-06-20 21:00:00,0.0
2022-06-20 22:00:00,0.0
2022-06-20 23:00:00,0.0
2022-06-21 00:00:00,0.0
2022-06-21 01:00:00,0.0
2022-06-21 02:00:00,0.0
2022-06-21 03:00:00,0.0
2022-06-21 04:00:00,0.0
2022-06-21 05:00:00,0.376
2022-06-21 06:00:00,3.377
2022-06-21 07:00:00,8.443
2022-06-21 08:00:00,15.193
2022-06-21 09:00:00,25.308
2022-06-21 10:00:00,36.473
2022-06-21 11:00:00,43.675
2022-06-21 12:00:00,44.804
2022-06-21 13:00:00,43.141
2022-06-21 14:00:00,38.945
2022-06-21 15:00:00,31.91
2022-06-21 16:00:00,22.668
2022-06-21 17:00:00,12.582
2022-06-21 18:00:00,4.265
2022-06-21 19:00:00,0.126
2022-06-21 20:00:00,0.0
2022-06-21 21:00:00,0.0
2022-06-21 22:00:00,0.0
2022-06-21 23:00:00,0.0
2022-06-22 00:00:00,0.0
2022-06-22 01:00:00,0.0
2022-06-22 02:00:00,0.0
2022-06-22 03:00:00,0.0
2022-06-22 04:00:00,0.0
2022-06-22 05:00:00,0.898
2022-06-22 06:00:00,6.082
2022-06-22 07:00:00,15.058
2022-06-22 08:00:00,25.657
2022-06-22 09:00:00,34.518
2022-06-22 10:00:00,40.466
2022-06-22 11:00:00,42.176
2022-06-22 12:00:00,43.087
2022-06-22 13:00:00,40.719
2022-06-22 14:00:00,34.526
2022-06-22 15:00:00,26.871
2022-06-22 16:00:00,16.456
2022-06-22 17:00:00,7.803
2022-06-22 18:00:00,2.729
2022-06-22 19:00:00,0.035
2022-06-22 20:00:00,0.0
2022-06-22 21:00:00,0.0
2022-06-22 22:00:00,0.0
2022-06-22 23:00:00,0.0
2022-06-23 00:00:00,0.0
2022-06-23 01:00:00,0.0
2022-06-23 02:00:00,0.0
2022-06-23 03:00:00,0.0
2022-06-23 04:00:00,0.0
2022-06-23 05:00:00,0.854
2022-06-23 06:00:00,6.125
2022-06-23 07:00:00,15.544
2022-06-23 08:00:00,25.829
2022-06-23 09:00:00,34.882
2022-06-23 10:00:00,41.494
2022-06-23 11:00:00,47.381
2022-06-23 12:00:00,48.119
2022-06-23 13:00:00,46.108
2022-06-23 14:00:00,41.342
2022-06-23 15:00:00,33.957
2022-06-23 16:00:00,24.173
2022-06-23 17:00:00,13.108
2022-06-23 18:00:00,4.035
2022-06-23 19:00:00,0.16
2022-06-23 20:00:00,0.0
2022-06-23 21:00:00,0.0
2022-06-23 22:00:00,0.0
2022-06-23 23:00:00,0.0
2022-06-24 00:00:00,0.0
2022-06-24 01:00:00,0.0
2022-06-24 02:00:00,0.0
2022-06-24 03:00:00,0.0
2022-06-24 04:00:00,0.0
2022-06-24 05:00:00,1.012
2022-06-24 06:00:00,6.598
2022-06-24 07:00:00,17.611
2022-06-24 08:00:00,28.778
2022-06-24 09:00:00,37.752
2022-06-24 10:00:00,44.074
2022-06-24 11:00:00,47.743
2022-06-24 12:00:00,48.482
2022-06-24 13:00:00,46.451
2022-06-24 14:00:00,41.547
2022-06-24 15:00:00,34.051
2022-06-24 16:00:00,24.164
2022-06-24 17:00:00,13.051
2022-06-24 18:00:00,3.95
2022-06-24 19:00:00,0.157
2022-06-24 20:00:00,0.0
2022-06-24 21:00:00,0.0
2022-06-24 22:00:00,0.0
2022-06-24 23:00:00,0.0
2022-06-25 00:00:00,0.0
2022-06-25 01:00:00,0.0
2022-06-25 02:00:00,0.0
2022-06-25 03:00:00,0.0
2022-06-25 04:00:00,0.0
2022-06-25 05:00:00,0.989
2022-06-25 06:00:00,6.524
2022-06-25 07:00:00,16.505
2022-06-25 08:00:00,26.861
2022-06-25 09:00:00,35.231
2022-06-25 10:00:00,41.265
2022-06-25 11:00:00,43.905
2022-06-25 12:00:00,44.859
2022-06-25 13:00:00,42.943
2022-06-25 14:00:00,35.633
2022-06-25 15:00:00,30.028
2022-06-25 16:00:00,22.621
2022-06-25 17:00:00,12.574
2022-06-25 18:00:00,4.127
2022-06-25 19:00:00,0.108
2022-06-25 20:00:00,0.0
2022-06-25 21:00:00,0.0
2022-06-25 22:00:00,0.0
2022-06-25 23:00:00,0.0
2022-06-26 00:00:00,0.0
2022-06-26 01:00:00,0.0
2022-06-26 02:00:00,0.0
2022-06-26 03:00:00,0.0
2022-06-26 04:00:00,0.0
2022-06-26 05:00:00,0.889
2022-06-26 06:00:00,5.757
2022-06-26 07:00:00,12.273
2022-06-26 08:00:00,18.512
2022-06-26 09:00:00,26.251
2022-06-26 10:00:00,34.123
2022-06-26 11:00:00,37.387
2022-06-26 12:00:00,36.462
2022-06-26 13:00:00,38.827
2022-06-26 14:00:00,37.296
2022-06-26 15:00:00,30.578
2022-06-26 16:00:00,21.923
2022-06-26 17:00:00,12.03
2022-06-26 18:00:00,3.669
2022-06-26 19:00:00,0.041
2022-06-26 20:00:00,0.0
2022-06-26 21:00:00,0.0
2022-06-26 22:00:00,0.0
2022-06-26 23:00:00,0.0
2022-06-27 00:00:00,0.0
2022-06-27 01:00:00,0.0
2022-06-27 02:00:00,0.0
2022-06-27 03:00:00,0.0
2022-06-27 04:00:00,0.0
2022-06-27 05:00:00,0.387
2022-06-27 06:00:00,5.286
2022-06-27 07:00:00,15.266
2022-06-27 08:00:00,25.442
2022-06-27 09:00:00,32.46
2022-06-27 10:00:00,34.082
2022-06-27 11:00:00,32.127
2022-06-27 12:00:00,33.571
2022-06-27 13:00:00,35.126
2022-06-27 14:00:00,33.292
2022-06-27 15:00:00,28.157
2022-06-27 16:00:00,19.365
2022-06-27 17:00:00,10.446
2022-06-27 18:00:00,3.704
2022-06-27 19:00:00,0.099
2022-06-27 20:00:00,0.0
2022-06-27 21:00:00,0.0
2022-06-27 22:00:00,0.0
2022-06-27 23:00:00,0.0
2022-06-28 00:00:00,0.0
2022-06-28 01:00:00,0.0
2022-06-28 02:00:00,0.0
2022-06-28 03:00:00,0.0
2022-06-28 04:00:00,0.0
2022-06-28 05:00:00,0.9560000000000001
2022-06-28 06:00:00,6.835
2022-06-28 07:00:00,16.206
2022-06-28 08:00:00,25.841
2022-06-28 09:00:00,34.547
2022-06-28 10:00:00,40.454
2022-06-28 11:00:00,42.94
2022-06-28 12:00:00,42.86
2022-06-28 13:00:00,40.268
2022-06-28 14:00:00,34.981
2022-06-28 15:00:00,28.047
2022-06-28 16:00:00,17.008
2022-06-28 17:00:00,9.649000000000001
2022-06-28 18:00:00,3.166
2022-06-28 19:00:00,0.045
2022-06-28 20:00:00,0.0
2022-06-28 21:00:00,0.0
2022-06-28 22:00:00,0.0
2022-06-28 23:00:00,0.0
2022-06-29 00:00:00,0.0
2022-06-29 01:00:00,0.0
2022-06-29 02:00:00,0.0
2022-06-29 03:00:00,0.0
2022-06-29 04:00:00,0.0
2022-06-29 05:00:00,0.88
2022-06-29 06:00:00,6.506
2022-06-29 07:00:00,15.757
2022-06-29 08:00:00,25.919
2022-06-29 09:00:00,34.737
2022-06-29 10:00:00,40.786
2022-06-29 11:00:00,44.729
2022-06-29 12:00:00,45.37
2022-06-29 13:00:00,43.405
2022-06-29 14:00:00,39.09
2022-06-29 15:00:00,31.277
2022-06-29 16:00:00,21.843
2022-06-29 17:00:00,12.173
2022-06-29 18:00:00,3.984
2022-06-29 19:00:00,0.093
2022-06-29 20:00:00,0.0
2022-06-29 21:00:00,0.0
2022-06-29 22:00:00,0.0
2022-06-29 23:00:00,0.0
2022-06-30 00:00:00,0.0
2022-06-30 01:00:00,0.0
2022-06-30 02:00:00,0.0
2022-06-30 03:00:00,0.0
2022-06-30 04:00:00,0.0
2022-06-30 05:00:00,0.52
2022-06-30 06:00:00,4.24
2022-06-30 07:00:00,11.248
2022-06-30 08:00:00,24.656
2022-06-30 09:00:00,35.149
2022-06-30 10:00:00,39.759
2022-06-30 11:00:00,40.138
2022-06-30 12:00:00,40.09
2022-06-30 13:00:00,38.948
2022-06-30 14:00:00,33.527
2022-06-30 15:00:00,27.002
2022-06-30 16:00:00,18.589
2022-06-30 17:00:00,10.086
2022-06-30 18:00:00,3.423
2022-06-30 19:00:00,0.062
2022-06-30 20:00:00,0.0
2022-06-30 21:00:00,0.0
2022-06-30 22:00:00,0.0
2022-06-30 23:00:00,0.0
2022-07-01 00:00:00,0.0
2022-07-01 01:00:00,0.0
2022-07-01 02:00:00,0.0
2022-07-01 03:00:00,0.0
2022-07-01 04:00:00,0.0
2022-07-01 05:00:00,0.845
2022-07-01 06:00:00,6.373
2022-07-01 07:00:00,15.28
2022-07-01 08:00:00,24.268
2022-07-01 09:00:00,32.349
2022-07-01 10:00:00,39.368
2022-07-01 11:00:00,43.185
2022-07-01 12:00:00,42.841
2022-07-01 13:00:00,39.658
2022-07-01 14:00:00,33.928
2022-07-01 15:00:00,26.377
2022-07-01 16:00:00,17.714
2022-07-01 17:00:00,9.746
2022-07-01 18:00:00,3.412
2022-07-01 19:00:00,0.058
2022-07-01 20:00:00,0.0
2022-07-01 21:00:00,0.0
2022-07-01 22:00:00,0.0
2022-07-01 23:00:00,0.0
2022-07-02 00:00:00,0.0
2022-07-02 01:00:00,0.0
2022-07-02 02:00:00,0.0
2022-07-02 03:00:00,0.0
2022-07-02 04:00:00,0.0
2022-07-02 05:00:00,0.854
2022-07-02 06:00:00,6.396
2022-07-02 07:00:00,15.307
2022-07-02 08:00:00,24.401
2022-07-02 09:00:00,31.037
2022-07-02 10:00:00,35.103
2022-07-02 11:00:00,35.241
2022-07-02 12:00:00,30.534
2022-07-02 13:00:00,26.422
2022-07-02 14:00:00,20.468
2022-07-02 15:00:00,12.553
2022-07-02 16:00:00,7.292
2022-07-02 17:00:00,3.515
2022-07-02 18:00:00,1.116
2022-07-02 19:00:00,0.0
2022-07-02 20:00:00,0.0
2022-07-02 21:00:00,0.0
2022-07-02 22:00:00,0.0
2022-07-02 23:00:00,0.0
2022-07-03 00:00:00,0.0
2022-07-03 01:00:00,0.0
2022-07-03 02:00:00,0.0
2022-07-03 03:00:00,0.0
2022-07-03 04:00:00,0.0
2022-07-03 05:00:00,0.477
2022-07-03 06:00:00,4.525
2022-07-03 07:00:00,8.914
2022-07-03 08:00:00,10.32
2022-07-03 09:00:00,13.292
2022-07-03 10:00:00,16.425
2022-07-03 11:00:00,21.269
2022-07-03 12:00:00,22.439
2022-07-03 13:00:00,20.608
2022-07-03 14:00:00,20.955
2022-07-03 15:00:00,19.913
2022-07-03 16:00:00,17.576
2022-07-03 17:00:00,11.754
2022-07-03 18:00:00,4.217
2022-07-03 19:00:00,0.08700000000000001
2022-07-03 20:00:00,0.0
2022-07-03 21:00:00,0.0
2022-07-03 22:00:00,0.0
2022-07-03 23:00:00,0.0
2022-07-04 00:00:00,0.0
2022-07-04 01:00:00,0.0
2022-07-04 02:00:00,0.0
2022-07-04 03:00:00,0.0
2022-07-04 04:00:00,0.0
2022-07-04 05:00:00,0.733
2022-07-04 06:00:00,5.934
2022-07-04 07:00:00,14.375
2022-07-04 08:00:00,23.849
2022-07-04 09:00:00,34.053
2022-07-04 10:00:00,40.858
2022-07-04 11:00:00,45.872
2022-07-04 12:00:00,46.001
2022-07-04 13:00:00,43.563
2022-07-04 14:00:00,38.796
2022-07-04 15:00:00,31.717
2022-07-04 16:00:00,22.502
2022-07-04 17:00:00,12.27
2022-07-04 18:00:00,3.959
2022-07-04 19:00:00,0.078
2022-07-04 20:00:00,0.0
2022-07-04 21:00:00,0.0
2022-07-04 22:00:00,0.0
2022-07-04 23:00:00,0.0
2022-07-05 00:00:00,0.0
2022-07-05 01:00:00,0.0
2022-07-05 02:00:00,0.0
2022-07-05 03:00:00,0.0
2022-07-05 04:00:00,0.0
2022-07-05 05:00:00,0.743
2022-07-05 06:00:00,5.717
2022-07-05 07:00:00,13.053
2022-07-05 08:00:00,22.65
2022-07-05 09:00:00,30.685
2022-07-05 10:00:00,32.82
2022-07-05 11:00:00,35.539
2022-07-05 12:00:00,30.083
2022-07-05 13:00:00,26.482
2022-07-05 14:00:00,22.998
2022-07-05 15:00:00,17.97
2022-07-05 16:00:00,13.476
2022-07-05 17:00:00,7.632
2022-07-05 18:00:00,2.731
2022-07-05 19:00:00,0.004
2022-07-05 20:00:00,0.0
2022-07-05 21:00:00,0.0
2022-07-05 22:00:00,0.0
2022-07-05 23:00:00,0.0
2022-07-06 00:00:00,0.0
2022-07-06 01:00:00,0.0
2022-07-06 02:00:00,0.0
2022-07-06 03:00:00,0.0
2022-07-06 04:00:00,0.0
2022-07-06 05:00:00,0.288
2022-07-06 06:00:00,3.331
2022-07-06 07:00:00,6.931
2022-07-06 08:00:00,10.089
2022-07-06 09:00:00,13.345
2022-07-06 10:00:00,17.295
2022-07-06 11:00:00,20.652
2022-07-06 12:00:00,26.419
2022-07-06 13:00:00,31.612
2022-07-06 14:00:00,37.416
2022-07-06 15:00:00,33.388
2022-07-06 16:00:00,24.397
2022-07-06 17:00:00,13.618
2022-07-06 18:00:00,4.46
2022-07-06 19:00:00,0.11
2022-07-06 20:00:00,0.0
2022-07-06 21:00:00,0.0
2022-07-06 22:00:00,0.0
2022-07-06 23:00:00,0.0
2022-07-07 00:00:00,0.0
2022-07-07 01:00:00,0.0
2022-07-07 02:00:00,0.0
2022-07-07 03:00:00,0.0
2022-07-07 04:00:00,0.0
2022-07-07 05:00:00,0.972
2022-07-07 06:00:00,6.87
2022-07-07 07:00:00,17.283
2022-07-07 08:00:00,27.951
2022-07-07 09:00:00,37.199
2022-07-07 10:00:00,43.662
2022-07-07 11:00:00,47.501
2022-07-07 12:00:00,48.115
2022-07-07 13:00:00,45.928
2022-07-07 14:00:00,41.078
2022-07-07 15:00:00,33.425
2022-07-07 16:00:00,23.547
2022-07-07 17:00:00,12.792
2022-07-07 18:00:00,3.988
2022-07-07 19:00:00,0.073
2022-07-07 20:00:00,0.0
2022-07-07 21:00:00,0.0
2022-07-07 22:00:00,0.0
2022-07-07 23:00:00,0.0
2022-07-08 00:00:00,0.0
2022-07-08 01:00:00,0.0
2022-07-08 02:00:00,0.0
2022-07-08 03:00:00,0.0
2022-07-08 04:00:00,0.0
2022-07-08 05:00:00,0.794
2022-07-08 06:00:00,6.264
2022-07-08 07:00:00,16.054
2022-07-08 08:00:00,26.634
2022-07-08 09:00:00,35.589
2022-07-08 10:00:00,41.936
2022-07-08 11:00:00,47.258
2022-07-08 12:00:00,47.906
2022-07-08 13:00:00,45.793
2022-07-08 14:00:00,41.016
2022-07-08 15:00:00,33.376
2022-07-08 16:00:00,23.478
2022-07-08 17:00:00,12.717
2022-07-08 18:00:00,3.954
2022-07-08 19:00:00,0.066
2022-07-08 20:00:00,0.0
2022-07-08 21:00:00,0.0
2022-07-08 22:00:00,0.0
2022-07-08 23:00:00,0.0
2022-07-09 00:00:00,0.0
2022-07-09 01:00:00,0.0
2022-07-09 02:00:00,0.0
2022-07-09 03:00:00,0.0
2022-07-09 04:00:00,0.0
2022-07-09 05:00:00,0.756
2022-07-09 06:00:00,6.096
2022-07-09 07:00:00,15.319
2022-07-09 08:00:00,24.104
2022-07-09 09:00:00,26.903
2022-07-09 10:00:00,25.137
2022-07-09 11:00:00,27.516
2022-07-09 12:00:00,33.84
2022-07-09 13:00:00,37.181
2022-07-09 14:00:00,31.339
2022-07-09 15:00:00,24.158
2022-07-09 16:00:00,14.507
2022-07-09 17:00:00,5.222
2022-07-09 18:00:00,1.195
2022-07-09 19:00:00,0.0
2022-07-09 20:00:00,0.0
2022-07-09 21:00:00,0.0
2022-07-09 22:00:00,0.0
2022-07-09 23:00:00,0.0
2022-07-10 00:00:00,0.0
2022-07-10 01:00:00,0.0
2022-07-10 02:00:00,0.0
2022-07-10 03:00:00,0.0
2022-07-10 04:00:00,0.0
2022-07-10 05:00:00,0.536
2022-07-10 06:00:00,5.077
2022-07-10 07:00:00,11.887
2022-07-10 08:00:00,17.608
2022-07-10 09:00:00,20.763
2022-07-10 10:00:00,20.496
2022-07-10 11:00:00,19.186
2022-07-10 12:00:00,20.296
2022-07-10 13:00:00,19.016
2022-07-10 14:00:00,15.684
2022-07-10 15:00:00,11.292
2022-07-10 16:00:00,9.514
2022-07-10 17:00:00,6.63
2022-07-10 18:00:00,3.052
2022-07-10 19:00:00,0.033
2022-07-10 20:00:00,0.0
2022-07-10 21:00:00,0.0
2022-07-10 22:00:00,0.0
2022-07-10 23:00:00,0.0
2022-07-11 00:00:00,0.0
2022-07-11 01:00:00,0.0
2022-07-11 02:00:00,0.0
2022-07-11 03:00:00,0.0
2022-07-11 04:00:00,0.0
2022-07-11 05:00:00,0.687
2022-07-11 06:00:00,4.588
2022-07-11 07:00:00,10.294
2022-07-11 08:00:00,13.15
2022-07-11 09:00:00,16.493
2022-07-11 10:00:00,21.857
2022-07-11 11:00:00,23.958
2022-07-11 12:00:00,31.071
2022-07-11 13:00:00,33.924
2022-07-11 14:00:00,25.278
2022-07-11 15:00:00,12.635
2022-07-11 16:00:00,6.133
2022-07-11 17:00:00,3.21
2022-07-11 18:00:00,0.753
2022-07-11 19:00:00,0.0
2022-07-11 20:00:00,0.0
2022-07-11 21:00:00,0.0
2022-07-11 22:00:00,0.0
2022-07-11 23:00:00,0.0
2022-07-12 00:00:00,0.0
2022-07-12 01:00:00,0.0
2022-07-12 02:00:00,0.0
2022-07-12 03:00:00,0.0
2022-07-12 04:00:00,0.0
2022-07-12 05:00:00,0.092
2022-07-12 06:00:00,1.544
2022-07-12 07:00:00,4.256
2022-07-12 08:00:00,8.295
2022-07-12 09:00:00,13.503
2022-07-12 10:00:00,18.949
2022-07-12 11:00:00,22.951
2022-07-12 12:00:00,26.938
2022-07-12 13:00:00,30.898
2022-07-12 14:00:00,32.681
2022-07-12 15:00:00,26.92
2022-07-12 16:00:00,19.008
2022-07-12 17:00:00,8.596
2022-07-12 18:00:00,1.882
2022-07-12 19:00:00,0.0
2022-07-12 20:00:00,0.0
2022-07-12 21:00:00,0.0
2022-07-12 22:00:00,0.0
2022-07-12 23:00:00,0.0
2022-07-13 00:00:00,0.0
2022-07-13 01:00:00,0.0
2022-07-13 02:00:00,0.0
2022-07-13 03:00:00,0.0
2022-07-13 04:00:00,0.0
2022-07-13 05:00:00,0.322
2022-07-13 06:00:00,2.562
2022-07-13 07:00:00,6.61
2022-07-13 08:00:00,10.403
2022-07-13 09:00:00,15.699
2022-07-13 10:00:00,20.855
2022-07-13 11:00:00,23.392
2022-07-13 12:00:00,26.233
2022-07-13 13:00:00,29.82
2022-07-13 14:00:00,32.48
2022-07-13 15:00:00,29.399
2022-07-13 16:00:00,22.102
2022-07-13 17:00:00,12.541
2022-07-13 18:00:00,3.998
2022-07-13 19:00:00,0.027
2022-07-13 20:00:00,0.0
2022-07-13 21:00:00,0.0
2022-07-13 22:00:00,0.0
2022-07-13 23:00:00,0.0
2022-07-14 00:00:00,0.0
2022-07-14 01:00:00,0.0
2022-07-14 02:00:00,0.0
2022-07-14 03:00:00,0.0
2022-07-14 04:00:00,0.0
2022-07-14 05:00:00,0.749
2022-07-14 06:00:00,6.479
2022-07-14 07:00:00,16.073
2022-07-14 08:00:00,25.864
2022-07-14 09:00:00,34.936
2022-07-14 10:00:00,41.714
2022-07-14 11:00:00,46.581
2022-07-14 12:00:00,44.986
2022-07-14 13:00:00,40.966
2022-07-14 14:00:00,35.27
2022-07-14 15:00:00,28.46
2022-07-14 16:00:00,20.658
2022-07-14 17:00:00,11.552
2022-07-14 18:00:00,3.595
2022-07-14 19:00:00,0.008
2022-07-14 20:00:00,0.0
2022-07-14 21:00:00,0.0
2022-07-14 22:00:00,0.0
2022-07-14 23:00:00,0.0
2022-07-15 00:00:00,0.0
2022-07-15 01:00:00,0.0
2022-07-15 02:00:00,0.0
2022-07-15 03:00:00,0.0
2022-07-15 04:00:00,0.0
2022-07-15 05:00:00,0.643
2022-07-15 06:00:00,6.087
2022-07-15 07:00:00,14.96
2022-07-15 08:00:00,23.42
2022-07-15 09:00:00,30.253
2022-07-15 10:00:00,36.098
2022-07-15 11:00:00,40.442
2022-07-15 12:00:00,42.712
2022-07-15 13:00:00,39.565
2022-07-15 14:00:00,32.541
2022-07-15 15:00:00,23.953
2022-07-15 16:00:00,13.49
2022-07-15 17:00:00,6.419
2022-07-15 18:00:00,1.915
2022-07-15 19:00:00,0.0
2022-07-15 20:00:00,0.0
2022-07-15 21:00:00,0.0
2022-07-15 22:00:00,0.0
2022-07-15 23:00:00,0.0
2022-07-16 00:00:00,0.0
2022-07-16 01:00:00,0.0
2022-07-16 02:00:00,0.0
2022-07-16 03:00:00,0.0
2022-07-16 04:00:00,0.0
2022-07-16 05:00:00,0.153
2022-07-16 06:00:00,2.369
2022-07-16 07:00:00,7.52
2022-07-16 08:00:00,12.875
2022-07-16 09:00:00,15.906
2022-07-16 10:00:00,19.977
2022-07-16 11:00:00,22.317
2022-07-16 12:00:00,20.46
2022-07-16 13:00:00,20.248
2022-07-16 14:00:00,18.883
2022-07-16 15:00:00,14.527
2022-07-16 16:00:00,11.93
2022-07-16 17:00:00,7.347
2022-07-16 18:00:00,2.196
2022-07-16 19:00:00,0.0
2022-07-16 20:00:00,0.0
2022-07-16 21:00:00,0.0
2022-07-16 22:00:00,0.0
2022-07-16 23:00:00,0.0
2022-07-17 00:00:00,0.0
2022-07-17 01:00:00,0.0
2022-07-17 02:00:00,0.0
2022-07-17 03:00:00,0.0
2022-07-17 04:00:00,0.0
2022-07-17 05:00:00,0.734
2022-07-17 06:00:00,6.657
2022-07-17 07:00:00,16.468
2022-07-17 08:00:00,27.189
2022-07-17 09:00:00,36.77
2022-07-17 10:00:00,43.503
2022-07-17 11:00:00,48.632
2022-07-17 12:00:00,49.22
2022-07-17 13:00:00,47.012
2022-07-17 14:00:00,42.071
2022-07-17 15:00:00,34.257
2022-07-17 16:00:00,24.067
2022-07-17 17:00:00,12.808
2022-07-17 18:00:00,3.616
2022-07-17 19:00:00,0.011
2022-07-17 20:00:00,0.0
2022-07-17 21:00:00,0.0
2022-07-17 22:00:00,0.0
2022-07-17 23:00:00,0.0
2022-07-18 00:00:00,0.0
2022-07-18 01:00:00,0.0
2022-07-18 02:00:00,0.0
2022-07-18 03:00:00,0.0
2022-07-18 04:00:00,0.0
2022-07-18 05:00:00,0.623
2022-07-18 06:00:00,5.877
2022-07-18 07:00:00,16.575
2022-07-18 08:00:00,27.093
2022-07-18 09:00:00,36.301
2022-07-18 10:00:00,42.001
2022-07-18 11:00:00,47.35
2022-07-18 12:00:00,47.908
2022-07-18 13:00:00,45.74
2022-07-18 14:00:00,40.571
2022-07-18 15:00:00,32.596
2022-07-18 16:00:00,22.915
2022-07-18 17:00:00,12.343
2022-07-18 18:00:00,3.654
2022-07-18 19:00:00,0.0
2022-07-18 20:00:00,0.0
2022-07-18 21:00:00,0.0
2022-07-18 22:00:00,0.0
2022-07-18 23:00:00,0.0
2022-07-19 00:00:00,0.0
2022-07-19 01:00:00,0.0
2022-07-19 02:00:00,0.0
2022-07-19 03:00:00,0.0
2022-07-19 04:00:00,0.0
2022-07-19 05:00:00,0.083
2022-07-19 06:00:00,2.027
2022-07-19 07:00:00,5.816
2022-07-19 08:00:00,10.84
2022-07-19 09:00:00,15.432
2022-07-19 10:00:00,16.181
2022-07-19 11:00:00,17.815
2022-07-19 12:00:00,19.285
2022-07-19 13:00:00,23.055
2022-07-19 14:00:00,26.497
2022-07-19 15:00:00,24.936
2022-07-19 16:00:00,17.058
2022-07-19 17:00:00,6.025
2022-07-19 18:00:00,1.23
2022-07-19 19:00:00,0.0
2022-07-19 20:00:00,0.0
2022-07-19 21:00:00,0.0
2022-07-19 22:00:00,0.0
2022-07-19 23:00:00,0.0
2022-07-20 00:00:00,0.0
2022-07-20 01:00:00,0.0
2022-07-20 02:00:00,0.0
2022-07-20 03:00:00,0.0
2022-07-20 04:00:00,0.0
2022-07-20 05:00:00,0.07100000000000001
2022-07-20 06:00:00,2.355
2022-07-20 07:00:00,8.018
2022-07-20 08:00:00,17.374
2022-07-20 09:00:00,27.583
2022-07-20 10:00:00,36.347
2022-07-20 11:00:00,43.747
2022-07-20 12:00:00,46.167
2022-07-20 13:00:00,44.591
2022-07-20 14:00:00,40.85
2022-07-20 15:00:00,33.301
2022-07-20 16:00:00,23.301
2022-07-20 17:00:00,11.939
2022-07-20 18:00:00,3.376
2022-07-20 19:00:00,0.0
2022-07-20 20:00:00,0.0
2022-07-20 21:00:00,0.0
2022-07-20 22:00:00,0.0
2022-07-20 23:00:00,0.0
2022-07-21 00:00:00,0.0
2022-07-21 01:00:00,0.0
2022-07-21 02:00:00,0.0
2022-07-21 03:00:00,0.0
2022-07-21 04:00:00,0.0
2022-07-21 05:00:00,0.59
2022-07-21 06:00:00,6.039
2022-07-21 07:00:00,16.772
2022-07-21 08:00:00,28.033
2022-07-21 09:00:00,37.415
2022-07-21 10:00:00,43.93
2022-07-21 11:00:00,47.982
2022-07-21 12:00:00,48.636
2022-07-21 13:00:00,46.422
2022-07-21 14:00:00,41.62
2022-07-21 15:00:00,33.804
2022-07-21 16:00:00,23.706
2022-07-21 17:00:00,12.626
2022-07-21 18:00:00,3.523
2022-07-21 19:00:00,0.0
2022-07-21 20:00:00,0.0
2022-07-21 21:00:00,0.0
2022-07-21 22:00:00,0.0
2022-07-21 23:00:00,0.0
2022-07-22 00:00:00,0.0
2022-07-22 01:00:00,0.0
2022-07-22 02:00:00,0.0
2022-07-22 03:00:00,0.0
2022-07-22 04:00:00,0.0
2022-07-22 05:00:00,0.423
2022-07-22 06:00:00,5.579
2022-07-22 07:00:00,12.565
2022-07-22 08:00:00,16.297
2022-07-22 09:00:00,19.382
2022-07-22 10:00:00,16.077
2022-07-22 11:00:00,21.372
2022-07-22 12:00:00,15.905
2022-07-22 13:00:00,13.152
2022-07-22 14:00:00,11.299
2022-07-22 15:00:00,8.013
2022-07-22 16:00:00,5.376
2022-07-22 17:00:00,3.135
2022-07-22 18:00:00,1.132
2022-07-22 19:00:00,0.0
2022-07-22 20:00:00,0.0
2022-07-22 21:00:00,0.0
2022-07-22 22:00:00,0.0
2022-07-22 23:00:00,0.0
2022-07-23 00:00:00,0.0
2022-07-23 01:00:00,0.0
2022-07-23 02:00:00,0.0
2022-07-23 03:00:00,0.0
2022-07-23 04:00:00,0.0
2022-07-23 05:00:00,0.577
2022-07-23 06:00:00,6.597
2022-07-23 07:00:00,16.812
2022-07-23 08:00:00,27.306
2022-07-23 09:00:00,37.185
2022-07-23 10:00:00,43.821
2022-07-23 11:00:00,47.886
2022-07-23 12:00:00,48.847
2022-07-23 13:00:00,46.912
2022-07-23 14:00:00,42.157
2022-07-23 15:00:00,34.325
2022-07-23 16:00:00,24.175
2022-07-23 17:00:00,12.828
2022-07-23 18:00:00,3.412
2022-07-23 19:00:00,0.0
2022-07-23 20:00:00,0.0
2022-07-23 21:00:00,0.0
2022-07-23 22:00:00,0.0
2022-07-23 23:00:00,0.0
2022-07-24 00:00:00,0.0
2022-07-24 01:00:00,0.0
2022-07-24 02:00:00,0.0
2022-07-24 03:00:00,0.0
2022-07-24 04:00:00,0.0
2022-07-24 05:00:00,0.472
2022-07-24 06:00:00,5.68
2022-07-24 07:00:00,16.203
2022-07-24 08:00:00,27.406
2022-07-24 09:00:00,36.759
2022-07-24 10:00:00,43.221
2022-07-24 11:00:00,48.481
2022-07-24 12:00:00,49.186
2022-07-24 13:00:00,46.955
2022-07-24 14:00:00,42.069
2022-07-24 15:00:00,34.198
2022-07-24 16:00:00,23.884
2022-07-24 17:00:00,12.544
2022-07-24 18:00:00,3.338
2022-07-24 19:00:00,0.0
2022-07-24 20:00:00,0.0
2022-07-24 21:00:00,0.0
2022-07-24 22:00:00,0.0
2022-07-24 23:00:00,0.0
2022-07-25 00:00:00,0.0
2022-07-25 01:00:00,0.0
2022-07-25 02:00:00,0.0
2022-07-25 03:00:00,0.0
2022-07-25 04:00:00,0.0
2022-07-25 05:00:00,0.441
2022-07-25 06:00:00,5.575
2022-07-25 07:00:00,16.07
2022-07-25 08:00:00,27.382
2022-07-25 09:00:00,36.639
2022-07-25 10:00:00,42.868
2022-07-25 11:00:00,44.963
2022-07-25 12:00:00,43.738
2022-07-25 13:00:00,39.524
2022-07-25 14:00:00,33.52
2022-07-25 15:00:00,25.545
2022-07-25 16:00:00,15.719
2022-07-25 17:00:00,6.503
2022-07-25 18:00:00,1.496
2022-07-25 19:00:00,0.0
2022-07-25 20:00:00,0.0
2022-07-25 21:00:00,0.0
2022-07-25 22:00:00,0.0
2022-07-25 23:00:00,0.0
2022-07-26 00:00:00,0.0
2022-07-26 01:00:00,0.0
2022-07-26 02:00:00,0.0
2022-07-26 03:00:00,0.0
2022-07-26 04:00:00,0.0
2022-07-26 05:00:00,0.355
2022-07-26 06:00:00,5.411
2022-07-26 07:00:00,14.185
2022-07-26 08:00:00,24.108
2022-07-26 09:00:00,34.787
2022-07-26 10:00:00,42.229
2022-07-26 11:00:00,46.703
2022-07-26 12:00:00,47.661
2022-07-26 13:00:00,45.583
2022-07-26 14:00:00,40.474
2022-07-26 15:00:00,32.322
2022-07-26 16:00:00,22.231
2022-07-26 17:00:00,11.827
2022-07-26 18:00:00,3.147
2022-07-26 19:00:00,0.0
2022-07-26 20:00:00,0.0
2022-07-26 21:00:00,0.0
2022-07-26 22:00:00,0.0
2022-07-26 23:00:00,0.0
2022-07-27 00:00:00,0.0
2022-07-27 01:00:00,0.0
2022-07-27 02:00:00,0.0
2022-07-27 03:00:00,0.0
2022-07-27 04:00:00,0.0
2022-07-27 05:00:00,0.369
2022-07-27 06:00:00,5.451
2022-07-27 07:00:00,15.21
2022-07-27 08:00:00,25.798
2022-07-27 09:00:00,33.482
2022-07-27 10:00:00,36.497
2022-07-27 11:00:00,39.259
2022-07-27 12:00:00,39.293
2022-07-27 13:00:00,37.435
2022-07-27 14:00:00,30.187
2022-07-27 15:00:00,20.342
2022-07-27 16:00:00,10.402
2022-07-27 17:00:00,4.749
2022-07-27 18:00:00,1.203
2022-07-27 19:00:00,0.0
2022-07-27 20:00:00,0.0
2022-07-27 21:00:00,0.0
2022-07-27 22:00:00,0.0
2022-07-27 23:00:00,0.0
2022-07-28 00:00:00,0.0
2022-07-28 01:00:00,0.0
2022-07-28 02:00:00,0.0
2022-07-28 03:00:00,0.0
2022-07-28 04:00:00,0.0
2022-07-28 05:00:00,0.095
2022-07-28 06:00:00,3.487
2022-07-28 07:00:00,9.169
2022-07-28 08:00:00,15.27
2022-07-28 09:00:00,22.874
2022-07-28 10:00:00,30.611
2022-07-28 11:00:00,39.905
2022-07-28 12:00:00,45.505
2022-07-28 13:00:00,44.147
2022-07-28 14:00:00,40.44
2022-07-28 15:00:00,33.182
2022-07-28 16:00:00,22.866
2022-07-28 17:00:00,11.568
2022-07-28 18:00:00,3.229
2022-07-28 19:00:00,0.0
2022-07-28 20:00:00,0.0
2022-07-28 21:00:00,0.0
2022-07-28 22:00:00,0.0
2022-07-28 23:00:00,0.0
2022-07-29 00:00:00,0.0
2022-07-29 01:00:00,0.0
2022-07-29 02:00:00,0.0
2022-07-29 03:00:00,0.0
2022-07-29 04:00:00,0.0
2022-07-29 05:00:00,0.335
2022-07-29 06:00:00,5.567
2022-07-29 07:00:00,15.784
2022-07-29 08:00:00,26.894
2022-07-29 09:00:00,36.541
2022-07-29 10:00:00,43.429
2022-07-29 11:00:00,48.716
2022-07-29 12:00:00,49.488
2022-07-29 13:00:00,47.344
2022-07-29 14:00:00,41.869
2022-07-29 15:00:00,33.888
2022-07-29 16:00:00,23.478
2022-07-29 17:00:00,11.898
2022-07-29 18:00:00,3.048
2022-07-29 19:00:00,0.0
2022-07-29 20:00:00,0.0
2022-07-29 21:00:00,0.0
2022-07-29 22:00:00,0.0
2022-07-29 23:00:00,0.0
2022-07-30 00:00:00,0.0
2022-07-30 01:00:00,0.0
2022-07-30 02:00:00,0.0
2022-07-30 03:00:00,0.0
2022-07-30 04:00:00,0.0
2022-07-30 05:00:00,0.253
2022-07-30 06:00:00,4.991
2022-07-30 07:00:00,14.185
2022-07-30 08:00:00,24.167
2022-07-30 09:00:00,31.592
2022-07-30 10:00:00,38.906
2022-07-30 11:00:00,42.882
2022-07-30 12:00:00,43.032
2022-07-30 13:00:00,41.948
2022-07-30 14:00:00,38.229
2022-07-30 15:00:00,29.935
2022-07-30 16:00:00,21.209
2022-07-30 17:00:00,10.548
2022-07-30 18:00:00,2.614
2022-07-30 19:00:00,0.0
2022-07-30 20:00:00,0.0
2022-07-30 21:00:00,0.0
2022-07-30 22:00:00,0.0
2022-07-30 23:00:00,0.0
2022-07-31 00:00:00,0.0
2022-07-31 01:00:00,0.0
2022-07-31 02:00:00,0.0
2022-07-31 03:00:00,0.0
2022-07-31 04:00:00,0.0
2022-07-31 05:00:00,0.223
2022-07-31 06:00:00,4.941
2022-07-31 07:00:00,14.191
2022-07-31 08:00:00,24.395
2022-07-31 09:00:00,33.27
2022-07-31 10:00:00,39.44
2022-07-31 11:00:00,43.341
2022-07-31 12:00:00,44.168
2022-07-31 13:00:00,42.212
2022-07-31 14:00:00,35.066
2022-07-31 15:00:00,27.237
2022-07-31 16:00:00,18.251
2022-07-31 17:00:00,9.1
2022-07-31 18:00:00,2.142
2022-07-31 19:00:00,0.0
2022-07-31 20:00:00,0.0
2022-07-31 21:00:00,0.0
2022-07-31 22:00:00,0.0
2022-07-31 23:00:00,0.0
2022-08-01 00:00:00,0.0
2022-08-01 01:00:00,0.0
2022-08-01 02:00:00,0.0
2022-08-01 03:00:00,0.0
2022-08-01 04:00:00,0.0
2022-08-01 05:00:00,0.221
2022-08-01 06:00:00,4.953
2022-08-01 07:00:00,14.231
2022-08-01 08:00:00,24.489
2022-08-01 09:00:00,33.237
2022-08-01 10:00:00,39.766
2022-08-01 11:00:00,42.296
2022-08-01 12:00:00,42.883
2022-08-01 13:00:00,40.821
2022-08-01 14:00:00,36.473
2022-08-01 15:00:00,27.916
2022-08-01 16:00:00,18.536
2022-08-01 17:00:00,9.163
2022-08-01 18:00:00,2.094
2022-08-01 19:00:00,0.0
2022-08-01 20:00:00,0.0
2022-08-01 21:00:00,0.0
2022-08-01 22:00:00,0.0
2022-08-01 23:00:00,0.0
2022-08-02 00:00:00,0.0
2022-08-02 01:00:00,0.0
2022-08-02 02:00:00,0.0
2022-08-02 03:00:00,0.0
2022-08-02 04:00:00,0.0
2022-08-02 05:00:00,0.184
2022-08-02 06:00:00,4.704
2022-08-02 07:00:00,13.68
2022-08-02 08:00:00,23.749
2022-08-02 09:00:00,33.414
2022-08-02 10:00:00,40.115
2022-08-02 11:00:00,45.163
2022-08-02 12:00:00,46.013
2022-08-02 13:00:00,44.078
2022-08-02 14:00:00,38.329
2022-08-02 15:00:00,30.866
2022-08-02 16:00:00,21.206
2022-08-02 17:00:00,10.82
2022-08-02 18:00:00,2.632
2022-08-02 19:00:00,0.0
2022-08-02 20:00:00,0.0
2022-08-02 21:00:00,0.0
2022-08-02 22:00:00,0.0
2022-08-02 23:00:00,0.0
2022-08-03 00:00:00,0.0
2022-08-03 01:00:00,0.0
2022-08-03 02:00:00,0.0
2022-08-03 03:00:00,0.0
2022-08-03 04:00:00,0.0
2022-08-03 05:00:00,0.183
2022-08-03 06:00:00,4.887
2022-08-03 07:00:00,14.516
2022-08-03 08:00:00,25.088
2022-08-03 09:00:00,34.096
2022-08-03 10:00:00,40.499
2022-08-03 11:00:00,43.189
2022-08-03 12:00:00,43.763
2022-08-03 13:00:00,41.275
2022-08-03 14:00:00,36.382
2022-08-03 15:00:00,28.603
2022-08-03 16:00:00,18.809
2022-08-03 17:00:00,9.174
2022-08-03 18:00:00,2.349
2022-08-03 19:00:00,0.0
2022-08-03 20:00:00,0.0
2022-08-03 21:00:00,0.0
2022-08-03 22:00:00,0.0
2022-08-03 23:00:00,0.0
2022-08-04 00:00:00,0.0
2022-08-04 01:00:00,0.0
2022-08-04 02:00:00,0.0
2022-08-04 03:00:00,0.0
2022-08-04 04:00:00,0.0
2022-08-04 05:00:00,0.136
2022-08-04 06:00:00,4.533
2022-08-04 07:00:00,13.428
2022-08-04 08:00:00,23.281
2022-08-04 09:00:00,31.917
2022-08-04 10:00:00,38.341
2022-08-04 11:00:00,42.541
2022-08-04 12:00:00,43.51
2022-08-04 13:00:00,41.492
2022-08-04 14:00:00,36.493
2022-08-04 15:00:00,29.175
2022-08-04 16:00:00,19.958
2022-08-04 17:00:00,10.269
2022-08-04 18:00:00,2.394
2022-08-04 19:00:00,0.0
2022-08-04 20:00:00,0.0
2022-08-04 21:00:00,0.0
2022-08-04 22:00:00,0.0
2022-08-04 23:00:00,0.0
2022-08-05 00:00:00,0.0
2022-08-05 01:00:00,0.0
2022-08-05 02:00:00,0.0
2022-08-05 03:00:00,0.0
2022-08-05 04:00:00,0.0
2022-08-05 05:00:00,0.125
2022-08-05 06:00:00,4.583
2022-08-05 07:00:00,13.816
2022-08-05 08:00:00,24.018
2022-08-05 09:00:00,32.852
2022-08-05 10:00:00,39.063
2022-08-05 11:00:00,41.222
2022-08-05 12:00:00,41.769
2022-08-05 13:00:00,39.53
2022-08-05 14:00:00,34.484
2022-08-05 15:00:00,27.485
2022-08-05 16:00:00,18.742
2022-08-05 17:00:00,9.321
2022-08-05 18:00:00,2.166
2022-08-05 19:00:00,0.0
2022-08-05 20:00:00,0.0
2022-08-05 21:00:00,0.0
2022-08-05 22:00:00,0.0
2022-08-05 23:00:00,0.0
2022-08-06 00:00:00,0.0
2022-08-06 01:00:00,0.0
2022-08-06 02:00:00,0.0
2022-08-06 03:00:00,0.0
2022-08-06 04:00:00,0.0
2022-08-06 05:00:00,0.11
2022-08-06 06:00:00,4.618
2022-08-06 07:00:00,14.073
2022-08-06 08:00:00,24.573
2022-08-06 09:00:00,33.471
2022-08-06 10:00:00,39.041
2022-08-06 11:00:00,43.739
2022-08-06 12:00:00,45.68
2022-08-06 13:00:00,43.226
2022-08-06 14:00:00,38.082
2022-08-06 15:00:00,26.016
2022-08-06 16:00:00,16.084
2022-08-06 17:00:00,8.795
2022-08-06 18:00:00,2.211
2022-08-06 19:00:00,0.0
2022-08-06 20:00:00,0.0
2022-08-06 21:00:00,0.0
2022-08-06 22:00:00,0.0
2022-08-06 23:00:00,0.0
2022-08-07 00:00:00,0.0
2022-08-07 01:00:00,0.0
2022-08-07 02:00:00,0.0
2022-08-07 03:00:00,0.0
2022-08-07 04:00:00,0.0
2022-08-07 05:00:00,0.008
2022-08-07 06:00:00,2.335
2022-08-07 07:00:00,5.975
2022-08-07 08:00:00,9.82
2022-08-07 09:00:00,16.508
2022-08-07 10:00:00,22.55
2022-08-07 11:00:00,26.96
2022-08-07 12:00:00,28.352
2022-08-07 13:00:00,31.857
2022-08-07 14:00:00,33.59
2022-08-07 15:00:00,27.543
2022-08-07 16:00:00,18.277
2022-08-07 17:00:00,8.497
2022-08-07 18:00:00,1.384
2022-08-07 19:00:00,0.0
2022-08-07 20:00:00,0.0
2022-08-07 21:00:00,0.0
2022-08-07 22:00:00,0.0
2022-08-07 23:00:00,0.0
2022-08-08 00:00:00,0.0
2022-08-08 01:00:00,0.0
2022-08-08 02:00:00,0.0
2022-08-08 03:00:00,0.0
2022-08-08 04:00:00,0.0
2022-08-08 05:00:00,0.0
2022-08-08 06:00:00,2.277
2022-08-08 07:00:00,6.923
2022-08-08 08:00:00,12.163
2022-08-08 09:00:00,16.216
2022-08-08 10:00:00,18.903
2022-08-08 11:00:00,19.085
2022-08-08 12:00:00,16.842
2022-08-08 13:00:00,15.858
2022-08-08 14:00:00,15.161
2022-08-08 15:00:00,15.043
2022-08-08 16:00:00,11.097
2022-08-08 17:00:00,5.535
2022-08-08 18:00:00,0.9430000000000001
2022-08-08 19:00:00,0.0
2022-08-08 20:00:00,0.0
2022-08-08 21:00:00,0.0
2022-08-08 22:00:00,0.0
2022-08-08 23:00:00,0.0
2022-08-09 00:00:00,0.0
2022-08-09 01:00:00,0.0
2022-08-09 02:00:00,0.0
2022-08-09 03:00:00,0.0
2022-08-09 04:00:00,0.0
2022-08-09 05:00:00,0.0
2022-08-09 06:00:00,1.819
2022-08-09 07:00:00,6.762
2022-08-09 08:00:00,13.148
2022-08-09 09:00:00,20.966
2022-08-09 10:00:00,25.754
2022-08-09 11:00:00,26.338
2022-08-09 12:00:00,27.419
2022-08-09 13:00:00,27.455
2022-08-09 14:00:00,26.976
2022-08-09 15:00:00,21.054
2022-08-09 16:00:00,12.923
2022-08-09 17:00:00,5.282
2022-08-09 18:00:00,1.163
2022-08-09 19:00:00,0.0
2022-08-09 20:00:00,0.0
2022-08-09 21:00:00,0.0
2022-08-09 22:00:00,0.0
2022-08-09 23:00:00,0.0
2022-08-10 00:00:00,0.0
2022-08-10 01:00:00,0.0
2022-08-10 02:00:00,0.0
2022-08-10 03:00:00,0.0
2022-08-10 04:00:00,0.0
2022-08-10 05:00:00,0.0
2022-08-10 06:00:00,2.99
2022-08-10 07:00:00,11.119
2022-08-10 08:00:00,23.111
2022-08-10 09:00:00,34.697
2022-08-10 10:00:00,40.327
2022-08-10 11:00:00,38.679
2022-08-10 12:00:00,42.022
2022-08-10 13:00:00,41.152
2022-08-10 14:00:00,37.601
2022-08-10 15:00:00,29.377
2022-08-10 16:00:00,19.524
2022-08-10 17:00:00,9.336
2022-08-10 18:00:00,1.881
2022-08-10 19:00:00,0.0
2022-08-10 20:00:00,0.0
2022-08-10 21:00:00,0.0
2022-08-10 22:00:00,0.0
2022-08-10 23:00:00,0.0
2022-08-11 00:00:00,0.0
2022-08-11 01:00:00,0.0
2022-08-11 02:00:00,0.0
2022-08-11 03:00:00,0.0
2022-08-11 04:00:00,0.0
2022-08-11 05:00:00,0.032
2022-08-11 06:00:00,4.364
2022-08-11 07:00:00,11.367
2022-08-11 08:00:00,11.228
2022-08-11 09:00:00,10.652
2022-08-11 10:00:00,11.012
2022-08-11 11:00:00,14.213
2022-08-11 12:00:00,16.625
2022-08-11 13:00:00,20.615
2022-08-11 14:00:00,27.021
2022-08-11 15:00:00,25.81
2022-08-11 16:00:00,18.242
2022-08-11 17:00:00,8.915
2022-08-11 18:00:00,1.782
2022-08-11 19:00:00,0.0
2022-08-11 20:00:00,0.0
2022-08-11 21:00:00,0.0
2022-08-11 22:00:00,0.0
2022-08-11 23:00:00,0.0
2022-08-12 00:00:00,0.0
2022-08-12 01:00:00,0.0
2022-08-12 02:00:00,0.0
2022-08-12 03:00:00,0.0
2022-08-12 04:00:00,0.0
2022-08-12 05:00:00,0.006
2022-08-12 06:00:00,3.844
2022-08-12 07:00:00,12.744
2022-08-12 08:00:00,22.997
2022-08-12 09:00:00,32.397
2022-08-12 10:00:00,39.069
2022-08-12 11:00:00,41.965
2022-08-12 12:00:00,42.683
2022-08-12 13:00:00,40.345
2022-08-12 14:00:00,36.975
2022-08-12 15:00:00,28.667
2022-08-12 16:00:00,18.157
2022-08-12 17:00:00,8.524000000000001
2022-08-12 18:00:00,1.604
2022-08-12 19:00:00,0.0
2022-08-12 20:00:00,0.0
2022-08-12 21:00:00,0.0
2022-08-12 22:00:00,0.0
2022-08-12 23:00:00,0.0
2022-08-13 00:00:00,0.0
2022-08-13 01:00:00,0.0
2022-08-13 02:00:00,0.0
2022-08-13 03:00:00,0.0
2022-08-13 04:00:00,0.0
2022-08-13 05:00:00,0.0
2022-08-13 06:00:00,2.166
2022-08-13 07:00:00,7.309
2022-08-13 08:00:00,13.501
2022-08-13 09:00:00,19.537
2022-08-13 10:00:00,23.774
2022-08-13 11:00:00,28.833
2022-08-13 12:00:00,31.118
2022-08-13 13:00:00,30.004
2022-08-13 14:00:00,31.08
2022-08-13 15:00:00,27.554
2022-08-13 16:00:00,16.679
2022-08-13 17:00:00,7.575
2022-08-13 18:00:00,1.282
2022-08-13 19:00:00,0.0
2022-08-13 20:00:00,0.0
2022-08-13 21:00:00,0.0
2022-08-13 22:00:00,0.0
2022-08-13 23:00:00,0.0
2022-08-14 00:00:00,0.0
2022-08-14 01:00:00,0.0
2022-08-14 02:00:00,0.0
2022-08-14 03:00:00,0.0
2022-08-14 04:00:00,0.0
2022-08-14 05:00:00,0.0
2022-08-14 06:00:00,2.963
2022-08-14 07:00:00,9.03
2022-08-14 08:00:00,17.52
2022-08-14 09:00:00,27.48
2022-08-14 10:00:00,34.992
2022-08-14 11:00:00,37.46
2022-08-14 12:00:00,36.867
2022-08-14 13:00:00,28.355
2022-08-14 14:00:00,19.909
2022-08-14 15:00:00,15.153
2022-08-14 16:00:00,12.166
2022-08-14 17:00:00,6.795
2022-08-14 18:00:00,1.248
2022-08-14 19:00:00,0.0
2022-08-14 20:00:00,0.0
2022-08-14 21:00:00,0.0
2022-08-14 22:00:00,0.0
2022-08-14 23:00:00,0.0
2022-08-15 00:00:00,0.0
2022-08-15 01:00:00,0.0
2022-08-15 02:00:00,0.0
2022-08-15 03:00:00,0.0
2022-08-15 04:00:00,0.0
2022-08-15 05:00:00,0.0
2022-08-15 06:00:00,3.522
2022-08-15 07:00:00,12.887
2022-08-15 08:00:00,24.6
2022-08-15 09:00:00,35.152
2022-08-15 10:00:00,42.642
2022-08-15 11:00:00,46.62
2022-08-15 12:00:00,47.641
2022-08-15 13:00:00,45.742
2022-08-15 14:00:00,40.876
2022-08-15 15:00:00,30.809
2022-08-15 16:00:00,19.401
2022-08-15 17:00:00,10.228
2022-08-15 18:00:00,1.908
2022-08-15 19:00:00,0.0
2022-08-15 20:00:00,0.0
2022-08-15 21:00:00,0.0
2022-08-15 22:00:00,0.0
2022-08-15 23:00:00,0.0
2022-08-16 00:00:00,0.0
2022-08-16 01:00:00,0.0
2022-08-16 02:00:00,0.0
2022-08-16 03:00:00,0.0
2022-08-16 04:00:00,0.0
2022-08-16 05:00:00,0.0
2022-08-16 06:00:00,4.375
2022-08-16 07:00:00,15.623
2022-08-16 08:00:00,27.581
2022-08-16 09:00:00,37.765
2022-08-16 10:00:00,44.686
2022-08-16 11:00:00,48.664
2022-08-16 12:00:00,49.19
2022-08-16 13:00:00,46.792
2022-08-16 14:00:00,41.131
2022-08-16 15:00:00,32.387
2022-08-16 16:00:00,21.376
2022-08-16 17:00:00,10.222
2022-08-16 18:00:00,1.75
2022-08-16 19:00:00,0.0
2022-08-16 20:00:00,0.0
2022-08-16 21:00:00,0.0
2022-08-16 22:00:00,0.0
2022-08-16 23:00:00,0.0
2022-08-17 00:00:00,0.0
2022-08-17 01:00:00,0.0
2022-08-17 02:00:00,0.0
2022-08-17 03:00:00,0.0
2022-08-17 04:00:00,0.0
2022-08-17 05:00:00,0.0
2022-08-17 06:00:00,2.983
2022-08-17 07:00:00,10.759
2022-08-17 08:00:00,20.202
2022-08-17 09:00:00,28.671
2022-08-17 10:00:00,34.378
2022-08-17 11:00:00,39.25
2022-08-17 12:00:00,38.91
2022-08-17 13:00:00,38.894
2022-08-17 14:00:00,35.177
2022-08-17 15:00:00,25.886
2022-08-17 16:00:00,18.819
2022-08-17 17:00:00,8.257
2022-08-17 18:00:00,1.042
2022-08-17 19:00:00,0.0
2022-08-17 20:00:00,0.0
2022-08-17 21:00:00,0.0
2022-08-17 22:00:00,0.0
2022-08-17 23:00:00,0.0
2022-08-18 00:00:00,0.0
2022-08-18 01:00:00,0.0
2022-08-18 02:00:00,0.0
2022-08-18 03:00:00,0.0
2022-08-18 04:00:00,0.0
2022-08-18 05:00:00,0.0
2022-08-18 06:00:00,1.328
2022-08-18 07:00:00,7.399
2022-08-18 08:00:00,16.091
2022-08-18 09:00:00,21.861
2022-08-18 10:00:00,22.985
2022-08-18 11:00:00,20.199
2022-08-18 12:00:00,19.221
2022-08-18 13:00:00,20.614
2022-08-18 14:00:00,22.827
2022-08-18 15:00:00,21.261
2022-08-18 16:00:00,14.282
2022-08-18 17:00:00,5.922
2022-08-18 18:00:00,0.736
2022-08-18 19:00:00,0.0
2022-08-18 20:00:00,0.0
2022-08-18 21:00:00,0.0
2022-08-18 22:00:00,0.0
2022-08-18 23:00:00,0.0
2022-08-19 00:00:00,0.0
2022-08-19 01:00:00,0.0
2022-08-19 02:00:00,0.0
2022-08-19 03:00:00,0.0
2022-08-19 04:00:00,0.0
2022-08-19 05:00:00,0.0
2022-08-19 06:00:00,1.024
2022-08-19 07:00:00,4.878
2022-08-19 08:00:00,11.899
2022-08-19 09:00:00,23.673
2022-08-19 10:00:00,36.721
2022-08-19 11:00:00,44.948
2022-08-19 12:00:00,46.9
2022-08-19 13:00:00,45.281
2022-08-19 14:00:00,40.35
2022-08-19 15:00:00,32.485
2022-08-19 16:00:00,22.099
2022-08-19 17:00:00,10.149
2022-08-19 18:00:00,1.534
2022-08-19 19:00:00,0.0
2022-08-19 20:00:00,0.0
2022-08-19 21:00:00,0.0
2022-08-19 22:00:00,0.0
2022-08-19 23:00:00,0.0
2022-08-20 00:00:00,0.0
2022-08-20 01:00:00,0.0
2022-08-20 02:00:00,0.0
2022-08-20 03:00:00,0.0
2022-08-20 04:00:00,0.0
2022-08-20 05:00:00,0.0
2022-08-20 06:00:00,3.614
2022-08-20 07:00:00,12.412
2022-08-20 08:00:00,20.721
2022-08-20 09:00:00,27.521
2022-08-20 10:00:00,34.306
2022-08-20 11:00:00,40.779
2022-08-20 12:00:00,45.083
2022-08-20 13:00:00,45.542
2022-08-20 14:00:00,40.565
2022-08-20 15:00:00,32.354
2022-08-20 16:00:00,21.739
2022-08-20 17:00:00,10.23
2022-08-20 18:00:00,1.507
2022-08-20 19:00:00,0.0
2022-08-20 20:00:00,0.0
2022-08-20 21:00:00,0.0
2022-08-20 22:00:00,0.0
2022-08-20 23:00:00,0.0
2022-08-21 00:00:00,0.0
2022-08-21 01:00:00,0.0
2022-08-21 02:00:00,0.0
2022-08-21 03:00:00,0.0
2022-08-21 04:00:00,0.0
2022-08-21 05:00:00,0.0
2022-08-21 06:00:00,2.504
2022-08-21 07:00:00,11.59
2022-08-21 08:00:00,21.263
2022-08-21 09:00:00,28.402
2022-08-21 10:00:00,34.598
2022-08-21 11:00:00,40.896
2022-08-21 12:00:00,44.854
2022-08-21 13:00:00,42.463
2022-08-21 14:00:00,35.742
2022-08-21 15:00:00,26.649
2022-08-21 16:00:00,15.811
2022-08-21 17:00:00,5.894
2022-08-21 18:00:00,0.652
2022-08-21 19:00:00,0.0
2022-08-21 20:00:00,0.0
2022-08-21 21:00:00,0.0
2022-08-21 22:00:00,0.0
2022-08-21 23:00:00,0.0
2022-08-22 00:00:00,0.0
2022-08-22 01:00:00,0.0
2022-08-22 02:00:00,0.0
2022-08-22 03:00:00,0.0
2022-08-22 04:00:00,0.0
2022-08-22 05:00:00,0.0
2022-08-22 06:00:00,1.887
2022-08-22 07:00:00,9.759
2022-08-22 08:00:00,20.844
2022-08-22 09:00:00,30.477
2022-08-22 10:00:00,36.465
2022-08-22 11:00:00,40.593
2022-08-22 12:00:00,41.784
2022-08-22 13:00:00,40.816
2022-08-22 14:00:00,38.347
2022-08-22 15:00:00,31.51
2022-08-22 16:00:00,22.281
2022-08-22 17:00:00,10.585
2022-08-22 18:00:00,1.413
2022-08-22 19:00:00,0.0
2022-08-22 20:00:00,0.0
2022-08-22 21:00:00,0.0
2022-08-22 22:00:00,0.0
2022-08-22 23:00:00,0.0
2022-08-23 00:00:00,0.0
2022-08-23 01:00:00,0.0
2022-08-23 02:00:00,0.0
2022-08-23 03:00:00,0.0
2022-08-23 04:00:00,0.0
2022-08-23 05:00:00,0.0
2022-08-23 06:00:00,3.83
2022-08-23 07:00:00,15.352
2022-08-23 08:00:00,27.772
2022-08-23 09:00:00,37.956
2022-08-23 10:00:00,45.111
2022-08-23 11:00:00,49.306
2022-08-23 12:00:00,49.691
2022-08-23 13:00:00,46.035
2022-08-23 14:00:00,38.86
2022-08-23 15:00:00,30.588
2022-08-23 16:00:00,21.52
2022-08-23 17:00:00,10.527
2022-08-23 18:00:00,1.331
2022-08-23 19:00:00,0.0
2022-08-23 20:00:00,0.0
2022-08-23 21:00:00,0.0
2022-08-23 22:00:00,0.0
2022-08-23 23:00:00,0.0
2022-08-24 00:00:00,0.0
2022-08-24 01:00:00,0.0
2022-08-24 02:00:00,0.0
2022-08-24 03:00:00,0.0
2022-08-24 04:00:00,0.0
2022-08-24 05:00:00,0.0
2022-08-24 06:00:00,3.118
2022-08-24 07:00:00,11.381
2022-08-24 08:00:00,21.558
2022-08-24 09:00:00,30.576
2022-08-24 10:00:00,37.209
2022-08-24 11:00:00,40.347
2022-08-24 12:00:00,39.094
2022-08-24 13:00:00,35.559
2022-08-24 14:00:00,33.226
2022-08-24 15:00:00,23.791
2022-08-24 16:00:00,10.795
2022-08-24 17:00:00,5.137
2022-08-24 18:00:00,0.846
2022-08-24 19:00:00,0.0
2022-08-24 20:00:00,0.0
2022-08-24 21:00:00,0.0
2022-08-24 22:00:00,0.0
2022-08-24 23:00:00,0.0
2022-08-25 00:00:00,0.0
2022-08-25 01:00:00,0.0
2022-08-25 02:00:00,0.0
2022-08-25 03:00:00,0.0
2022-08-25 04:00:00,0.0
2022-08-25 05:00:00,0.0
2022-08-25 06:00:00,2.694
2022-08-25 07:00:00,11.54
2022-08-25 08:00:00,22.035
2022-08-25 09:00:00,33.134
2022-08-25 10:00:00,41.731
2022-08-25 11:00:00,39.591
2022-08-25 12:00:00,37.76
2022-08-25 13:00:00,35.138
2022-08-25 14:00:00,31.531
2022-08-25 15:00:00,23.407
2022-08-25 16:00:00,15.724
2022-08-25 17:00:00,9.401
2022-08-25 18:00:00,1.005
2022-08-25 19:00:00,0.0
2022-08-25 20:00:00,0.0
2022-08-25 21:00:00,0.0
2022-08-25 22:00:00,0.0
2022-08-25 23:00:00,0.0
2022-08-26 00:00:00,0.0
2022-08-26 01:00:00,0.0
2022-08-26 02:00:00,0.0
2022-08-26 03:00:00,0.0
2022-08-26 04:00:00,0.0
2022-08-26 05:00:00,0.0
2022-08-26 06:00:00,3.55
2022-08-26 07:00:00,15.163
2022-08-26 08:00:00,27.097
2022-08-26 09:00:00,37.334
2022-08-26 10:00:00,44.212
2022-08-26 11:00:00,45.633
2022-08-26 12:00:00,45.445
2022-08-26 13:00:00,41.332
2022-08-26 14:00:00,30.645
2022-08-26 15:00:00,18.797
2022-08-26 16:00:00,10.808
2022-08-26 17:00:00,7.191
2022-08-26 18:00:00,0.844
2022-08-26 19:00:00,0.0
2022-08-26 20:00:00,0.0
2022-08-26 21:00:00,0.0
2022-08-26 22:00:00,0.0
2022-08-26 23:00:00,0.0
2022-08-27 00:00:00,0.0
2022-08-27 01:00:00,0.0
2022-08-27 02:00:00,0.0
2022-08-27 03:00:00,0.0
2022-08-27 04:00:00,0.0
2022-08-27 05:00:00,0.0
2022-08-27 06:00:00,2.288
2022-08-27 07:00:00,11.515
2022-08-27 08:00:00,24.197
2022-08-27 09:00:00,38.327
2022-08-27 10:00:00,45.214
2022-08-27 11:00:00,48.893
2022-08-27 12:00:00,50.408
2022-08-27 13:00:00,48.255
2022-08-27 14:00:00,40.171
2022-08-27 15:00:00,33.293
2022-08-27 16:00:00,22.136
2022-08-27 17:00:00,7.659
2022-08-27 18:00:00,0.49
2022-08-27 19:00:00,0.0
2022-08-27 20:00:00,0.0
2022-08-27 21:00:00,0.0
2022-08-27 22:00:00,0.0
2022-08-27 23:00:00,0.0
2022-08-28 00:00:00,0.0
2022-08-28 01:00:00,0.0
2022-08-28 02:00:00,0.0
2022-08-28 03:00:00,0.0
2022-08-28 04:00:00,0.0
2022-08-28 05:00:00,0.0
2022-08-28 06:00:00,0.992
2022-08-28 07:00:00,4.974
2022-08-28 08:00:00,9.21
2022-08-28 09:00:00,12.326
2022-08-28 10:00:00,16.306
2022-08-28 11:00:00,22.969
2022-08-28 12:00:00,23.193
2022-08-28 13:00:00,20.566
2022-08-28 14:00:00,16.529
2022-08-28 15:00:00,15.722
2022-08-28 16:00:00,14.414
2022-08-28 17:00:00,4.618
2022-08-28 18:00:00,0.049
2022-08-28 19:00:00,0.0
2022-08-28 20:00:00,0.0
2022-08-28 21:00:00,0.0
2022-08-28 22:00:00,0.0
2022-08-28 23:00:00,0.0
2022-08-29 00:00:00,0.0
2022-08-29 01:00:00,0.0
2022-08-29 02:00:00,0.0
2022-08-29 03:00:00,0.0
2022-08-29 04:00:00,0.0
2022-08-29 05:00:00,0.0
2022-08-29 06:00:00,1.543
2022-08-29 07:00:00,10.985
2022-08-29 08:00:00,25.63
2022-08-29 09:00:00,36.821
2022-08-29 10:00:00,44.434
2022-08-29 11:00:00,49.518
2022-08-29 12:00:00,50.281
2022-08-29 13:00:00,47.813
2022-08-29 14:00:00,42.152
2022-08-29 15:00:00,30.348
2022-08-29 16:00:00,14.288
2022-08-29 17:00:00,4.104
2022-08-29 18:00:00,0.529
2022-08-29 19:00:00,0.0
2022-08-29 20:00:00,0.0
2022-08-29 21:00:00,0.0
2022-08-29 22:00:00,0.0
2022-08-29 23:00:00,0.0
2022-08-30 00:00:00,0.0
2022-08-30 01:00:00,0.0
2022-08-30 02:00:00,0.0
2022-08-30 03:00:00,0.0
2022-08-30 04:00:00,0.0
2022-08-30 05:00:00,0.0
2022-08-30 06:00:00,2.017
2022-08-30 07:00:00,10.329
2022-08-30 08:00:00,23.958
2022-08-30 09:00:00,32.785
2022-08-30 10:00:00,32.118
2022-08-30 11:00:00,31.274
2022-08-30 12:00:00,36.098
2022-08-30 13:00:00,43.347
2022-08-30 14:00:00,41.811
2022-08-30 15:00:00,33.073
2022-08-30 16:00:00,21.624
2022-08-30 17:00:00,9.018
2022-08-30 18:00:00,0.669
2022-08-30 19:00:00,0.0
2022-08-30 20:00:00,0.0
2022-08-30 21:00:00,0.0
2022-08-30 22:00:00,0.0
2022-08-30 23:00:00,0.0
2022-08-31 00:00:00,0.0
2022-08-31 01:00:00,0.0
2022-08-31 02:00:00,0.0
2022-08-31 03:00:00,0.0
2022-08-31 04:00:00,0.0
2022-08-31 05:00:00,0.0
2022-08-31 06:00:00,2.961
2022-08-31 07:00:00,13.952
2022-08-31 08:00:00,26.459
2022-08-31 09:00:00,36.794
2022-08-31 10:00:00,43.967
2022-08-31 11:00:00,47.057
2022-08-31 12:00:00,47.731
2022-08-31 13:00:00,45.169
2022-08-31 14:00:00,39.889
2022-08-31 15:00:00,30.931
2022-08-31 16:00:00,18.192
2022-08-31 17:00:00,6.091
2022-08-31 18:00:00,0.415
2022-08-31 19:00:00,0.0
2022-08-31 20:00:00,0.0
2022-08-31 21:00:00,0.0
2022-08-31 22:00:00,0.0
2022-08-31 23:00:00,0.0
2022-09-01 00:00:00,0.0
2022-09-01 01:00:00,0.0
2022-09-01 02:00:00,0.0
2022-09-01 03:00:00,0.0
2022-09-01 04:00:00,0.0
2022-09-01 05:00:00,0.0
2022-09-01 06:00:00,3.124
2022-09-01 07:00:00,15.057
2022-09-01 08:00:00,28.138
2022-09-01 09:00:00,38.632
2022-09-01 10:00:00,45.711
2022-09-01 11:00:00,49.561
2022-09-01 12:00:00,50.159
2022-09-01 13:00:00,47.664
2022-09-01 14:00:00,42.23
2022-09-01 15:00:00,33.326
2022-09-01 16:00:00,21.657
2022-09-01 17:00:00,9.082
2022-09-01 18:00:00,0.533
2022-09-01 19:00:00,0.0
2022-09-01 20:00:00,0.0
2022-09-01 21:00:00,0.0
2022-09-01 22:00:00,0.0
2022-09-01 23:00:00,0.0
2022-09-02 00:00:00,0.0
2022-09-02 01:00:00,0.0
2022-09-02 02:00:00,0.0
2022-09-02 03:00:00,0.0
2022-09-02 04:00:00,0.0
2022-09-02 05:00:00,0.0
2022-09-02 06:00:00,1.621
2022-09-02 07:00:00,7.592
2022-09-02 08:00:00,16.531
2022-09-02 09:00:00,23.622
2022-09-02 10:00:00,30.813
2022-09-02 11:00:00,35.471
2022-09-02 12:00:00,35.222
2022-09-02 13:00:00,33.822
2022-09-02 14:00:00,35.709
2022-09-02 15:00:00,29.654
2022-09-02 16:00:00,12.341
2022-09-02 17:00:00,3.12
2022-09-02 18:00:00,0.142
2022-09-02 19:00:00,0.0
2022-09-02 20:00:00,0.0
2022-09-02 21:00:00,0.0
2022-09-02 22:00:00,0.0
2022-09-02 23:00:00,0.0
2022-09-03 00:00:00,0.0
2022-09-03 01:00:00,0.0
2022-09-03 02:00:00,0.0
2022-09-03 03:00:00,0.0
2022-09-03 04:00:00,0.0
2022-09-03 05:00:00,0.0
2022-09-03 06:00:00,0.9500000000000001
2022-09-03 07:00:00,4.772
2022-09-03 08:00:00,9.47
2022-09-03 09:00:00,14.591
2022-09-03 10:00:00,20.514
2022-09-03 11:00:00,26.19
2022-09-03 12:00:00,27.83
2022-09-03 13:00:00,31.883
2022-09-03 14:00:00,29.444
2022-09-03 15:00:00,15.632
2022-09-03 16:00:00,6.167
2022-09-03 17:00:00,2.658
2022-09-03 18:00:00,0.102
2022-09-03 19:00:00,0.0
2022-09-03 20:00:00,0.0
2022-09-03 21:00:00,0.0
2022-09-03 22:00:00,0.0
2022-09-03 23:00:00,0.0
2022-09-04 00:00:00,0.0
2022-09-04 01:00:00,0.0
2022-09-04 02:00:00,0.0
2022-09-04 03:00:00,0.0
2022-09-04 04:00:00,0.0
2022-09-04 05:00:00,0.0
2022-09-04 06:00:00,2.154
2022-09-04 07:00:00,11.538
2022-09-04 08:00:00,23.139
2022-09-04 09:00:00,33.925
2022-09-04 10:00:00,41.996
2022-09-04 11:00:00,47.366
2022-09-04 12:00:00,48.116
2022-09-04 13:00:00,45.682
2022-09-04 14:00:00,39.604
2022-09-04 15:00:00,30.821
2022-09-04 16:00:00,19.476
2022-09-04 17:00:00,7.766
2022-09-04 18:00:00,0.388
2022-09-04 19:00:00,0.0
2022-09-04 20:00:00,0.0
2022-09-04 21:00:00,0.0
2022-09-04 22:00:00,0.0
2022-09-04 23:00:00,0.0
2022-09-05 00:00:00,0.0
2022-09-05 01:00:00,0.0
2022-09-05 02:00:00,0.0
2022-09-05 03:00:00,0.0
2022-09-05 04:00:00,0.0
2022-09-05 05:00:00,0.0
2022-09-05 06:00:00,2.241
2022-09-05 07:00:00,12.295
2022-09-05 08:00:00,24.797
2022-09-05 09:00:00,36.116
2022-09-05 10:00:00,44.248
2022-09-05 11:00:00,47.994
2022-09-05 12:00:00,49.202
2022-09-05 13:00:00,47.135
2022-09-05 14:00:00,40.859
2022-09-05 15:00:00,32.236
2022-09-05 16:00:00,20.688
2022-09-05 17:00:00,8.282
2022-09-05 18:00:00,0.378
2022-09-05 19:00:00,0.0
2022-09-05 20:00:00,0.0
2022-09-05 21:00:00,0.0
2022-09-05 22:00:00,0.0
2022-09-05 23:00:00,0.0
2022-09-06 00:00:00,0.0
2022-09-06 01:00:00,0.0
2022-09-06 02:00:00,0.0
2022-09-06 03:00:00,0.0
2022-09-06 04:00:00,0.0
2022-09-06 05:00:00,0.0
2022-09-06 06:00:00,2.423
2022-09-06 07:00:00,14.175
2022-09-06 08:00:00,28.212
2022-09-06 09:00:00,39.871
2022-09-06 10:00:00,47.811
2022-09-06 11:00:00,51.699
2022-09-06 12:00:00,52.823
2022-09-06 13:00:00,50.529
2022-09-06 14:00:00,44.667
2022-09-06 15:00:00,35.564
2022-09-06 16:00:00,23.222
2022-09-06 17:00:00,9.53
2022-09-06 18:00:00,0.357
2022-09-06 19:00:00,0.0
2022-09-06 20:00:00,0.0
2022-09-06 21:00:00,0.0
2022-09-06 22:00:00,0.0
2022-09-06 23:00:00,0.0
2022-09-07 00:00:00,0.0
2022-09-07 01:00:00,0.0
2022-09-07 02:00:00,0.0
2022-09-07 03:00:00,0.0
2022-09-07 04:00:00,0.0
2022-09-07 05:00:00,0.0
2022-09-07 06:00:00,2.609
2022-09-07 07:00:00,15.234
2022-09-07 08:00:00,29.086
2022-09-07 09:00:00,40.045
2022-09-07 10:00:00,47.168
2022-09-07 11:00:00,51.133
2022-09-07 12:00:00,51.838
2022-09-07 13:00:00,49.401
2022-09-07 14:00:00,43.571
2022-09-07 15:00:00,34.578
2022-09-07 16:00:00,22.484
2022-09-07 17:00:00,9.115
2022-09-07 18:00:00,0.325
2022-09-07 19:00:00,0.0
2022-09-07 20:00:00,0.0
2022-09-07 21:00:00,0.0
2022-09-07 22:00:00,0.0
2022-09-07 23:00:00,0.0
2022-09-08 00:00:00,0.0
2022-09-08 01:00:00,0.0
2022-09-08 02:00:00,0.0
2022-09-08 03:00:00,0.0
2022-09-08 04:00:00,0.0
2022-09-08 05:00:00,0.0
2022-09-08 06:00:00,1.974
2022-09-08 07:00:00,11.456
2022-09-08 08:00:00,22.409
2022-09-08 09:00:00,33.213
2022-09-08 10:00:00,41.276
2022-09-08 11:00:00,39.069
2022-09-08 12:00:00,27.113
2022-09-08 13:00:00,25.416
2022-09-08 14:00:00,26.708
2022-09-08 15:00:00,18.582
2022-09-08 16:00:00,11.934
2022-09-08 17:00:00,6.113
2022-09-08 18:00:00,0.302
2022-09-08 19:00:00,0.0
2022-09-08 20:00:00,0.0
2022-09-08 21:00:00,0.0
2022-09-08 22:00:00,0.0
2022-09-08 23:00:00,0.0
2022-09-09 00:00:00,0.0
2022-09-09 01:00:00,0.0
2022-09-09 02:00:00,0.0
2022-09-09 03:00:00,0.0
2022-09-09 04:00:00,0.0
2022-09-09 05:00:00,0.0
2022-09-09 06:00:00,1.776
2022-09-09 07:00:00,10.361
2022-09-09 08:00:00,19.133
2022-09-09 09:00:00,19.558
2022-09-09 10:00:00,22.277
2022-09-09 11:00:00,26.778
2022-09-09 12:00:00,35.742
2022-09-09 13:00:00,37.979
2022-09-09 14:00:00,33.959
2022-09-09 15:00:00,24.431
2022-09-09 16:00:00,14.388
2022-09-09 17:00:00,3.896
2022-09-09 18:00:00,0.07
2022-09-09 19:00:00,0.0
2022-09-09 20:00:00,0.0
2022-09-09 21:00:00,0.0
2022-09-09 22:00:00,0.0
2022-09-09 23:00:00,0.0
2022-09-10 00:00:00,0.0
2022-09-10 01:00:00,0.0
2022-09-10 02:00:00,0.0
2022-09-10 03:00:00,0.0
2022-09-10 04:00:00,0.0
2022-09-10 05:00:00,0.0
2022-09-10 06:00:00,0.742
2022-09-10 07:00:00,5.665
2022-09-10 08:00:00,13.204
2022-09-10 09:00:00,21.392
2022-09-10 10:00:00,28.126
2022-09-10 11:00:00,34.309
2022-09-10 12:00:00,36.035
2022-09-10 13:00:00,35.204
2022-09-10 14:00:00,30.967
2022-09-10 15:00:00,24.14
2022-09-10 16:00:00,14.785
2022-09-10 17:00:00,5.524
2022-09-10 18:00:00,0.154
2022-09-10 19:00:00,0.0
2022-09-10 20:00:00,0.0
2022-09-10 21:00:00,0.0
2022-09-10 22:00:00,0.0
2022-09-10 23:00:00,0.0
2022-09-11 00:00:00,0.0
2022-09-11 01:00:00,0.0
2022-09-11 02:00:00,0.0
2022-09-11 03:00:00,0.0
2022-09-11 04:00:00,0.0
2022-09-11 05:00:00,0.0
2022-09-11 06:00:00,1.432
2022-09-11 07:00:00,10.094
2022-09-11 08:00:00,21.771
2022-09-11 09:00:00,32.136
2022-09-11 10:00:00,39.542
2022-09-11 11:00:00,42.76
2022-09-11 12:00:00,43.182
2022-09-11 13:00:00,40.447
2022-09-11 14:00:00,33.884
2022-09-11 15:00:00,25.72
2022-09-11 16:00:00,15.635
2022-09-11 17:00:00,5.652
2022-09-11 18:00:00,0.121
2022-09-11 19:00:00,0.0
2022-09-11 20:00:00,0.0
2022-09-11 21:00:00,0.0
2022-09-11 22:00:00,0.0
2022-09-11 23:00:00,0.0
2022-09-12 00:00:00,0.0
2022-09-12 01:00:00,0.0
2022-09-12 02:00:00,0.0
2022-09-12 03:00:00,0.0
2022-09-12 04:00:00,0.0
2022-09-12 05:00:00,0.0
2022-09-12 06:00:00,1.312
2022-09-12 07:00:00,10.068
2022-09-12 08:00:00,21.879
2022-09-12 09:00:00,32.277
2022-09-12 10:00:00,39.794
2022-09-12 11:00:00,45.002
2022-09-12 12:00:00,45.501
2022-09-12 13:00:00,42.998
2022-09-12 14:00:00,37.368
2022-09-12 15:00:00,28.856
2022-09-12 16:00:00,17.827
2022-09-12 17:00:00,6.45
2022-09-12 18:00:00,0.123
2022-09-12 19:00:00,0.0
2022-09-12 20:00:00,0.0
2022-09-12 21:00:00,0.0
2022-09-12 22:00:00,0.0
2022-09-12 23:00:00,0.0
2022-09-13 00:00:00,0.0
2022-09-13 01:00:00,0.0
2022-09-13 02:00:00,0.0
2022-09-13 03:00:00,0.0
2022-09-13 04:00:00,0.0
2022-09-13 05:00:00,0.0
2022-09-13 06:00:00,1.365
2022-09-13 07:00:00,10.638
2022-09-13 08:00:00,22.566
2022-09-13 09:00:00,33.158
2022-09-13 10:00:00,41.055
2022-09-13 11:00:00,42.698
2022-09-13 12:00:00,43.011
2022-09-13 13:00:00,40.661
2022-09-13 14:00:00,35.154
2022-09-13 15:00:00,26.006
2022-09-13 16:00:00,15.657
2022-09-13 17:00:00,4.744
2022-09-13 18:00:00,0.058
2022-09-13 19:00:00,0.0
2022-09-13 20:00:00,0.0
2022-09-13 21:00:00,0.0
2022-09-13 22:00:00,0.0
2022-09-13 23:00:00,0.0
2022-09-14 00:00:00,0.0
2022-09-14 01:00:00,0.0
2022-09-14 02:00:00,0.0
2022-09-14 03:00:00,0.0
2022-09-14 04:00:00,0.0
2022-09-14 05:00:00,0.0
2022-09-14 06:00:00,1.505
2022-09-14 07:00:00,11.856
2022-09-14 08:00:00,24.038
2022-09-14 09:00:00,34.855
2022-09-14 10:00:00,42.198
2022-09-14 11:00:00,47.616
2022-09-14 12:00:00,47.185
2022-09-14 13:00:00,43.6
2022-09-14 14:00:00,38.817
2022-09-14 15:00:00,29.236
2022-09-14 16:00:00,14.35
2022-09-14 17:00:00,4.666
2022-09-14 18:00:00,0.047
2022-09-14 19:00:00,0.0
2022-09-14 20:00:00,0.0
2022-09-14 21:00:00,0.0
2022-09-14 22:00:00,0.0
2022-09-14 23:00:00,0.0
2022-09-15 00:00:00,0.0
2022-09-15 01:00:00,0.0
2022-09-15 02:00:00,0.0
2022-09-15 03:00:00,0.0
2022-09-15 04:00:00,0.0
2022-09-15 05:00:00,0.0
2022-09-15 06:00:00,1.457
2022-09-15 07:00:00,12.246
2022-09-15 08:00:00,25.419
2022-09-15 09:00:00,36.596
2022-09-15 10:00:00,45.113
2022-09-15 11:00:00,49.388
2022-09-15 12:00:00,50.33
2022-09-15 13:00:00,47.945
2022-09-15 14:00:00,41.721
2022-09-15 15:00:00,32.145
2022-09-15 16:00:00,19.796
2022-09-15 17:00:00,6.093
2022-09-15 18:00:00,0.051
2022-09-15 19:00:00,0.0
2022-09-15 20:00:00,0.0
2022-09-15 21:00:00,0.0
2022-09-15 22:00:00,0.0
2022-09-15 23:00:00,0.0
2022-09-16 00:00:00,0.0
2022-09-16 01:00:00,0.0
2022-09-16 02:00:00,0.0
2022-09-16 03:00:00,0.0
2022-09-16 04:00:00,0.0
2022-09-16 05:00:00,0.0
2022-09-16 06:00:00,1.408
2022-09-16 07:00:00,12.226
2022-09-16 08:00:00,25.476
2022-09-16 09:00:00,36.493
2022-09-16 10:00:00,44.185
2022-09-16 11:00:00,48.771
2022-09-16 12:00:00,49.597
2022-09-16 13:00:00,47.181
2022-09-16 14:00:00,41.453
2022-09-16 15:00:00,32.374
2022-09-16 16:00:00,20.309
2022-09-16 17:00:00,6.652
2022-09-16 18:00:00,0.016
2022-09-16 19:00:00,0.0
2022-09-16 20:00:00,0.0
2022-09-16 21:00:00,0.0
2022-09-16 22:00:00,0.0
2022-09-16 23:00:00,0.0
2022-09-17 00:00:00,0.0
2022-09-17 01:00:00,0.0
2022-09-17 02:00:00,0.0
2022-09-17 03:00:00,0.0
2022-09-17 04:00:00,0.0
2022-09-17 05:00:00,0.0
2022-09-17 06:00:00,1.218
2022-09-17 07:00:00,10.264
2022-09-17 08:00:00,19.073
2022-09-17 09:00:00,24.447
2022-09-17 10:00:00,29.669
2022-09-17 11:00:00,37.588
2022-09-17 12:00:00,41.696
2022-09-17 13:00:00,40.022
2022-09-17 14:00:00,35.758
2022-09-17 15:00:00,28.746
2022-09-17 16:00:00,17.781
2022-09-17 17:00:00,6.31
2022-09-17 18:00:00,0.029
2022-09-17 19:00:00,0.0
2022-09-17 20:00:00,0.0
2022-09-17 21:00:00,0.0
2022-09-17 22:00:00,0.0
2022-09-17 23:00:00,0.0
2022-09-18 00:00:00,0.0
2022-09-18 01:00:00,0.0
2022-09-18 02:00:00,0.0
2022-09-18 03:00:00,0.0
2022-09-18 04:00:00,0.0
2022-09-18 05:00:00,0.0
2022-09-18 06:00:00,1.024
2022-09-18 07:00:00,9.718
2022-09-18 08:00:00,21.25
2022-09-18 09:00:00,30.983
2022-09-18 10:00:00,38.605
2022-09-18 11:00:00,43.738
2022-09-18 12:00:00,44.771
2022-09-18 13:00:00,42.23
2022-09-18 14:00:00,34.381
2022-09-18 15:00:00,25.216
2022-09-18 16:00:00,14.216
2022-09-18 17:00:00,4.352
2022-09-18 18:00:00,0.0
2022-09-18 19:00:00,0.0
2022-09-18 20:00:00,0.0
2022-09-18 21:00:00,0.0
2022-09-18 22:00:00,0.0
2022-09-18 23:00:00,0.0
2022-09-19 00:00:00,0.0
2022-09-19 01:00:00,0.0
2022-09-19 02:00:00,0.0
2022-09-19 03:00:00,0.0
2022-09-19 04:00:00,0.0
2022-09-19 05:00:00,0.0
2022-09-19 06:00:00,1.162
2022-09-19 07:00:00,11.862
2022-09-19 08:00:00,25.193
2022-09-19 09:00:00,35.652
2022-09-19 10:00:00,42.624
2022-09-19 11:00:00,44.513
2022-09-19 12:00:00,45.109
2022-09-19 13:00:00,41.621
2022-09-19 14:00:00,32.453
2022-09-19 15:00:00,23.205
2022-09-19 16:00:00,13.041
2022-09-19 17:00:00,3.929
2022-09-19 18:00:00,0.0
2022-09-19 19:00:00,0.0
2022-09-19 20:00:00,0.0
2022-09-19 21:00:00,0.0
2022-09-19 22:00:00,0.0
2022-09-19 23:00:00,0.0
2022-09-20 00:00:00,0.0
2022-09-20 01:00:00,0.0
2022-09-20 02:00:00,0.0
2022-09-20 03:00:00,0.0
2022-09-20 04:00:00,0.0
2022-09-20 05:00:00,0.0
2022-09-20 06:00:00,0.152
2022-09-20 07:00:00,3.21
2022-09-20 08:00:00,8.308
2022-09-20 09:00:00,15.283
2022-09-20 10:00:00,22.421
2022-09-20 11:00:00,30.487
2022-09-20 12:00:00,38.073
2022-09-20 13:00:00,40.379
2022-09-20 14:00:00,32.677
2022-09-20 15:00:00,24.095
2022-09-20 16:00:00,13.237
2022-09-20 17:00:00,4.292
2022-09-20 18:00:00,0.0
2022-09-20 19:00:00,0.0
2022-09-20 20:00:00,0.0
2022-09-20 21:00:00,0.0
2022-09-20 22:00:00,0.0
2022-09-20 23:00:00,0.0
2022-09-21 00:00:00,0.0
2022-09-21 01:00:00,0.0
2022-09-21 02:00:00,0.0
2022-09-21 03:00:00,0.0
2022-09-21 04:00:00,0.0
2022-09-21 05:00:00,0.0
2022-09-21 06:00:00,1.019
2022-09-21 07:00:00,11.289
2022-09-21 08:00:00,25.047
2022-09-21 09:00:00,36.01
2022-09-21 10:00:00,43.54
2022-09-21 11:00:00,48.592
2022-09-21 12:00:00,49.418
2022-09-21 13:00:00,46.705
2022-09-21 14:00:00,41.12
2022-09-21 15:00:00,31.514
2022-09-21 16:00:00,18.942
2022-09-21 17:00:00,5.974
2022-09-21 18:00:00,0.0
2022-09-21 19:00:00,0.0
2022-09-21 20:00:00,0.0
2022-09-21 21:00:00,0.0
2022-09-21 22:00:00,0.0
2022-09-21 23:00:00,0.0
2022-09-22 00:00:00,0.0
2022-09-22 01:00:00,0.0
2022-09-22 02:00:00,0.0
2022-09-22 03:00:00,0.0
2022-09-22 04:00:00,0.0
2022-09-22 05:00:00,0.0
2022-09-22 06:00:00,0.8260000000000001
2022-09-22 07:00:00,10.773
2022-09-22 08:00:00,24.591
2022-09-22 09:00:00,35.856
2022-09-22 10:00:00,43.302
2022-09-22 11:00:00,47.318
2022-09-22 12:00:00,48.602
2022-09-22 13:00:00,47.008
2022-09-22 14:00:00,41.874
2022-09-22 15:00:00,33.421
2022-09-22 16:00:00,21.404
2022-09-22 17:00:00,7.52
2022-09-22 18:00:00,0.0
2022-09-22 19:00:00,0.0
2022-09-22 20:00:00,0.0
2022-09-22 21:00:00,0.0
2022-09-22 22:00:00,0.0
2022-09-22 23:00:00,0.0
2022-09-23 00:00:00,0.0
2022-09-23 01:00:00,0.0
2022-09-23 02:00:00,0.0
2022-09-23 03:00:00,0.0
2022-09-23 04:00:00,0.0
2022-09-23 05:00:00,0.0
2022-09-23 06:00:00,1.406
2022-09-23 07:00:00,15.257
2022-09-23 08:00:00,31.11
2022-09-23 09:00:00,42.13
2022-09-23 10:00:00,49.664
2022-09-23 11:00:00,54.092
2022-09-23 12:00:00,55.16
2022-09-23 13:00:00,53.459
2022-09-23 14:00:00,46.849
2022-09-23 15:00:00,36.846
2022-09-23 16:00:00,22.256
2022-09-23 17:00:00,6.984
2022-09-23 18:00:00,0.0
2022-09-23 19:00:00,0.0
2022-09-23 20:00:00,0.0
2022-09-23 21:00:00,0.0
2022-09-23 22:00:00,0.0
2022-09-23 23:00:00,0.0
2022-09-24 00:00:00,0.0
2022-09-24 01:00:00,0.0
2022-09-24 02:00:00,0.0
2022-09-24 03:00:00,0.0
2022-09-24 04:00:00,0.0
2022-09-24 05:00:00,0.0
2022-09-24 06:00:00,0.804
2022-09-24 07:00:00,10.314
2022-09-24 08:00:00,23.036
2022-09-24 09:00:00,34.797
2022-09-24 10:00:00,35.427
2022-09-24 11:00:00,31.203
2022-09-24 12:00:00,27.503
2022-09-24 13:00:00,23.428
2022-09-24 14:00:00,18.965
2022-09-24 15:00:00,14.717
2022-09-24 16:00:00,8.619
2022-09-24 17:00:00,2.55
2022-09-24 18:00:00,0.0
2022-09-24 19:00:00,0.0
2022-09-24 20:00:00,0.0
2022-09-24 21:00:00,0.0
2022-09-24 22:00:00,0.0
2022-09-24 23:00:00,0.0
2022-09-25 00:00:00,0.0
2022-09-25 01:00:00,0.0
2022-09-25 02:00:00,0.0
2022-09-25 03:00:00,0.0
2022-09-25 04:00:00,0.0
2022-09-25 05:00:00,0.0
2022-09-25 06:00:00,0.619
2022-09-25 07:00:00,10.081
2022-09-25 08:00:00,24.427
2022-09-25 09:00:00,36.305
2022-09-25 10:00:00,44.286
2022-09-25 11:00:00,49.695
2022-09-25 12:00:00,50.221
2022-09-25 13:00:00,47.531
2022-09-25 14:00:00,40.735
2022-09-25 15:00:00,31.208
2022-09-25 16:00:00,18.624
2022-09-25 17:00:00,5.588
2022-09-25 18:00:00,0.0
2022-09-25 19:00:00,0.0
2022-09-25 20:00:00,0.0
2022-09-25 21:00:00,0.0
2022-09-25 22:00:00,0.0
2022-09-25 23:00:00,0.0
2022-09-26 00:00:00,0.0
2022-09-26 01:00:00,0.0
2022-09-26 02:00:00,0.0
2022-09-26 03:00:00,0.0
2022-09-26 04:00:00,0.0
2022-09-26 05:00:00,0.0
2022-09-26 06:00:00,0.634
2022-09-26 07:00:00,10.575
2022-09-26 08:00:00,24.711
2022-09-26 09:00:00,36.337
2022-09-26 10:00:00,43.977
2022-09-26 11:00:00,49.182
2022-09-26 12:00:00,49.869
2022-09-26 13:00:00,47.259
2022-09-26 14:00:00,41.046
2022-09-26 15:00:00,31.539
2022-09-26 16:00:00,18.889
2022-09-26 17:00:00,5.635
2022-09-26 18:00:00,0.0
2022-09-26 19:00:00,0.0
2022-09-26 20:00:00,0.0
2022-09-26 21:00:00,0.0
2022-09-26 22:00:00,0.0
2022-09-26 23:00:00,0.0
2022-09-27 00:00:00,0.0
2022-09-27 01:00:00,0.0
2022-09-27 02:00:00,0.0
2022-09-27 03:00:00,0.0
2022-09-27 04:00:00,0.0
2022-09-27 05:00:00,0.0
2022-09-27 06:00:00,0.327
2022-09-27 07:00:00,8.163
2022-09-27 08:00:00,22.691
2022-09-27 09:00:00,34.056
2022-09-27 10:00:00,43.235
2022-09-27 11:00:00,47.716
2022-09-27 12:00:00,45.162
2022-09-27 13:00:00,31.75
2022-09-27 14:00:00,21.219
2022-09-27 15:00:00,21.366
2022-09-27 16:00:00,11.304
2022-09-27 17:00:00,2.999
2022-09-27 18:00:00,0.0
2022-09-27 19:00:00,0.0
2022-09-27 20:00:00,0.0
2022-09-27 21:00:00,0.0
2022-09-27 22:00:00,0.0
2022-09-27 23:00:00,0.0
2022-09-28 00:00:00,0.0
2022-09-28 01:00:00,0.0
2022-09-28 02:00:00,0.0
2022-09-28 03:00:00,0.0
2022-09-28 04:00:00,0.0
2022-09-28 05:00:00,0.0
2022-09-28 06:00:00,0.324
2022-09-28 07:00:00,7.777
2022-09-28 08:00:00,19.74
2022-09-28 09:00:00,30.393
2022-09-28 10:00:00,38.299
2022-09-28 11:00:00,44.447
2022-09-28 12:00:00,45.093
2022-09-28 13:00:00,42.38
2022-09-28 14:00:00,37.062
2022-09-28 15:00:00,27.483
2022-09-28 16:00:00,15.421
2022-09-28 17:00:00,4.083
2022-09-28 18:00:00,0.0
2022-09-28 19:00:00,0.0
2022-09-28 20:00:00,0.0
2022-09-28 21:00:00,0.0
2022-09-28 22:00:00,0.0
2022-09-28 23:00:00,0.0
2022-09-29 00:00:00,0.0
2022-09-29 01:00:00,0.0
2022-09-29 02:00:00,0.0
2022-09-29 03:00:00,0.0
2022-09-29 04:00:00,0.0
2022-09-29 05:00:00,0.0
2022-09-29 06:00:00,0.355
2022-09-29 07:00:00,8.694
2022-09-29 08:00:00,21.985
2022-09-29 09:00:00,33.46
2022-09-29 10:00:00,41.303
2022-09-29 11:00:00,44.618
2022-09-29 12:00:00,45.445
2022-09-29 13:00:00,42.992
2022-09-29 14:00:00,36.379
2022-09-29 15:00:00,27.28
2022-09-29 16:00:00,15.592
2022-09-29 17:00:00,4.182
2022-09-29 18:00:00,0.0
2022-09-29 19:00:00,0.0
2022-09-29 20:00:00,0.0
2022-09-29 21:00:00,0.0
2022-09-29 22:00:00,0.0
2022-09-29 23:00:00,0.0
2022-09-30 00:00:00,0.0
2022-09-30 01:00:00,0.0
2022-09-30 02:00:00,0.0
2022-09-30 03:00:00,0.0
2022-09-30 04:00:00,0.0
2022-09-30 05:00:00,0.0
2022-09-30 06:00:00,0.314
2022-09-30 07:00:00,8.687
2022-09-30 08:00:00,21.998
2022-09-30 09:00:00,33.643
2022-09-30 10:00:00,41.602
2022-09-30 11:00:00,46.035
2022-09-30 12:00:00,46.364
2022-09-30 13:00:00,42.464
2022-09-30 14:00:00,34.61
2022-09-30 15:00:00,23.895
2022-09-30 16:00:00,11.901
2022-09-30 17:00:00,2.818
2022-09-30 18:00:00,0.0
2022-09-30 19:00:00,0.0
2022-09-30 20:00:00,0.0
2022-09-30 21:00:00,0.0
2022-09-30 22:00:00,0.0
2022-09-30 23:00:00,0.0
2022-10-01 00:00:00,0.0
2022-10-01 01:00:00,0.0
2022-10-01 02:00:00,0.0
2022-10-01 03:00:00,0.0
2022-10-01 04:00:00,0.0
2022-10-01 05:00:00,0.0
2022-10-01 06:00:00,0.0
2022-10-01 07:00:00,1.239
2022-10-01 08:00:00,4.194
2022-10-01 09:00:00,9.779
2022-10-01 10:00:00,20.581
2022-10-01 11:00:00,22.279
2022-10-01 12:00:00,18.163
2022-10-01 13:00:00,6.128
2022-10-01 14:00:00,5.479
2022-10-01 15:00:00,3.857
2022-10-01 16:00:00,1.959
2022-10-01 17:00:00,0.277
2022-10-01 18:00:00,0.0
2022-10-01 19:00:00,0.0
2022-10-01 20:00:00,0.0
2022-10-01 21:00:00,0.0
2022-10-01 22:00:00,0.0
2022-10-01 23:00:00,0.0
2022-10-02 00:00:00,0.0
2022-10-02 01:00:00,0.0
2022-10-02 02:00:00,0.0
2022-10-02 03:00:00,0.0
2022-10-02 04:00:00,0.0
2022-10-02 05:00:00,0.0
2022-10-02 06:00:00,0.098
2022-10-02 07:00:00,6.431
2022-10-02 08:00:00,18.806
2022-10-02 09:00:00,29.948
2022-10-02 10:00:00,37.039
2022-10-02 11:00:00,38.945
2022-10-02 12:00:00,38.08
2022-10-02 13:00:00,31.88
2022-10-02 14:00:00,27.483
2022-10-02 15:00:00,19.574
2022-10-02 16:00:00,10.619
2022-10-02 17:00:00,2.542
2022-10-02 18:00:00,0.0
2022-10-02 19:00:00,0.0
2022-10-02 20:00:00,0.0
2022-10-02 21:00:00,0.0
2022-10-02 22:00:00,0.0
2022-10-02 23:00:00,0.0
2022-10-03 00:00:00,0.0
2022-10-03 01:00:00,0.0
2022-10-03 02:00:00,0.0
2022-10-03 03:00:00,0.0
2022-10-03 04:00:00,0.0
2022-10-03 05:00:00,0.0
2022-10-03 06:00:00,0.0
2022-10-03 07:00:00,2.433
2022-10-03 08:00:00,5.216
2022-10-03 09:00:00,7.282
2022-10-03 10:00:00,13.192
2022-10-03 11:00:00,18.336
2022-10-03 12:00:00,21.385
2022-10-03 13:00:00,20.476
2022-10-03 14:00:00,15.994
2022-10-03 15:00:00,11.696
2022-10-03 16:00:00,6.544
2022-10-03 17:00:00,1.029
2022-10-03 18:00:00,0.0
2022-10-03 19:00:00,0.0
2022-10-03 20:00:00,0.0
2022-10-03 21:00:00,0.0
2022-10-03 22:00:00,0.0
2022-10-03 23:00:00,0.0
2022-10-04 00:00:00,0.0
2022-10-04 01:00:00,0.0
2022-10-04 02:00:00,0.0
2022-10-04 03:00:00,0.0
2022-10-04 04:00:00,0.0
2022-10-04 05:00:00,0.0
2022-10-04 06:00:00,0.0
2022-10-04 07:00:00,1.955
2022-10-04 08:00:00,6.391
2022-10-04 09:00:00,12.372
2022-10-04 10:00:00,18.367
2022-10-04 11:00:00,26.581
2022-10-04 12:00:00,43.279
2022-10-04 13:00:00,49.747
2022-10-04 14:00:00,43.022
2022-10-04 15:00:00,21.414
2022-10-04 16:00:00,7.483
2022-10-04 17:00:00,1.702
2022-10-04 18:00:00,0.0
2022-10-04 19:00:00,0.0
2022-10-04 20:00:00,0.0
2022-10-04 21:00:00,0.0
2022-10-04 22:00:00,0.0
2022-10-04 23:00:00,0.0
2022-10-05 00:00:00,0.0
2022-10-05 01:00:00,0.0
2022-10-05 02:00:00,0.0
2022-10-05 03:00:00,0.0
2022-10-05 04:00:00,0.0
2022-10-05 05:00:00,0.0
2022-10-05 06:00:00,0.215
2022-10-05 07:00:00,9.81
2022-10-05 08:00:00,25.098
2022-10-05 09:00:00,34.705
2022-10-05 10:00:00,35.085
2022-10-05 11:00:00,21.632
2022-10-05 12:00:00,14.801
2022-10-05 13:00:00,13.356
2022-10-05 14:00:00,14.417
2022-10-05 15:00:00,13.007
2022-10-05 16:00:00,7.011
2022-10-05 17:00:00,1.674
2022-10-05 18:00:00,0.0
2022-10-05 19:00:00,0.0
2022-10-05 20:00:00,0.0
2022-10-05 21:00:00,0.0
2022-10-05 22:00:00,0.0
2022-10-05 23:00:00,0.0
2022-10-06 00:00:00,0.0
2022-10-06 01:00:00,0.0
2022-10-06 02:00:00,0.0
2022-10-06 03:00:00,0.0
2022-10-06 04:00:00,0.0
2022-10-06 05:00:00,0.0
2022-10-06 06:00:00,0.088
2022-10-06 07:00:00,5.581
2022-10-06 08:00:00,13.692
2022-10-06 09:00:00,19.247
2022-10-06 10:00:00,22.216
2022-10-06 11:00:00,28.388
2022-10-06 12:00:00,29.493
2022-10-06 13:00:00,23.353
2022-10-06 14:00:00,19.892
2022-10-06 15:00:00,14.502
2022-10-06 16:00:00,8.108
2022-10-06 17:00:00,1.842
2022-10-06 18:00:00,0.0
2022-10-06 19:00:00,0.0
2022-10-06 20:00:00,0.0
2022-10-06 21:00:00,0.0
2022-10-06 22:00:00,0.0
2022-10-06 23:00:00,0.0
2022-10-07 00:00:00,0.0
2022-10-07 01:00:00,0.0
2022-10-07 02:00:00,0.0
2022-10-07 03:00:00,0.0
2022-10-07 04:00:00,0.0
2022-10-07 05:00:00,0.0
2022-10-07 06:00:00,0.024
2022-10-07 07:00:00,4.196
2022-10-07 08:00:00,19.407
2022-10-07 09:00:00,36.101
2022-10-07 10:00:00,44.884
2022-10-07 11:00:00,48.66
2022-10-07 12:00:00,49.431
2022-10-07 13:00:00,46.539
2022-10-07 14:00:00,38.663
2022-10-07 15:00:00,28.196
2022-10-07 16:00:00,14.965
2022-10-07 17:00:00,3.295
2022-10-07 18:00:00,0.0
2022-10-07 19:00:00,0.0
2022-10-07 20:00:00,0.0
2022-10-07 21:00:00,0.0
2022-10-07 22:00:00,0.0
2022-10-07 23:00:00,0.0
2022-10-08 00:00:00,0.0
2022-10-08 01:00:00,0.0
2022-10-08 02:00:00,0.0
2022-10-08 03:00:00,0.0
2022-10-08 04:00:00,0.0
2022-10-08 05:00:00,0.0
2022-10-08 06:00:00,0.011
2022-10-08 07:00:00,5.67
2022-10-08 08:00:00,18.85
2022-10-08 09:00:00,31.473
2022-10-08 10:00:00,40.552
2022-10-08 11:00:00,45.755
2022-10-08 12:00:00,46.545
2022-10-08 13:00:00,42.796
2022-10-08 14:00:00,33.257
2022-10-08 15:00:00,22.766
2022-10-08 16:00:00,10.208
2022-10-08 17:00:00,1.399
2022-10-08 18:00:00,0.0
2022-10-08 19:00:00,0.0
2022-10-08 20:00:00,0.0
2022-10-08 21:00:00,0.0
2022-10-08 22:00:00,0.0
2022-10-08 23:00:00,0.0
2022-10-09 00:00:00,0.0
2022-10-09 01:00:00,0.0
2022-10-09 02:00:00,0.0
2022-10-09 03:00:00,0.0
2022-10-09 04:00:00,0.0
2022-10-09 05:00:00,0.0
2022-10-09 06:00:00,0.134
2022-10-09 07:00:00,10.884
2022-10-09 08:00:00,27.91
2022-10-09 09:00:00,41.352
2022-10-09 10:00:00,50.577
2022-10-09 11:00:00,55.308
2022-10-09 12:00:00,56.462
2022-10-09 13:00:00,53.989
2022-10-09 14:00:00,47.068
2022-10-09 15:00:00,36.664
2022-10-09 16:00:00,22.218
2022-10-09 17:00:00,6.328
2022-10-09 18:00:00,0.0
2022-10-09 19:00:00,0.0
2022-10-09 20:00:00,0.0
2022-10-09 21:00:00,0.0
2022-10-09 22:00:00,0.0
2022-10-09 23:00:00,0.0
2022-10-10 00:00:00,0.0
2022-10-10 01:00:00,0.0
2022-10-10 02:00:00,0.0
2022-10-10 03:00:00,0.0
2022-10-10 04:00:00,0.0
2022-10-10 05:00:00,0.0
2022-10-10 06:00:00,0.105
2022-10-10 07:00:00,11.325
2022-10-10 08:00:00,28.364
2022-10-10 09:00:00,41.535
2022-10-10 10:00:00,50.311
2022-10-10 11:00:00,54.951
2022-10-10 12:00:00,55.918
2022-10-10 13:00:00,53.157
2022-10-10 14:00:00,46.413
2022-10-10 15:00:00,35.784
2022-10-10 16:00:00,21.244
2022-10-10 17:00:00,5.509
2022-10-10 18:00:00,0.0
2022-10-10 19:00:00,0.0
2022-10-10 20:00:00,0.0
2022-10-10 21:00:00,0.0
2022-10-10 22:00:00,0.0
2022-10-10 23:00:00,0.0
2022-10-11 00:00:00,0.0
2022-10-11 01:00:00,0.0
2022-10-11 02:00:00,0.0
2022-10-11 03:00:00,0.0
2022-10-11 04:00:00,0.0
2022-10-11 05:00:00,0.0
2022-10-11 06:00:00,0.031
2022-10-11 07:00:00,9.572
2022-10-11 08:00:00,25.762
2022-10-11 09:00:00,38.995
2022-10-11 10:00:00,47.421
2022-10-11 11:00:00,51.919
2022-10-11 12:00:00,52.743
2022-10-11 13:00:00,49.914
2022-10-11 14:00:00,41.21
2022-10-11 15:00:00,30.81
2022-10-11 16:00:00,17.05
2022-10-11 17:00:00,3.637
2022-10-11 18:00:00,0.0
2022-10-11 19:00:00,0.0
2022-10-11 20:00:00,0.0
2022-10-11 21:00:00,0.0
2022-10-11 22:00:00,0.0
2022-10-11 23:00:00,0.0
2022-10-12 00:00:00,0.0
2022-10-12 01:00:00,0.0
2022-10-12 02:00:00,0.0
2022-10-12 03:00:00,0.0
2022-10-12 04:00:00,0.0
2022-10-12 05:00:00,0.0
2022-10-12 06:00:00,0.0
2022-10-12 07:00:00,7.31
2022-10-12 08:00:00,19.104
2022-10-12 09:00:00,23.634
2022-10-12 10:00:00,21.147
2022-10-12 11:00:00,17.925
2022-10-12 12:00:00,18.081
2022-10-12 13:00:00,26.208
2022-10-12 14:00:00,32.487
2022-10-12 15:00:00,20.953
2022-10-12 16:00:00,7.828
2022-10-12 17:00:00,1.802
2022-10-12 18:00:00,0.0
2022-10-12 19:00:00,0.0
2022-10-12 20:00:00,0.0
2022-10-12 21:00:00,0.0
2022-10-12 22:00:00,0.0
2022-10-12 23:00:00,0.0
2022-10-13 00:00:00,0.0
2022-10-13 01:00:00,0.0
2022-10-13 02:00:00,0.0
2022-10-13 03:00:00,0.0
2022-10-13 04:00:00,0.0
2022-10-13 05:00:00,0.0
2022-10-13 06:00:00,0.0
2022-10-13 07:00:00,2.407
2022-10-13 08:00:00,11.557
2022-10-13 09:00:00,17.607
2022-10-13 10:00:00,20.717
2022-10-13 11:00:00,18.585
2022-10-13 12:00:00,16.977
2022-10-13 13:00:00,14.371
2022-10-13 14:00:00,12.384
2022-10-13 15:00:00,10.502
2022-10-13 16:00:00,4.604
2022-10-13 17:00:00,0.676
2022-10-13 18:00:00,0.0
2022-10-13 19:00:00,0.0
2022-10-13 20:00:00,0.0
2022-10-13 21:00:00,0.0
2022-10-13 22:00:00,0.0
2022-10-13 23:00:00,0.0
2022-10-14 00:00:00,0.0
2022-10-14 01:00:00,0.0
2022-10-14 02:00:00,0.0
2022-10-14 03:00:00,0.0
2022-10-14 04:00:00,0.0
2022-10-14 05:00:00,0.0
2022-10-14 06:00:00,0.0
2022-10-14 07:00:00,3.669
2022-10-14 08:00:00,13.594
2022-10-14 09:00:00,24.272
2022-10-14 10:00:00,30.776
2022-10-14 11:00:00,28.829
2022-10-14 12:00:00,27.341
2022-10-14 13:00:00,28.615
2022-10-14 14:00:00,18.608
2022-10-14 15:00:00,12.705
2022-10-14 16:00:00,5.589
2022-10-14 17:00:00,0.995
2022-10-14 18:00:00,0.0
2022-10-14 19:00:00,0.0
2022-10-14 20:00:00,0.0
2022-10-14 21:00:00,0.0
2022-10-14 22:00:00,0.0
2022-10-14 23:00:00,0.0
2022-10-15 00:00:00,0.0
2022-10-15 01:00:00,0.0
2022-10-15 02:00:00,0.0
2022-10-15 03:00:00,0.0
2022-10-15 04:00:00,0.0
2022-10-15 05:00:00,0.0
2022-10-15 06:00:00,0.0
2022-10-15 07:00:00,4.724
2022-10-15 08:00:00,16.994
2022-10-15 09:00:00,29.146
2022-10-15 10:00:00,37.821
2022-10-15 11:00:00,40.976
2022-10-15 12:00:00,40.316
2022-10-15 13:00:00,35.808
2022-10-15 14:00:00,26.904
2022-10-15 15:00:00,14.538
2022-10-15 16:00:00,6.255
2022-10-15 17:00:00,0.899
2022-10-15 18:00:00,0.0
2022-10-15 19:00:00,0.0
2022-10-15 20:00:00,0.0
2022-10-15 21:00:00,0.0
2022-10-15 22:00:00,0.0
2022-10-15 23:00:00,0.0
2022-10-16 00:00:00,0.0
2022-10-16 01:00:00,0.0
2022-10-16 02:00:00,0.0
2022-10-16 03:00:00,0.0
2022-10-16 04:00:00,0.0
2022-10-16 05:00:00,0.0
2022-10-16 06:00:00,0.0
2022-10-16 07:00:00,3.502
2022-10-16 08:00:00,11.596
2022-10-16 09:00:00,19.905
2022-10-16 10:00:00,30.2
2022-10-16 11:00:00,40.15
2022-10-16 12:00:00,38.641
2022-10-16 13:00:00,33.676
2022-10-16 14:00:00,13.399
2022-10-16 15:00:00,11.519
2022-10-16 16:00:00,6.858
2022-10-16 17:00:00,1.068
2022-10-16 18:00:00,0.0
2022-10-16 19:00:00,0.0
2022-10-16 20:00:00,0.0
2022-10-16 21:00:00,0.0
2022-10-16 22:00:00,0.0
2022-10-16 23:00:00,0.0
2022-10-17 00:00:00,0.0
2022-10-17 01:00:00,0.0
2022-10-17 02:00:00,0.0
2022-10-17 03:00:00,0.0
2022-10-17 04:00:00,0.0
2022-10-17 05:00:00,0.0
2022-10-17 06:00:00,0.0
2022-10-17 07:00:00,8.649000000000001
2022-10-17 08:00:00,26.677
2022-10-17 09:00:00,40.306
2022-10-17 10:00:00,49.142
2022-10-17 11:00:00,53.928
2022-10-17 12:00:00,54.883
2022-10-17 13:00:00,51.95
2022-10-17 14:00:00,44.29
2022-10-17 15:00:00,33.619
2022-10-17 16:00:00,19.18
2022-10-17 17:00:00,3.565
2022-10-17 18:00:00,0.0
2022-10-17 19:00:00,0.0
2022-10-17 20:00:00,0.0
2022-10-17 21:00:00,0.0
2022-10-17 22:00:00,0.0
2022-10-17 23:00:00,0.0
2022-10-18 00:00:00,0.0
2022-10-18 01:00:00,0.0
2022-10-18 02:00:00,0.0
2022-10-18 03:00:00,0.0
2022-10-18 04:00:00,0.0
2022-10-18 05:00:00,0.0
2022-10-18 06:00:00,0.0
2022-10-18 07:00:00,7.913
2022-10-18 08:00:00,24.069
2022-10-18 09:00:00,37.401
2022-10-18 10:00:00,46.015
2022-10-18 11:00:00,50.602
2022-10-18 12:00:00,51.414
2022-10-18 13:00:00,48.504
2022-10-18 14:00:00,38.205
2022-10-18 15:00:00,27.537
2022-10-18 16:00:00,13.955
2022-10-18 17:00:00,1.947
2022-10-18 18:00:00,0.0
2022-10-18 19:00:00,0.0
2022-10-18 20:00:00,0.0
2022-10-18 21:00:00,0.0
2022-10-18 22:00:00,0.0
2022-10-18 23:00:00,0.0
2022-10-19 00:00:00,0.0
2022-10-19 01:00:00,0.0
2022-10-19 02:00:00,0.0
2022-10-19 03:00:00,0.0
2022-10-19 04:00:00,0.0
2022-10-19 05:00:00,0.0
2022-10-19 06:00:00,0.0
2022-10-19 07:00:00,5.536
2022-10-19 08:00:00,20.212
2022-10-19 09:00:00,33.865
2022-10-19 10:00:00,43.041
2022-10-19 11:00:00,47.876
2022-10-19 12:00:00,48.882
2022-10-19 13:00:00,46.05
2022-10-19 14:00:00,37.406
2022-10-19 15:00:00,26.726
2022-10-19 16:00:00,13.273
2022-10-19 17:00:00,1.715
2022-10-19 18:00:00,0.0
2022-10-19 19:00:00,0.0
2022-10-19 20:00:00,0.0
2022-10-19 21:00:00,0.0
2022-10-19 22:00:00,0.0
2022-10-19 23:00:00,0.0
2022-10-20 00:00:00,0.0
2022-10-20 01:00:00,0.0
2022-10-20 02:00:00,0.0
2022-10-20 03:00:00,0.0
2022-10-20 04:00:00,0.0
2022-10-20 05:00:00,0.0
2022-10-20 06:00:00,0.0
2022-10-20 07:00:00,5.1
2022-10-20 08:00:00,19.564
2022-10-20 09:00:00,33.939
2022-10-20 10:00:00,43.28
2022-10-20 11:00:00,48.19
2022-10-20 12:00:00,47.675
2022-10-20 13:00:00,43.51
2022-10-20 14:00:00,35.863
2022-10-20 15:00:00,27.136
2022-10-20 16:00:00,14.596
2022-10-20 17:00:00,1.864
2022-10-20 18:00:00,0.0
2022-10-20 19:00:00,0.0
2022-10-20 20:00:00,0.0
2022-10-20 21:00:00,0.0
2022-10-20 22:00:00,0.0
2022-10-20 23:00:00,0.0
2022-10-21 00:00:00,0.0
2022-10-21 01:00:00,0.0
2022-10-21 02:00:00,0.0
2022-10-21 03:00:00,0.0
2022-10-21 04:00:00,0.0
2022-10-21 05:00:00,0.0
2022-10-21 06:00:00,0.0
2022-10-21 07:00:00,3.705
2022-10-21 08:00:00,16.38
2022-10-21 09:00:00,29.139
2022-10-21 10:00:00,38.186
2022-10-21 11:00:00,43.142
2022-10-21 12:00:00,44.19
2022-10-21 13:00:00,41.369
2022-10-21 14:00:00,30.29
2022-10-21 15:00:00,20.516
2022-10-21 16:00:00,9.23
2022-10-21 17:00:00,0.9400000000000001
2022-10-21 18:00:00,0.0
2022-10-21 19:00:00,0.0
2022-10-21 20:00:00,0.0
2022-10-21 21:00:00,0.0
2022-10-21 22:00:00,0.0
2022-10-21 23:00:00,0.0
2022-10-22 00:00:00,0.0
2022-10-22 01:00:00,0.0
2022-10-22 02:00:00,0.0
2022-10-22 03:00:00,0.0
2022-10-22 04:00:00,0.0
2022-10-22 05:00:00,0.0
2022-10-22 06:00:00,0.0
2022-10-22 07:00:00,4.646
2022-10-22 08:00:00,20.043
2022-10-22 09:00:00,34.496
2022-10-22 10:00:00,44.147
2022-10-22 11:00:00,49.474
2022-10-22 12:00:00,49.573
2022-10-22 13:00:00,39.93
2022-10-22 14:00:00,28.916
2022-10-22 15:00:00,19.777
2022-10-22 16:00:00,9.735
2022-10-22 17:00:00,1.179
2022-10-22 18:00:00,0.0
2022-10-22 19:00:00,0.0
2022-10-22 20:00:00,0.0
2022-10-22 21:00:00,0.0
2022-10-22 22:00:00,0.0
2022-10-22 23:00:00,0.0
2022-10-23 00:00:00,0.0
2022-10-23 01:00:00,0.0
2022-10-23 02:00:00,0.0
2022-10-23 03:00:00,0.0
2022-10-23 04:00:00,0.0
2022-10-23 05:00:00,0.0
2022-10-23 06:00:00,0.0
2022-10-23 07:00:00,4.859
2022-10-23 08:00:00,19.144
2022-10-23 09:00:00,32.419
2022-10-23 10:00:00,41.344
2022-10-23 11:00:00,45.988
2022-10-23 12:00:00,46.845
2022-10-23 13:00:00,43.987
2022-10-23 14:00:00,34.453
2022-10-23 15:00:00,24.1
2022-10-23 16:00:00,11.307
2022-10-23 17:00:00,1.093
2022-10-23 18:00:00,0.0
2022-10-23 19:00:00,0.0
2022-10-23 20:00:00,0.0
2022-10-23 21:00:00,0.0
2022-10-23 22:00:00,0.0
2022-10-23 23:00:00,0.0
2022-10-24 00:00:00,0.0
2022-10-24 01:00:00,0.0
2022-10-24 02:00:00,0.0
2022-10-24 03:00:00,0.0
2022-10-24 04:00:00,0.0
2022-10-24 05:00:00,0.0
2022-10-24 06:00:00,0.0
2022-10-24 07:00:00,3.748
2022-10-24 08:00:00,16.074
2022-10-24 09:00:00,28.47
2022-10-24 10:00:00,37.23
2022-10-24 11:00:00,41.673
2022-10-24 12:00:00,42.333
2022-10-24 13:00:00,39.256
2022-10-24 14:00:00,30.907
2022-10-24 15:00:00,20.832
2022-10-24 16:00:00,9.214
2022-10-24 17:00:00,0.779
2022-10-24 18:00:00,0.0
2022-10-24 19:00:00,0.0
2022-10-24 20:00:00,0.0
2022-10-24 21:00:00,0.0
2022-10-24 22:00:00,0.0
2022-10-24 23:00:00,0.0
2022-10-25 00:00:00,0.0
2022-10-25 01:00:00,0.0
2022-10-25 02:00:00,0.0
2022-10-25 03:00:00,0.0
2022-10-25 04:00:00,0.0
2022-10-25 05:00:00,0.0
2022-10-25 06:00:00,0.0
2022-10-25 07:00:00,2.734
2022-10-25 08:00:00,12.142
2022-10-25 09:00:00,22.044
2022-10-25 10:00:00,30.984
2022-10-25 11:00:00,37.149
2022-10-25 12:00:00,38.332
2022-10-25 13:00:00,34.098
2022-10-25 14:00:00,25.87
2022-10-25 15:00:00,18.898
2022-10-25 16:00:00,8.53
2022-10-25 17:00:00,0.6900000000000001
2022-10-25 18:00:00,0.0
2022-10-25 19:00:00,0.0
2022-10-25 20:00:00,0.0
2022-10-25 21:00:00,0.0
2022-10-25 22:00:00,0.0
2022-10-25 23:00:00,0.0
2022-10-26 00:00:00,0.0
2022-10-26 01:00:00,0.0
2022-10-26 02:00:00,0.0
2022-10-26 03:00:00,0.0
2022-10-26 04:00:00,0.0
2022-10-26 05:00:00,0.0
2022-10-26 06:00:00,0.0
2022-10-26 07:00:00,1.282
2022-10-26 08:00:00,6.727
2022-10-26 09:00:00,13.999
2022-10-26 10:00:00,24.464
2022-10-26 11:00:00,28.405
2022-10-26 12:00:00,29.201
2022-10-26 13:00:00,27.293
2022-10-26 14:00:00,25.22
2022-10-26 15:00:00,21.263
2022-10-26 16:00:00,9.537
2022-10-26 17:00:00,0.742
2022-10-26 18:00:00,0.0
2022-10-26 19:00:00,0.0
2022-10-26 20:00:00,0.0
2022-10-26 21:00:00,0.0
2022-10-26 22:00:00,0.0
2022-10-26 23:00:00,0.0
2022-10-27 00:00:00,0.0
2022-10-27 01:00:00,0.0
2022-10-27 02:00:00,0.0
2022-10-27 03:00:00,0.0
2022-10-27 04:00:00,0.0
2022-10-27 05:00:00,0.0
2022-10-27 06:00:00,0.0
2022-10-27 07:00:00,2.115
2022-10-27 08:00:00,10.305
2022-10-27 09:00:00,18.465
2022-10-27 10:00:00,20.875
2022-10-27 11:00:00,18.937
2022-10-27 12:00:00,15.482
2022-10-27 13:00:00,14.098
2022-10-27 14:00:00,11.608
2022-10-27 15:00:00,7.59
2022-10-27 16:00:00,3.29
2022-10-27 17:00:00,0.138
2022-10-27 18:00:00,0.0
2022-10-27 19:00:00,0.0
2022-10-27 20:00:00,0.0
2022-10-27 21:00:00,0.0
2022-10-27 22:00:00,0.0
2022-10-27 23:00:00,0.0
2022-10-28 00:00:00,0.0
2022-10-28 01:00:00,0.0
2022-10-28 02:00:00,0.0
2022-10-28 03:00:00,0.0
2022-10-28 04:00:00,0.0
2022-10-28 05:00:00,0.0
2022-10-28 06:00:00,0.0
2022-10-28 07:00:00,2.011
2022-10-28 08:00:00,12.042
2022-10-28 09:00:00,25.368
2022-10-28 10:00:00,35.504
2022-10-28 11:00:00,31.199
2022-10-28 12:00:00,29.176
2022-10-28 13:00:00,23.279
2022-10-28 14:00:00,16.129
2022-10-28 15:00:00,8.963
2022-10-28 16:00:00,3.119
2022-10-28 17:00:00,0.07200000000000001
2022-10-28 18:00:00,0.0
2022-10-28 19:00:00,0.0
2022-10-28 20:00:00,0.0
2022-10-28 21:00:00,0.0
2022-10-28 22:00:00,0.0
2022-10-28 23:00:00,0.0
2022-10-29 00:00:00,0.0
2022-10-29 01:00:00,0.0
2022-10-29 02:00:00,0.0
2022-10-29 03:00:00,0.0
2022-10-29 04:00:00,0.0
2022-10-29 05:00:00,0.0
2022-10-29 06:00:00,0.0
2022-10-29 07:00:00,1.635
2022-10-29 08:00:00,10.225
2022-10-29 09:00:00,20.669
2022-10-29 10:00:00,30.733
2022-10-29 11:00:00,39.413
2022-10-29 12:00:00,42.007
2022-10-29 13:00:00,39.012
2022-10-29 14:00:00,26.623
2022-10-29 15:00:00,14.505
2022-10-29 16:00:00,4.663
2022-10-29 17:00:00,0.14
2022-10-29 18:00:00,0.0
2022-10-29 19:00:00,0.0
2022-10-29 20:00:00,0.0
2022-10-29 21:00:00,0.0
2022-10-29 22:00:00,0.0
2022-10-29 23:00:00,0.0
2022-10-30 00:00:00,0.0
2022-10-30 01:00:00,0.0
2022-10-30 02:00:00,0.0
2022-10-30 03:00:00,0.0
2022-10-30 04:00:00,0.0
2022-10-30 05:00:00,0.0
2022-10-30 06:00:00,0.0
2022-10-30 07:00:00,1.35
2022-10-30 08:00:00,6.39
2022-10-30 09:00:00,11.238
2022-10-30 10:00:00,14.805
2022-10-30 11:00:00,18.257
2022-10-30 12:00:00,22.402
2022-10-30 13:00:00,25.84
2022-10-30 14:00:00,23.432
2022-10-30 15:00:00,15.502
2022-10-30 16:00:00,6.798
2022-10-30 17:00:00,0.361
2022-10-30 18:00:00,0.0
2022-10-30 19:00:00,0.0
2022-10-30 20:00:00,0.0
2022-10-30 21:00:00,0.0
2022-10-30 22:00:00,0.0
2022-10-30 23:00:00,0.0
2022-10-31 00:00:00,0.0
2022-10-31 01:00:00,0.0
2022-10-31 02:00:00,0.0
2022-10-31 03:00:00,0.0
2022-10-31 04:00:00,0.0
2022-10-31 05:00:00,0.0
2022-10-31 06:00:00,0.0
2022-10-31 07:00:00,1.995
2022-10-31 08:00:00,12.077
2022-10-31 09:00:00,24.672
2022-10-31 10:00:00,33.346
2022-10-31 11:00:00,32.295
2022-10-31 12:00:00,22.757
2022-10-31 13:00:00,19.124
2022-10-31 14:00:00,19.135
2022-10-31 15:00:00,18.784
2022-10-31 16:00:00,12.659
2022-10-31 17:00:00,0.796
2022-10-31 18:00:00,0.0
2022-10-31 19:00:00,0.0
2022-10-31 20:00:00,0.0
2022-10-31 21:00:00,0.0
2022-10-31 22:00:00,0.0
2022-10-31 23:00:00,0.0
2022-11-01 00:00:00,0.0
2022-11-01 01:00:00,0.0
2022-11-01 02:00:00,0.0
2022-11-01 03:00:00,0.0
2022-11-01 04:00:00,0.0
2022-11-01 05:00:00,0.0
2022-11-01 06:00:00,0.0
2022-11-01 07:00:00,3.428
2022-11-01 08:00:00,18.647
2022-11-01 09:00:00,33.2
2022-11-01 10:00:00,42.482
2022-11-01 11:00:00,47.012
2022-11-01 12:00:00,47.269
2022-11-01 13:00:00,43.404
2022-11-01 14:00:00,30.793
2022-11-01 15:00:00,19.044
2022-11-01 16:00:00,7.116
2022-11-01 17:00:00,0.262
2022-11-01 18:00:00,0.0
2022-11-01 19:00:00,0.0
2022-11-01 20:00:00,0.0
2022-11-01 21:00:00,0.0
2022-11-01 22:00:00,0.0
2022-11-01 23:00:00,0.0
2022-11-02 00:00:00,0.0
2022-11-02 01:00:00,0.0
2022-11-02 02:00:00,0.0
2022-11-02 03:00:00,0.0
2022-11-02 04:00:00,0.0
2022-11-02 05:00:00,0.0
2022-11-02 06:00:00,0.0
2022-11-02 07:00:00,1.565
2022-11-02 08:00:00,10.456
2022-11-02 09:00:00,22.199
2022-11-02 10:00:00,31.568
2022-11-02 11:00:00,37.164
2022-11-02 12:00:00,38.886
2022-11-02 13:00:00,36.462
2022-11-02 14:00:00,28.177
2022-11-02 15:00:00,13.791
2022-11-02 16:00:00,4.923
2022-11-02 17:00:00,0.142
2022-11-02 18:00:00,0.0
2022-11-02 19:00:00,0.0
2022-11-02 20:00:00,0.0
2022-11-02 21:00:00,0.0
2022-11-02 22:00:00,0.0
2022-11-02 23:00:00,0.0
2022-11-03 00:00:00,0.0
2022-11-03 01:00:00,0.0
2022-11-03 02:00:00,0.0
2022-11-03 03:00:00,0.0
2022-11-03 04:00:00,0.0
2022-11-03 05:00:00,0.0
2022-11-03 06:00:00,0.0
2022-11-03 07:00:00,0.365
2022-11-03 08:00:00,4.605
2022-11-03 09:00:00,12.113
2022-11-03 10:00:00,19.163
2022-11-03 11:00:00,21.117
2022-11-03 12:00:00,17.901
2022-11-03 13:00:00,14.379
2022-11-03 14:00:00,11.857
2022-11-03 15:00:00,8.707
2022-11-03 16:00:00,3.356
2022-11-03 17:00:00,0.149
2022-11-03 18:00:00,0.0
2022-11-03 19:00:00,0.0
2022-11-03 20:00:00,0.0
2022-11-03 21:00:00,0.0
2022-11-03 22:00:00,0.0
2022-11-03 23:00:00,0.0
2022-11-04 00:00:00,0.0
2022-11-04 01:00:00,0.0
2022-11-04 02:00:00,0.0
2022-11-04 03:00:00,0.0
2022-11-04 04:00:00,0.0
2022-11-04 05:00:00,0.0
2022-11-04 06:00:00,0.0
2022-11-04 07:00:00,1.584
2022-11-04 08:00:00,11.308
2022-11-04 09:00:00,21.151
2022-11-04 10:00:00,26.771
2022-11-04 11:00:00,32.131
2022-11-04 12:00:00,42.016
2022-11-04 13:00:00,43.159
2022-11-04 14:00:00,31.249
2022-11-04 15:00:00,17.879
2022-11-04 16:00:00,6.997
2022-11-04 17:00:00,0.214
2022-11-04 18:00:00,0.0
2022-11-04 19:00:00,0.0
2022-11-04 20:00:00,0.0
2022-11-04 21:00:00,0.0
2022-11-04 22:00:00,0.0
2022-11-04 23:00:00,0.0
2022-11-05 00:00:00,0.0
2022-11-05 01:00:00,0.0
2022-11-05 02:00:00,0.0
2022-11-05 03:00:00,0.0
2022-11-05 04:00:00,0.0
2022-11-05 05:00:00,0.0
2022-11-05 06:00:00,0.0
2022-11-05 07:00:00,1.604
2022-11-05 08:00:00,11.176
2022-11-05 09:00:00,22.96
2022-11-05 10:00:00,32.039
2022-11-05 11:00:00,36.63
2022-11-05 12:00:00,37.659
2022-11-05 13:00:00,35.14
2022-11-05 14:00:00,28.914
2022-11-05 15:00:00,19.34
2022-11-05 16:00:00,8.001
2022-11-05 17:00:00,0.236
2022-11-05 18:00:00,0.0
2022-11-05 19:00:00,0.0
2022-11-05 20:00:00,0.0
2022-11-05 21:00:00,0.0
2022-11-05 22:00:00,0.0
2022-11-05 23:00:00,0.0
2022-11-06 00:00:00,0.0
2022-11-06 01:00:00,0.0
2022-11-06 02:00:00,0.0
2022-11-06 03:00:00,0.0
2022-11-06 04:00:00,0.0
2022-11-06 05:00:00,0.0
2022-11-06 06:00:00,0.0
2022-11-06 07:00:00,1.293
2022-11-06 08:00:00,7.4
2022-11-06 09:00:00,18.283
2022-11-06 10:00:00,29.592
2022-11-06 11:00:00,39.771
2022-11-06 12:00:00,42.405
2022-11-06 13:00:00,39.114
2022-11-06 14:00:00,27.66
2022-11-06 15:00:00,16.449
2022-11-06 16:00:00,5.412
2022-11-06 17:00:00,0.05
2022-11-06 18:00:00,0.0
2022-11-06 19:00:00,0.0
2022-11-06 20:00:00,0.0
2022-11-06 21:00:00,0.0
2022-11-06 22:00:00,0.0
2022-11-06 23:00:00,0.0
2022-11-07 00:00:00,0.0
2022-11-07 01:00:00,0.0
2022-11-07 02:00:00,0.0
2022-11-07 03:00:00,0.0
2022-11-07 04:00:00,0.0
2022-11-07 05:00:00,0.0
2022-11-07 06:00:00,0.0
2022-11-07 07:00:00,0.833
2022-11-07 08:00:00,9.286
2022-11-07 09:00:00,22.922
2022-11-07 10:00:00,34.836
2022-11-07 11:00:00,43.978
2022-11-07 12:00:00,46.856
2022-11-07 13:00:00,45.328
2022-11-07 14:00:00,36.063
2022-11-07 15:00:00,25.558
2022-11-07 16:00:00,11.718
2022-11-07 17:00:00,0.341
2022-11-07 18:00:00,0.0
2022-11-07 19:00:00,0.0
2022-11-07 20:00:00,0.0
2022-11-07 21:00:00,0.0
2022-11-07 22:00:00,0.0
2022-11-07 23:00:00,0.0
2022-11-08 00:00:00,0.0
2022-11-08 01:00:00,0.0
2022-11-08 02:00:00,0.0
2022-11-08 03:00:00,0.0
2022-11-08 04:00:00,0.0
2022-11-08 05:00:00,0.0
2022-11-08 06:00:00,0.0
2022-11-08 07:00:00,2.577
2022-11-08 08:00:00,16.25
2022-11-08 09:00:00,30.226
2022-11-08 10:00:00,39.433
2022-11-08 11:00:00,41.986
2022-11-08 12:00:00,41.903
2022-11-08 13:00:00,37.682
2022-11-08 14:00:00,24.637
2022-11-08 15:00:00,11.37
2022-11-08 16:00:00,3.057
2022-11-08 17:00:00,0.0
2022-11-08 18:00:00,0.0
2022-11-08 19:00:00,0.0
2022-11-08 20:00:00,0.0
2022-11-08 21:00:00,0.0
2022-11-08 22:00:00,0.0
2022-11-08 23:00:00,0.0
2022-11-09 00:00:00,0.0
2022-11-09 01:00:00,0.0
2022-11-09 02:00:00,0.0
2022-11-09 03:00:00,0.0
2022-11-09 04:00:00,0.0
2022-11-09 05:00:00,0.0
2022-11-09 06:00:00,0.0
2022-11-09 07:00:00,0.313
2022-11-09 08:00:00,4.247
2022-11-09 09:00:00,10.554
2022-11-09 10:00:00,14.404
2022-11-09 11:00:00,14.569
2022-11-09 12:00:00,13.07
2022-11-09 13:00:00,11.926
2022-11-09 14:00:00,12.317
2022-11-09 15:00:00,9.895
2022-11-09 16:00:00,4.224
2022-11-09 17:00:00,0.021
2022-11-09 18:00:00,0.0
2022-11-09 19:00:00,0.0
2022-11-09 20:00:00,0.0
2022-11-09 21:00:00,0.0
2022-11-09 22:00:00,0.0
2022-11-09 23:00:00,0.0
2022-11-10 00:00:00,0.0
2022-11-10 01:00:00,0.0
2022-11-10 02:00:00,0.0
2022-11-10 03:00:00,0.0
2022-11-10 04:00:00,0.0
2022-11-10 05:00:00,0.0
2022-11-10 06:00:00,0.0
2022-11-10 07:00:00,0.707
2022-11-10 08:00:00,7.114
2022-11-10 09:00:00,16.361
2022-11-10 10:00:00,24.225
2022-11-10 11:00:00,28.183
2022-11-10 12:00:00,27.168
2022-11-10 13:00:00,19.023
2022-11-10 14:00:00,11.028
2022-11-10 15:00:00,6.032
2022-11-10 16:00:00,1.965
2022-11-10 17:00:00,0.0
2022-11-10 18:00:00,0.0
2022-11-10 19:00:00,0.0
2022-11-10 20:00:00,0.0
2022-11-10 21:00:00,0.0
2022-11-10 22:00:00,0.0
2022-11-10 23:00:00,0.0
2022-11-11 00:00:00,0.0
2022-11-11 01:00:00,0.0
2022-11-11 02:00:00,0.0
2022-11-11 03:00:00,0.0
2022-11-11 04:00:00,0.0
2022-11-11 05:00:00,0.0
2022-11-11 06:00:00,0.0
2022-11-11 07:00:00,0.051
2022-11-11 08:00:00,1.854
2022-11-11 09:00:00,5.285
2022-11-11 10:00:00,8.994
2022-11-11 11:00:00,10.418
2022-11-11 12:00:00,12.169
2022-11-11 13:00:00,12.898
2022-11-11 14:00:00,11.872
2022-11-11 15:00:00,7.374
2022-11-11 16:00:00,2.369
2022-11-11 17:00:00,0.0
2022-11-11 18:00:00,0.0
2022-11-11 19:00:00,0.0
2022-11-11 20:00:00,0.0
2022-11-11 21:00:00,0.0
2022-11-11 22:00:00,0.0
2022-11-11 23:00:00,0.0
2022-11-12 00:00:00,0.0
2022-11-12 01:00:00,0.0
2022-11-12 02:00:00,0.0
2022-11-12 03:00:00,0.0
2022-11-12 04:00:00,0.0
2022-11-12 05:00:00,0.0
2022-11-12 06:00:00,0.0
2022-11-12 07:00:00,0.108
2022-11-12 08:00:00,4.919
2022-11-12 09:00:00,18.859
2022-11-12 10:00:00,29.318
2022-11-12 11:00:00,41.238
2022-11-12 12:00:00,43.194
2022-11-12 13:00:00,32.219
2022-11-12 14:00:00,27.283
2022-11-12 15:00:00,26.274
2022-11-12 16:00:00,11.084
2022-11-12 17:00:00,0.149
2022-11-12 18:00:00,0.0
2022-11-12 19:00:00,0.0
2022-11-12 20:00:00,0.0
2022-11-12 21:00:00,0.0
2022-11-12 22:00:00,0.0
2022-11-12 23:00:00,0.0
2022-11-13 00:00:00,0.0
2022-11-13 01:00:00,0.0
2022-11-13 02:00:00,0.0
2022-11-13 03:00:00,0.0
2022-11-13 04:00:00,0.0
2022-11-13 05:00:00,0.0
2022-11-13 06:00:00,0.0
2022-11-13 07:00:00,1.876
2022-11-13 08:00:00,10.916
2022-11-13 09:00:00,17.335
2022-11-13 10:00:00,32.178
2022-11-13 11:00:00,38.192
2022-11-13 12:00:00,36.269
2022-11-13 13:00:00,40.784
2022-11-13 14:00:00,40.1
2022-11-13 15:00:00,30.137
2022-11-13 16:00:00,14.407
2022-11-13 17:00:00,0.223
2022-11-13 18:00:00,0.0
2022-11-13 19:00:00,0.0
2022-11-13 20:00:00,0.0
2022-11-13 21:00:00,0.0
2022-11-13 22:00:00,0.0
2022-11-13 23:00:00,0.0
2022-11-14 00:00:00,0.0
2022-11-14 01:00:00,0.0
2022-11-14 02:00:00,0.0
2022-11-14 03:00:00,0.0
2022-11-14 04:00:00,0.0
2022-11-14 05:00:00,0.0
2022-11-14 06:00:00,0.0
2022-11-14 07:00:00,0.804
2022-11-14 08:00:00,7.346
2022-11-14 09:00:00,17.449
2022-11-14 10:00:00,31.609
2022-11-14 11:00:00,46.498
2022-11-14 12:00:00,48.016
2022-11-14 13:00:00,42.413
2022-11-14 14:00:00,32.606
2022-11-14 15:00:00,21.903
2022-11-14 16:00:00,10.002
2022-11-14 17:00:00,0.064
2022-11-14 18:00:00,0.0
2022-11-14 19:00:00,0.0
2022-11-14 20:00:00,0.0
2022-11-14 21:00:00,0.0
2022-11-14 22:00:00,0.0
2022-11-14 23:00:00,0.0
2022-11-15 00:00:00,0.0
2022-11-15 01:00:00,0.0
2022-11-15 02:00:00,0.0
2022-11-15 03:00:00,0.0
2022-11-15 04:00:00,0.0
2022-11-15 05:00:00,0.0
2022-11-15 06:00:00,0.0
2022-11-15 07:00:00,1.931
2022-11-15 08:00:00,16.665
2022-11-15 09:00:00,31.837
2022-11-15 10:00:00,42.171
2022-11-15 11:00:00,49.016
2022-11-15 12:00:00,50.08
2022-11-15 13:00:00,47.303
2022-11-15 14:00:00,38.728
2022-11-15 15:00:00,27.156
2022-11-15 16:00:00,11.826
2022-11-15 17:00:00,0.07100000000000001
2022-11-15 18:00:00,0.0
2022-11-15 19:00:00,0.0
2022-11-15 20:00:00,0.0
2022-11-15 21:00:00,0.0
2022-11-15 22:00:00,0.0
2022-11-15 23:00:00,0.0
2022-11-16 00:00:00,0.0
2022-11-16 01:00:00,0.0
2022-11-16 02:00:00,0.0
2022-11-16 03:00:00,0.0
2022-11-16 04:00:00,0.0
2022-11-16 05:00:00,0.0
2022-11-16 06:00:00,0.0
2022-11-16 07:00:00,0.882
2022-11-16 08:00:00,5.449
2022-11-16 09:00:00,10.16
2022-11-16 10:00:00,13.44
2022-11-16 11:00:00,16.887
2022-11-16 12:00:00,18.024
2022-11-16 13:00:00,16.682
2022-11-16 14:00:00,13.907
2022-11-16 15:00:00,8.8
2022-11-16 16:00:00,3.378
2022-11-16 17:00:00,0.0
2022-11-16 18:00:00,0.0
2022-11-16 19:00:00,0.0
2022-11-16 20:00:00,0.0
2022-11-16 21:00:00,0.0
2022-11-16 22:00:00,0.0
2022-11-16 23:00:00,0.0
2022-11-17 00:00:00,0.0
2022-11-17 01:00:00,0.0
2022-11-17 02:00:00,0.0
2022-11-17 03:00:00,0.0
2022-11-17 04:00:00,0.0
2022-11-17 05:00:00,0.0
2022-11-17 06:00:00,0.0
2022-11-17 07:00:00,0.91
2022-11-17 08:00:00,11.353
2022-11-17 09:00:00,27.057
2022-11-17 10:00:00,37.542
2022-11-17 11:00:00,42.606
2022-11-17 12:00:00,43.89
2022-11-17 13:00:00,40.956
2022-11-17 14:00:00,31.843
2022-11-17 15:00:00,20.585
2022-11-17 16:00:00,7.478
2022-11-17 17:00:00,0.0
2022-11-17 18:00:00,0.0
2022-11-17 19:00:00,0.0
2022-11-17 20:00:00,0.0
2022-11-17 21:00:00,0.0
2022-11-17 22:00:00,0.0
2022-11-17 23:00:00,0.0
2022-11-18 00:00:00,0.0
2022-11-18 01:00:00,0.0
2022-11-18 02:00:00,0.0
2022-11-18 03:00:00,0.0
2022-11-18 04:00:00,0.0
2022-11-18 05:00:00,0.0
2022-11-18 06:00:00,0.0
2022-11-18 07:00:00,0.306
2022-11-18 08:00:00,3.552
2022-11-18 09:00:00,11.92
2022-11-18 10:00:00,21.917
2022-11-18 11:00:00,23.754
2022-11-18 12:00:00,22.756
2022-11-18 13:00:00,17.711
2022-11-18 14:00:00,11.853
2022-11-18 15:00:00,5.825
2022-11-18 16:00:00,1.047
2022-11-18 17:00:00,0.0
2022-11-18 18:00:00,0.0
2022-11-18 19:00:00,0.0
2022-11-18 20:00:00,0.0
2022-11-18 21:00:00,0.0
2022-11-18 22:00:00,0.0
2022-11-18 23:00:00,0.0
2022-11-19 00:00:00,0.0
2022-11-19 01:00:00,0.0
2022-11-19 02:00:00,0.0
2022-11-19 03:00:00,0.0
2022-11-19 04:00:00,0.0
2022-11-19 05:00:00,0.0
2022-11-19 06:00:00,0.0
2022-11-19 07:00:00,0.55
2022-11-19 08:00:00,6.818
2022-11-19 09:00:00,17.063
2022-11-19 10:00:00,29.69
2022-11-19 11:00:00,36.493
2022-11-19 12:00:00,38.617
2022-11-19 13:00:00,36.54
2022-11-19 14:00:00,27.353
2022-11-19 15:00:00,17.21
2022-11-19 16:00:00,5.793
2022-11-19 17:00:00,0.0
2022-11-19 18:00:00,0.0
2022-11-19 19:00:00,0.0
2022-11-19 20:00:00,0.0
2022-11-19 21:00:00,0.0
2022-11-19 22:00:00,0.0
2022-11-19 23:00:00,0.0
2022-11-20 00:00:00,0.0
2022-11-20 01:00:00,0.0
2022-11-20 02:00:00,0.0
2022-11-20 03:00:00,0.0
2022-11-20 04:00:00,0.0
2022-11-20 05:00:00,0.0
2022-11-20 06:00:00,0.0
2022-11-20 07:00:00,0.106
2022-11-20 08:00:00,3.035
2022-11-20 09:00:00,8.701
2022-11-20 10:00:00,17.718
2022-11-20 11:00:00,36.006
2022-11-20 12:00:00,38.126
2022-11-20 13:00:00,34.449
2022-11-20 14:00:00,26.384
2022-11-20 15:00:00,14.734
2022-11-20 16:00:00,4.088
2022-11-20 17:00:00,0.0
2022-11-20 18:00:00,0.0
2022-11-20 19:00:00,0.0
2022-11-20 20:00:00,0.0
2022-11-20 21:00:00,0.0
2022-11-20 22:00:00,0.0
2022-11-20 23:00:00,0.0
2022-11-21 00:00:00,0.0
2022-11-21 01:00:00,0.0
2022-11-21 02:00:00,0.0
2022-11-21 03:00:00,0.0
2022-11-21 04:00:00,0.0
2022-11-21 05:00:00,0.0
2022-11-21 06:00:00,0.0
2022-11-21 07:00:00,0.0
2022-11-21 08:00:00,0.682
2022-11-21 09:00:00,3.478
2022-11-21 10:00:00,7.528
2022-11-21 11:00:00,9.73
2022-11-21 12:00:00,9.974
2022-11-21 13:00:00,9.498
2022-11-21 14:00:00,7.155
2022-11-21 15:00:00,4.716
2022-11-21 16:00:00,1.677
2022-11-21 17:00:00,0.0
2022-11-21 18:00:00,0.0
2022-11-21 19:00:00,0.0
2022-11-21 20:00:00,0.0
2022-11-21 21:00:00,0.0
2022-11-21 22:00:00,0.0
2022-11-21 23:00:00,0.0
2022-11-22 00:00:00,0.0
2022-11-22 01:00:00,0.0
2022-11-22 02:00:00,0.0
2022-11-22 03:00:00,0.0
2022-11-22 04:00:00,0.0
2022-11-22 05:00:00,0.0
2022-11-22 06:00:00,0.0
2022-11-22 07:00:00,0.036
2022-11-22 08:00:00,2.054
2022-11-22 09:00:00,5.972
2022-11-22 10:00:00,12.205
2022-11-22 11:00:00,17.196
2022-11-22 12:00:00,18.348
2022-11-22 13:00:00,16.598
2022-11-22 14:00:00,14.695
2022-11-22 15:00:00,11.239
2022-11-22 16:00:00,4.469
2022-11-22 17:00:00,0.0
2022-11-22 18:00:00,0.0
2022-11-22 19:00:00,0.0
2022-11-22 20:00:00,0.0
2022-11-22 21:00:00,0.0
2022-11-22 22:00:00,0.0
2022-11-22 23:00:00,0.0
2022-11-23 00:00:00,0.0
2022-11-23 01:00:00,0.0
2022-11-23 02:00:00,0.0
2022-11-23 03:00:00,0.0
2022-11-23 04:00:00,0.0
2022-11-23 05:00:00,0.0
2022-11-23 06:00:00,0.0
2022-11-23 07:00:00,0.739
2022-11-23 08:00:00,11.471
2022-11-23 09:00:00,26.113
2022-11-23 10:00:00,37.043
2022-11-23 11:00:00,43.362
2022-11-23 12:00:00,43.469
2022-11-23 13:00:00,38.579
2022-11-23 14:00:00,27.914
2022-11-23 15:00:00,8.446
2022-11-23 16:00:00,1.55
2022-11-23 17:00:00,0.0
2022-11-23 18:00:00,0.0
2022-11-23 19:00:00,0.0
2022-11-23 20:00:00,0.0
2022-11-23 21:00:00,0.0
2022-11-23 22:00:00,0.0
2022-11-23 23:00:00,0.0
2022-11-24 00:00:00,0.0
2022-11-24 01:00:00,0.0
2022-11-24 02:00:00,0.0
2022-11-24 03:00:00,0.0
2022-11-24 04:00:00,0.0
2022-11-24 05:00:00,0.0
2022-11-24 06:00:00,0.0
2022-11-24 07:00:00,0.6930000000000001
2022-11-24 08:00:00,11.155
2022-11-24 09:00:00,29.381
2022-11-24 10:00:00,39.444
2022-11-24 11:00:00,44.156
2022-11-24 12:00:00,45.286
2022-11-24 13:00:00,42.387
2022-11-24 14:00:00,34.034
2022-11-24 15:00:00,23.014
2022-11-24 16:00:00,8.966
2022-11-24 17:00:00,0.0
2022-11-24 18:00:00,0.0
2022-11-24 19:00:00,0.0
2022-11-24 20:00:00,0.0
2022-11-24 21:00:00,0.0
2022-11-24 22:00:00,0.0
2022-11-24 23:00:00,0.0
2022-11-25 00:00:00,0.0
2022-11-25 01:00:00,0.0
2022-11-25 02:00:00,0.0
2022-11-25 03:00:00,0.0
2022-11-25 04:00:00,0.0
2022-11-25 05:00:00,0.0
2022-11-25 06:00:00,0.0
2022-11-25 07:00:00,0.549
2022-11-25 08:00:00,11.896
2022-11-25 09:00:00,27.82
2022-11-25 10:00:00,39.029
2022-11-25 11:00:00,44.61
2022-11-25 12:00:00,46.302
2022-11-25 13:00:00,42.785
2022-11-25 14:00:00,33.396
2022-11-25 15:00:00,22.294
2022-11-25 16:00:00,7.981
2022-11-25 17:00:00,0.0
2022-11-25 18:00:00,0.0
2022-11-25 19:00:00,0.0
2022-11-25 20:00:00,0.0
2022-11-25 21:00:00,0.0
2022-11-25 22:00:00,0.0
2022-11-25 23:00:00,0.0
2022-11-26 00:00:00,0.0
2022-11-26 01:00:00,0.0
2022-11-26 02:00:00,0.0
2022-11-26 03:00:00,0.0
2022-11-26 04:00:00,0.0
2022-11-26 05:00:00,0.0
2022-11-26 06:00:00,0.0
2022-11-26 07:00:00,1.671
2022-11-26 08:00:00,17.082
2022-11-26 09:00:00,32.743
2022-11-26 10:00:00,35.232
2022-11-26 11:00:00,27.221
2022-11-26 12:00:00,43.986
2022-11-26 13:00:00,47.92
2022-11-26 14:00:00,39.112
2022-11-26 15:00:00,25.595
2022-11-26 16:00:00,8.917
2022-11-26 17:00:00,0.0
2022-11-26 18:00:00,0.0
2022-11-26 19:00:00,0.0
2022-11-26 20:00:00,0.0
2022-11-26 21:00:00,0.0
2022-11-26 22:00:00,0.0
2022-11-26 23:00:00,0.0
2022-11-27 00:00:00,0.0
2022-11-27 01:00:00,0.0
2022-11-27 02:00:00,0.0
2022-11-27 03:00:00,0.0
2022-11-27 04:00:00,0.0
2022-11-27 05:00:00,0.0
2022-11-27 06:00:00,0.0
2022-11-27 07:00:00,0.0
2022-11-27 08:00:00,0.709
2022-11-27 09:00:00,1.955
2022-11-27 10:00:00,3.848
2022-11-27 11:00:00,6.132
2022-11-27 12:00:00,7.981
2022-11-27 13:00:00,7.306
2022-11-27 14:00:00,5.052
2022-11-27 15:00:00,2.12
2022-11-27 16:00:00,0.45
2022-11-27 17:00:00,0.0
2022-11-27 18:00:00,0.0
2022-11-27 19:00:00,0.0
2022-11-27 20:00:00,0.0
2022-11-27 21:00:00,0.0
2022-11-27 22:00:00,0.0
2022-11-27 23:00:00,0.0
2022-11-28 00:00:00,0.0
2022-11-28 01:00:00,0.0
2022-11-28 02:00:00,0.0
2022-11-28 03:00:00,0.0
2022-11-28 04:00:00,0.0
2022-11-28 05:00:00,0.0
2022-11-28 06:00:00,0.0
2022-11-28 07:00:00,0.0
2022-11-28 08:00:00,1.034
2022-11-28 09:00:00,3.779
2022-11-28 10:00:00,14.618
2022-11-28 11:00:00,20.855
2022-11-28 12:00:00,19.361
2022-11-28 13:00:00,18.571
2022-11-28 14:00:00,15.652
2022-11-28 15:00:00,10.172
2022-11-28 16:00:00,3.389
2022-11-28 17:00:00,0.0
2022-11-28 18:00:00,0.0
2022-11-28 19:00:00,0.0
2022-11-28 20:00:00,0.0
2022-11-28 21:00:00,0.0
2022-11-28 22:00:00,0.0
2022-11-28 23:00:00,0.0
2022-11-29 00:00:00,0.0
2022-11-29 01:00:00,0.0
2022-11-29 02:00:00,0.0
2022-11-29 03:00:00,0.0
2022-11-29 04:00:00,0.0
2022-11-29 05:00:00,0.0
2022-11-29 06:00:00,0.0
2022-11-29 07:00:00,0.143
2022-11-29 08:00:00,13.328
2022-11-29 09:00:00,29.803
2022-11-29 10:00:00,38.011
2022-11-29 11:00:00,46.308
2022-11-29 12:00:00,45.78
2022-11-29 13:00:00,31.445
2022-11-29 14:00:00,25.491
2022-11-29 15:00:00,16.738
2022-11-29 16:00:00,5.788
2022-11-29 17:00:00,0.0
2022-11-29 18:00:00,0.0
2022-11-29 19:00:00,0.0
2022-11-29 20:00:00,0.0
2022-11-29 21:00:00,0.0
2022-11-29 22:00:00,0.0
2022-11-29 23:00:00,0.0
2022-11-30 00:00:00,0.0
2022-11-30 01:00:00,0.0
2022-11-30 02:00:00,0.0
2022-11-30 03:00:00,0.0
2022-11-30 04:00:00,0.0
2022-11-30 05:00:00,0.0
2022-11-30 06:00:00,0.0
2022-11-30 07:00:00,0.217
2022-11-30 08:00:00,9.678
2022-11-30 09:00:00,31.995
2022-11-30 10:00:00,45.725
2022-11-30 11:00:00,50.111
2022-11-30 12:00:00,41.239
2022-11-30 13:00:00,25.434
2022-11-30 14:00:00,16.994
2022-11-30 15:00:00,9.489
2022-11-30 16:00:00,2.679
2022-11-30 17:00:00,0.0
2022-11-30 18:00:00,0.0
2022-11-30 19:00:00,0.0
2022-11-30 20:00:00,0.0
2022-11-30 21:00:00,0.0
2022-11-30 22:00:00,0.0
2022-11-30 23:00:00,0.0
2022-12-01 00:00:00,0.0
2022-12-01 01:00:00,0.0
2022-12-01 02:00:00,0.0
2022-12-01 03:00:00,0.0
2022-12-01 04:00:00,0.0
2022-12-01 05:00:00,0.0
2022-12-01 06:00:00,0.0
2022-12-01 07:00:00,0.973
2022-12-01 08:00:00,16.901
2022-12-01 09:00:00,34.359
2022-12-01 10:00:00,45.85
2022-12-01 11:00:00,52.023
2022-12-01 12:00:00,53.684
2022-12-01 13:00:00,50.779
2022-12-01 14:00:00,42.996
2022-12-01 15:00:00,29.687
2022-12-01 16:00:00,6.942
2022-12-01 17:00:00,0.0
2022-12-01 18:00:00,0.0
2022-12-01 19:00:00,0.0
2022-12-01 20:00:00,0.0
2022-12-01 21:00:00,0.0
2022-12-01 22:00:00,0.0
2022-12-01 23:00:00,0.0
2022-12-02 00:00:00,0.0
2022-12-02 01:00:00,0.0
2022-12-02 02:00:00,0.0
2022-12-02 03:00:00,0.0
2022-12-02 04:00:00,0.0
2022-12-02 05:00:00,0.0
2022-12-02 06:00:00,0.0
2022-12-02 07:00:00,0.653
2022-12-02 08:00:00,12.416
2022-12-02 09:00:00,26.96
2022-12-02 10:00:00,36.243
2022-12-02 11:00:00,40.512
2022-12-02 12:00:00,42.532
2022-12-02 13:00:00,40.526
2022-12-02 14:00:00,31.62
2022-12-02 15:00:00,19.14
2022-12-02 16:00:00,5.649
2022-12-02 17:00:00,0.0
2022-12-02 18:00:00,0.0
2022-12-02 19:00:00,0.0
2022-12-02 20:00:00,0.0
2022-12-02 21:00:00,0.0
2022-12-02 22:00:00,0.0
2022-12-02 23:00:00,0.0
2022-12-03 00:00:00,0.0
2022-12-03 01:00:00,0.0
2022-12-03 02:00:00,0.0
2022-12-03 03:00:00,0.0
2022-12-03 04:00:00,0.0
2022-12-03 05:00:00,0.0
2022-12-03 06:00:00,0.0
2022-12-03 07:00:00,0.407
2022-12-03 08:00:00,9.876
2022-12-03 09:00:00,25.273
2022-12-03 10:00:00,32.119
2022-12-03 11:00:00,28.807
2022-12-03 12:00:00,20.38
2022-12-03 13:00:00,24.135
2022-12-03 14:00:00,31.872
2022-12-03 15:00:00,25.401
2022-12-03 16:00:00,8.914
2022-12-03 17:00:00,0.0
2022-12-03 18:00:00,0.0
2022-12-03 19:00:00,0.0
2022-12-03 20:00:00,0.0
2022-12-03 21:00:00,0.0
2022-12-03 22:00:00,0.0
2022-12-03 23:00:00,0.0
2022-12-04 00:00:00,0.0
2022-12-04 01:00:00,0.0
2022-12-04 02:00:00,0.0
2022-12-04 03:00:00,0.0
2022-12-04 04:00:00,0.0
2022-12-04 05:00:00,0.0
2022-12-04 06:00:00,0.0
2022-12-04 07:00:00,0.003
2022-12-04 08:00:00,2.682
2022-12-04 09:00:00,7.509
2022-12-04 10:00:00,14.503
2022-12-04 11:00:00,17.765
2022-12-04 12:00:00,21.778
2022-12-04 13:00:00,26.625
2022-12-04 14:00:00,21.594
2022-12-04 15:00:00,11.675
2022-12-04 16:00:00,2.444
2022-12-04 17:00:00,0.0
2022-12-04 18:00:00,0.0
2022-12-04 19:00:00,0.0
2022-12-04 20:00:00,0.0
2022-12-04 21:00:00,0.0
2022-12-04 22:00:00,0.0
2022-12-04 23:00:00,0.0
2022-12-05 00:00:00,0.0
2022-12-05 01:00:00,0.0
2022-12-05 02:00:00,0.0
2022-12-05 03:00:00,0.0
2022-12-05 04:00:00,0.0
2022-12-05 05:00:00,0.0
2022-12-05 06:00:00,0.0
2022-12-05 07:00:00,0.297
2022-12-05 08:00:00,11.416
2022-12-05 09:00:00,27.474
2022-12-05 10:00:00,39.155
2022-12-05 11:00:00,49.729
2022-12-05 12:00:00,51.093
2022-12-05 13:00:00,47.899
2022-12-05 14:00:00,39.124
2022-12-05 15:00:00,25.901
2022-12-05 16:00:00,8.892
2022-12-05 17:00:00,0.0
2022-12-05 18:00:00,0.0
2022-12-05 19:00:00,0.0
2022-12-05 20:00:00,0.0
2022-12-05 21:00:00,0.0
2022-12-05 22:00:00,0.0
2022-12-05 23:00:00,0.0
2022-12-06 00:00:00,0.0
2022-12-06 01:00:00,0.0
2022-12-06 02:00:00,0.0
2022-12-06 03:00:00,0.0
2022-12-06 04:00:00,0.0
2022-12-06 05:00:00,0.0
2022-12-06 06:00:00,0.0
2022-12-06 07:00:00,0.382
2022-12-06 08:00:00,11.289
2022-12-06 09:00:00,27.46
2022-12-06 10:00:00,39.473
2022-12-06 11:00:00,42.34
2022-12-06 12:00:00,44.584
2022-12-06 13:00:00,41.824
2022-12-06 14:00:00,33.977
2022-12-06 15:00:00,21.671
2022-12-06 16:00:00,6.632
2022-12-06 17:00:00,0.0
2022-12-06 18:00:00,0.0
2022-12-06 19:00:00,0.0
2022-12-06 20:00:00,0.0
2022-12-06 21:00:00,0.0
2022-12-06 22:00:00,0.0
2022-12-06 23:00:00,0.0
2022-12-07 00:00:00,0.0
2022-12-07 01:00:00,0.0
2022-12-07 02:00:00,0.0
2022-12-07 03:00:00,0.0
2022-12-07 04:00:00,0.0
2022-12-07 05:00:00,0.0
2022-12-07 06:00:00,0.0
2022-12-07 07:00:00,0.204
2022-12-07 08:00:00,8.346
2022-12-07 09:00:00,21.664
2022-12-07 10:00:00,32.093
2022-12-07 11:00:00,42.543
2022-12-07 12:00:00,43.532
2022-12-07 13:00:00,39.884
2022-12-07 14:00:00,34.153
2022-12-07 15:00:00,21.083
2022-12-07 16:00:00,5.947
2022-12-07 17:00:00,0.0
2022-12-07 18:00:00,0.0
2022-12-07 19:00:00,0.0
2022-12-07 20:00:00,0.0
2022-12-07 21:00:00,0.0
2022-12-07 22:00:00,0.0
2022-12-07 23:00:00,0.0
2022-12-08 00:00:00,0.0
2022-12-08 01:00:00,0.0
2022-12-08 02:00:00,0.0
2022-12-08 03:00:00,0.0
2022-12-08 04:00:00,0.0
2022-12-08 05:00:00,0.0
2022-12-08 06:00:00,0.0
2022-12-08 07:00:00,0.113
2022-12-08 08:00:00,5.024
2022-12-08 09:00:00,13.788
2022-12-08 10:00:00,21.353
2022-12-08 11:00:00,29.866
2022-12-08 12:00:00,37.612
2022-12-08 13:00:00,34.725
2022-12-08 14:00:00,26.831
2022-12-08 15:00:00,15.412
2022-12-08 16:00:00,3.74
2022-12-08 17:00:00,0.0
2022-12-08 18:00:00,0.0
2022-12-08 19:00:00,0.0
2022-12-08 20:00:00,0.0
2022-12-08 21:00:00,0.0
2022-12-08 22:00:00,0.0
2022-12-08 23:00:00,0.0
2022-12-09 00:00:00,0.0
2022-12-09 01:00:00,0.0
2022-12-09 02:00:00,0.0
2022-12-09 03:00:00,0.0
2022-12-09 04:00:00,0.0
2022-12-09 05:00:00,0.0
2022-12-09 06:00:00,0.0
2022-12-09 07:00:00,0.123
2022-12-09 08:00:00,7.195
2022-12-09 09:00:00,19.384
2022-12-09 10:00:00,29.357
2022-12-09 11:00:00,33.443
2022-12-09 12:00:00,34.681
2022-12-09 13:00:00,32.293
2022-12-09 14:00:00,23.358
2022-12-09 15:00:00,12.899
2022-12-09 16:00:00,3.101
2022-12-09 17:00:00,0.0
2022-12-09 18:00:00,0.0
2022-12-09 19:00:00,0.0
2022-12-09 20:00:00,0.0
2022-12-09 21:00:00,0.0
2022-12-09 22:00:00,0.0
2022-12-09 23:00:00,0.0
2022-12-10 00:00:00,0.0
2022-12-10 01:00:00,0.0
2022-12-10 02:00:00,0.0
2022-12-10 03:00:00,0.0
2022-12-10 04:00:00,0.0
2022-12-10 05:00:00,0.0
2022-12-10 06:00:00,0.0
2022-12-10 07:00:00,0.475
2022-12-10 08:00:00,15.389
2022-12-10 09:00:00,34.934
2022-12-10 10:00:00,45.672
2022-12-10 11:00:00,51.986
2022-12-10 12:00:00,53.687
2022-12-10 13:00:00,50.961
2022-12-10 14:00:00,43.369
2022-12-10 15:00:00,30.617
2022-12-10 16:00:00,12.726
2022-12-10 17:00:00,0.0
2022-12-10 18:00:00,0.0
2022-12-10 19:00:00,0.0
2022-12-10 20:00:00,0.0
2022-12-10 21:00:00,0.0
2022-12-10 22:00:00,0.0
2022-12-10 23:00:00,0.0
2022-12-11 00:00:00,0.0
2022-12-11 01:00:00,0.0
2022-12-11 02:00:00,0.0
2022-12-11 03:00:00,0.0
2022-12-11 04:00:00,0.0
2022-12-11 05:00:00,0.0
2022-12-11 06:00:00,0.0
2022-12-11 07:00:00,0.536
2022-12-11 08:00:00,15.535
2022-12-11 09:00:00,33.712
2022-12-11 10:00:00,45.074
2022-12-11 11:00:00,51.001
2022-12-11 12:00:00,52.264
2022-12-11 13:00:00,48.073
2022-12-11 14:00:00,37.372
2022-12-11 15:00:00,20.446
2022-12-11 16:00:00,3.518
2022-12-11 17:00:00,0.0
2022-12-11 18:00:00,0.0
2022-12-11 19:00:00,0.0
2022-12-11 20:00:00,0.0
2022-12-11 21:00:00,0.0
2022-12-11 22:00:00,0.0
2022-12-11 23:00:00,0.0
2022-12-12 00:00:00,0.0
2022-12-12 01:00:00,0.0
2022-12-12 02:00:00,0.0
2022-12-12 03:00:00,0.0
2022-12-12 04:00:00,0.0
2022-12-12 05:00:00,0.0
2022-12-12 06:00:00,0.0
2022-12-12 07:00:00,0.266
2022-12-12 08:00:00,11.858
2022-12-12 09:00:00,28.962
2022-12-12 10:00:00,41.073
2022-12-12 11:00:00,47.633
2022-12-12 12:00:00,49.397
2022-12-12 13:00:00,46.322
2022-12-12 14:00:00,37.799
2022-12-12 15:00:00,24.087
2022-12-12 16:00:00,7.177
2022-12-12 17:00:00,0.0
2022-12-12 18:00:00,0.0
2022-12-12 19:00:00,0.0
2022-12-12 20:00:00,0.0
2022-12-12 21:00:00,0.0
2022-12-12 22:00:00,0.0
2022-12-12 23:00:00,0.0
2022-12-13 00:00:00,0.0
2022-12-13 01:00:00,0.0
2022-12-13 02:00:00,0.0
2022-12-13 03:00:00,0.0
2022-12-13 04:00:00,0.0
2022-12-13 05:00:00,0.0
2022-12-13 06:00:00,0.0
2022-12-13 07:00:00,0.246
2022-12-13 08:00:00,11.613
2022-12-13 09:00:00,27.985
2022-12-13 10:00:00,40.291
2022-12-13 11:00:00,48.031
2022-12-13 12:00:00,51.409
2022-12-13 13:00:00,49.866
2022-12-13 14:00:00,43.001
2022-12-13 15:00:00,30.437
2022-12-13 16:00:00,12.437
2022-12-13 17:00:00,0.0
2022-12-13 18:00:00,0.0
2022-12-13 19:00:00,0.0
2022-12-13 20:00:00,0.0
2022-12-13 21:00:00,0.0
2022-12-13 22:00:00,0.0
2022-12-13 23:00:00,0.0
2022-12-14 00:00:00,0.0
2022-12-14 01:00:00,0.0
2022-12-14 02:00:00,0.0
2022-12-14 03:00:00,0.0
2022-12-14 04:00:00,0.0
2022-12-14 05:00:00,0.0
2022-12-14 06:00:00,0.0
2022-12-14 07:00:00,0.5740000000000001
2022-12-14 08:00:00,16.346
2022-12-14 09:00:00,33.211
2022-12-14 10:00:00,43.478
2022-12-14 11:00:00,49.76
2022-12-14 12:00:00,50.627
2022-12-14 13:00:00,47.08
2022-12-14 14:00:00,38.811
2022-12-14 15:00:00,25.098
2022-12-14 16:00:00,7.85
2022-12-14 17:00:00,0.0
2022-12-14 18:00:00,0.0
2022-12-14 19:00:00,0.0
2022-12-14 20:00:00,0.0
2022-12-14 21:00:00,0.0
2022-12-14 22:00:00,0.0
2022-12-14 23:00:00,0.0
2022-12-15 00:00:00,0.0
2022-12-15 01:00:00,0.0
2022-12-15 02:00:00,0.0
2022-12-15 03:00:00,0.0
2022-12-15 04:00:00,0.0
2022-12-15 05:00:00,0.0
2022-12-15 06:00:00,0.0
2022-12-15 07:00:00,0.214
2022-12-15 08:00:00,11.875
2022-12-15 09:00:00,30.013
2022-12-15 10:00:00,42.826
2022-12-15 11:00:00,49.428
2022-12-15 12:00:00,50.955
2022-12-15 13:00:00,47.696
2022-12-15 14:00:00,39.402
2022-12-15 15:00:00,25.139
2022-12-15 16:00:00,7.176
2022-12-15 17:00:00,0.0
2022-12-15 18:00:00,0.0
2022-12-15 19:00:00,0.0
2022-12-15 20:00:00,0.0
2022-12-15 21:00:00,0.0
2022-12-15 22:00:00,0.0
2022-12-15 23:00:00,0.0
2022-12-16 00:00:00,0.0
2022-12-16 01:00:00,0.0
2022-12-16 02:00:00,0.0
2022-12-16 03:00:00,0.0
2022-12-16 04:00:00,0.0
2022-12-16 05:00:00,0.0
2022-12-16 06:00:00,0.0
2022-12-16 07:00:00,0.117
2022-12-16 08:00:00,5.995
2022-12-16 09:00:00,15.383
2022-12-16 10:00:00,20.504
2022-12-16 11:00:00,23.236
2022-12-16 12:00:00,25.059
2022-12-16 13:00:00,25.298
2022-12-16 14:00:00,23.041
2022-12-16 15:00:00,17.537
2022-12-16 16:00:00,5.613
2022-12-16 17:00:00,0.0
2022-12-16 18:00:00,0.0
2022-12-16 19:00:00,0.0
2022-12-16 20:00:00,0.0
2022-12-16 21:00:00,0.0
2022-12-16 22:00:00,0.0
2022-12-16 23:00:00,0.0
2022-12-17 00:00:00,0.0
2022-12-17 01:00:00,0.0
2022-12-17 02:00:00,0.0
2022-12-17 03:00:00,0.0
2022-12-17 04:00:00,0.0
2022-12-17 05:00:00,0.0
2022-12-17 06:00:00,0.0
2022-12-17 07:00:00,0.522
2022-12-17 08:00:00,18.791
2022-12-17 09:00:00,36.961
2022-12-17 10:00:00,48.279
2022-12-17 11:00:00,53.988
2022-12-17 12:00:00,55.028
2022-12-17 13:00:00,51.463
2022-12-17 14:00:00,42.948
2022-12-17 15:00:00,29.035
2022-12-17 16:00:00,10.056
2022-12-17 17:00:00,0.0
2022-12-17 18:00:00,0.0
2022-12-17 19:00:00,0.0
2022-12-17 20:00:00,0.0
2022-12-17 21:00:00,0.0
2022-12-17 22:00:00,0.0
2022-12-17 23:00:00,0.0
2022-12-18 00:00:00,0.0
2022-12-18 01:00:00,0.0
2022-12-18 02:00:00,0.0
2022-12-18 03:00:00,0.0
2022-12-18 04:00:00,0.0
2022-12-18 05:00:00,0.0
2022-12-18 06:00:00,0.0
2022-12-18 07:00:00,0.318
2022-12-18 08:00:00,14.248
2022-12-18 09:00:00,31.71
2022-12-18 10:00:00,43.281
2022-12-18 11:00:00,51.473
2022-12-18 12:00:00,52.543
2022-12-18 13:00:00,49.269
2022-12-18 14:00:00,40.792
2022-12-18 15:00:00,27.534
2022-12-18 16:00:00,9.312
2022-12-18 17:00:00,0.0
2022-12-18 18:00:00,0.0
2022-12-18 19:00:00,0.0
2022-12-18 20:00:00,0.0
2022-12-18 21:00:00,0.0
2022-12-18 22:00:00,0.0
2022-12-18 23:00:00,0.0
2022-12-19 00:00:00,0.0
2022-12-19 01:00:00,0.0
2022-12-19 02:00:00,0.0
2022-12-19 03:00:00,0.0
2022-12-19 04:00:00,0.0
2022-12-19 05:00:00,0.0
2022-12-19 06:00:00,0.0
2022-12-19 07:00:00,0.274
2022-12-19 08:00:00,13.121
2022-12-19 09:00:00,30.146
2022-12-19 10:00:00,41.715
2022-12-19 11:00:00,48.782
2022-12-19 12:00:00,49.637
2022-12-19 13:00:00,45.984
2022-12-19 14:00:00,34.191
2022-12-19 15:00:00,20.796
2022-12-19 16:00:00,5.484
2022-12-19 17:00:00,0.0
2022-12-19 18:00:00,0.0
2022-12-19 19:00:00,0.0
2022-12-19 20:00:00,0.0
2022-12-19 21:00:00,0.0
2022-12-19 22:00:00,0.0
2022-12-19 23:00:00,0.0
2022-12-20 00:00:00,0.0
2022-12-20 01:00:00,0.0
2022-12-20 02:00:00,0.0
2022-12-20 03:00:00,0.0
2022-12-20 04:00:00,0.0
2022-12-20 05:00:00,0.0
2022-12-20 06:00:00,0.0
2022-12-20 07:00:00,0.0
2022-12-20 08:00:00,2.144
2022-12-20 09:00:00,7.049
2022-12-20 10:00:00,13.453
2022-12-20 11:00:00,20.39
2022-12-20 12:00:00,22.871
2022-12-20 13:00:00,21.274
2022-12-20 14:00:00,19.917
2022-12-20 15:00:00,15.646
2022-12-20 16:00:00,3.812
2022-12-20 17:00:00,0.0
2022-12-20 18:00:00,0.0
2022-12-20 19:00:00,0.0
2022-12-20 20:00:00,0.0
2022-12-20 21:00:00,0.0
2022-12-20 22:00:00,0.0
2022-12-20 23:00:00,0.0
2022-12-21 00:00:00,0.0
2022-12-21 01:00:00,0.0
2022-12-21 02:00:00,0.0
2022-12-21 03:00:00,0.0
2022-12-21 04:00:00,0.0
2022-12-21 05:00:00,0.0
2022-12-21 06:00:00,0.0
2022-12-21 07:00:00,0.369
2022-12-21 08:00:00,9.656
2022-12-21 09:00:00,11.673
2022-12-21 10:00:00,15.195
2022-12-21 11:00:00,17.682
2022-12-21 12:00:00,20.86
2022-12-21 13:00:00,24.393
2022-12-21 14:00:00,29.658
2022-12-21 15:00:00,14.389
2022-12-21 16:00:00,3.146
2022-12-21 17:00:00,0.0
2022-12-21 18:00:00,0.0
2022-12-21 19:00:00,0.0
2022-12-21 20:00:00,0.0
2022-12-21 21:00:00,0.0
2022-12-21 22:00:00,0.0
2022-12-21 23:00:00,0.0
2022-12-22 00:00:00,0.0
2022-12-22 01:00:00,0.0
2022-12-22 02:00:00,0.0
2022-12-22 03:00:00,0.0
2022-12-22 04:00:00,0.0
2022-12-22 05:00:00,0.0
2022-12-22 06:00:00,0.0
2022-12-22 07:00:00,0.502
2022-12-22 08:00:00,19.036
2022-12-22 09:00:00,36.605
2022-12-22 10:00:00,47.651
2022-12-22 11:00:00,53.682
2022-12-22 12:00:00,54.628
2022-12-22 13:00:00,51.135
2022-12-22 14:00:00,42.758
2022-12-22 15:00:00,28.916
2022-12-22 16:00:00,10.003
2022-12-22 17:00:00,0.0
2022-12-22 18:00:00,0.0
2022-12-22 19:00:00,0.0
2022-12-22 20:00:00,0.0
2022-12-22 21:00:00,0.0
2022-12-22 22:00:00,0.0
2022-12-22 23:00:00,0.0
2022-12-23 00:00:00,0.0
2022-12-23 01:00:00,0.0
2022-12-23 02:00:00,0.0
2022-12-23 03:00:00,0.0
2022-12-23 04:00:00,0.0
2022-12-23 05:00:00,0.0
2022-12-23 06:00:00,0.0
2022-12-23 07:00:00,0.439
2022-12-23 08:00:00,16.597
2022-12-23 09:00:00,34.259
2022-12-23 10:00:00,45.449
2022-12-23 11:00:00,50.794
2022-12-23 12:00:00,52.093
2022-12-23 13:00:00,48.785
2022-12-23 14:00:00,40.194
2022-12-23 15:00:00,26.817
2022-12-23 16:00:00,8.754
2022-12-23 17:00:00,0.0
2022-12-23 18:00:00,0.0
2022-12-23 19:00:00,0.0
2022-12-23 20:00:00,0.0
2022-12-23 21:00:00,0.0
2022-12-23 22:00:00,0.0
2022-12-23 23:00:00,0.0
2022-12-24 00:00:00,0.0
2022-12-24 01:00:00,0.0
2022-12-24 02:00:00,0.0
2022-12-24 03:00:00,0.0
2022-12-24 04:00:00,0.0
2022-12-24 05:00:00,0.0
2022-12-24 06:00:00,0.0
2022-12-24 07:00:00,0.458
2022-12-24 08:00:00,17.021
2022-12-24 09:00:00,34.822
2022-12-24 10:00:00,46.208
2022-12-24 11:00:00,52.894
2022-12-24 12:00:00,53.805
2022-12-24 13:00:00,50.298
2022-12-24 14:00:00,42.071
2022-12-24 15:00:00,28.525
2022-12-24 16:00:00,9.858
2022-12-24 17:00:00,0.0
2022-12-24 18:00:00,0.0
2022-12-24 19:00:00,0.0
2022-12-24 20:00:00,0.0
2022-12-24 21:00:00,0.0
2022-12-24 22:00:00,0.0
2022-12-24 23:00:00,0.0
2022-12-25 00:00:00,0.0
2022-12-25 01:00:00,0.0
2022-12-25 02:00:00,0.0
2022-12-25 03:00:00,0.0
2022-12-25 04:00:00,0.0
2022-12-25 05:00:00,0.0
2022-12-25 06:00:00,0.0
2022-12-25 07:00:00,0.254
2022-12-25 08:00:00,12.156
2022-12-25 09:00:00,25.123
2022-12-25 10:00:00,26.728
2022-12-25 11:00:00,18.959
2022-12-25 12:00:00,12.148
2022-12-25 13:00:00,10.089
2022-12-25 14:00:00,9.41
2022-12-25 15:00:00,4.95
2022-12-25 16:00:00,0.902
2022-12-25 17:00:00,0.0
2022-12-25 18:00:00,0.0
2022-12-25 19:00:00,0.0
2022-12-25 20:00:00,0.0
2022-12-25 21:00:00,0.0
2022-12-25 22:00:00,0.0
2022-12-25 23:00:00,0.0
2022-12-26 00:00:00,0.0
2022-12-26 01:00:00,0.0
2022-12-26 02:00:00,0.0
2022-12-26 03:00:00,0.0
2022-12-26 04:00:00,0.0
2022-12-26 05:00:00,0.0
2022-12-26 06:00:00,0.0
2022-12-26 07:00:00,0.083
2022-12-26 08:00:00,9.367
2022-12-26 09:00:00,24.623
2022-12-26 10:00:00,36.432
2022-12-26 11:00:00,41.263
2022-12-26 12:00:00,43.215
2022-12-26 13:00:00,40.252
2022-12-26 14:00:00,30.833
2022-12-26 15:00:00,18.442
2022-12-26 16:00:00,4.58
2022-12-26 17:00:00,0.0
2022-12-26 18:00:00,0.0
2022-12-26 19:00:00,0.0
2022-12-26 20:00:00,0.0
2022-12-26 21:00:00,0.0
2022-12-26 22:00:00,0.0
2022-12-26 23:00:00,0.0
2022-12-27 00:00:00,0.0
2022-12-27 01:00:00,0.0
2022-12-27 02:00:00,0.0
2022-12-27 03:00:00,0.0
2022-12-27 04:00:00,0.0
2022-12-27 05:00:00,0.0
2022-12-27 06:00:00,0.0
2022-12-27 07:00:00,0.102
2022-12-27 08:00:00,9.485
2022-12-27 09:00:00,26.846
2022-12-27 10:00:00,41.379
2022-12-27 11:00:00,49.067
2022-12-27 12:00:00,51.087
2022-12-27 13:00:00,48.131
2022-12-27 14:00:00,40.083
2022-12-27 15:00:00,26.697
2022-12-27 16:00:00,8.458
2022-12-27 17:00:00,0.0
2022-12-27 18:00:00,0.0
2022-12-27 19:00:00,0.0
2022-12-27 20:00:00,0.0
2022-12-27 21:00:00,0.0
2022-12-27 22:00:00,0.0
2022-12-27 23:00:00,0.0
2022-12-28 00:00:00,0.0
2022-12-28 01:00:00,0.0
2022-12-28 02:00:00,0.0
2022-12-28 03:00:00,0.0
2022-12-28 04:00:00,0.0
2022-12-28 05:00:00,0.0
2022-12-28 06:00:00,0.0
2022-12-28 07:00:00,0.464
2022-12-28 08:00:00,17.061
2022-12-28 09:00:00,34.434
2022-12-28 10:00:00,45.511
2022-12-28 11:00:00,48.887
2022-12-28 12:00:00,50.138
2022-12-28 13:00:00,47.041
2022-12-28 14:00:00,37.989
2022-12-28 15:00:00,24.593
2022-12-28 16:00:00,7.185
2022-12-28 17:00:00,0.0
2022-12-28 18:00:00,0.0
2022-12-28 19:00:00,0.0
2022-12-28 20:00:00,0.0
2022-12-28 21:00:00,0.0
2022-12-28 22:00:00,0.0
2022-12-28 23:00:00,0.0
2022-12-29 00:00:00,0.0
2022-12-29 01:00:00,0.0
2022-12-29 02:00:00,0.0
2022-12-29 03:00:00,0.0
2022-12-29 04:00:00,0.0
2022-12-29 05:00:00,0.0
2022-12-29 06:00:00,0.0
2022-12-29 07:00:00,0.514
2022-12-29 08:00:00,17.811
2022-12-29 09:00:00,35.371
2022-12-29 10:00:00,46.493
2022-12-29 11:00:00,51.787
2022-12-29 12:00:00,52.935
2022-12-29 13:00:00,49.52
2022-12-29 14:00:00,41.206
2022-12-29 15:00:00,27.405
2022-12-29 16:00:00,8.804
2022-12-29 17:00:00,0.0
2022-12-29 18:00:00,0.0
2022-12-29 19:00:00,0.0
2022-12-29 20:00:00,0.0
2022-12-29 21:00:00,0.0
2022-12-29 22:00:00,0.0
2022-12-29 23:00:00,0.0
2022-12-30 00:00:00,0.0
2022-12-30 01:00:00,0.0
2022-12-30 02:00:00,0.0
2022-12-30 03:00:00,0.0
2022-12-30 04:00:00,0.0
2022-12-30 05:00:00,0.0
2022-12-30 06:00:00,0.0
2022-12-30 07:00:00,0.27
2022-12-30 08:00:00,12.437
2022-12-30 09:00:00,28.398
2022-12-30 10:00:00,39.551
2022-12-30 11:00:00,41.483
2022-12-30 12:00:00,42.549
2022-12-30 13:00:00,39.039
2022-12-30 14:00:00,32.334
2022-12-30 15:00:00,18.889
2022-12-30 16:00:00,4.432
2022-12-30 17:00:00,0.0
2022-12-30 18:00:00,0.0
2022-12-30 19:00:00,0.0
2022-12-30 20:00:00,0.0
2022-12-30 21:00:00,0.0
2022-12-30 22:00:00,0.0
2022-12-30 23:00:00,0.0
2022-12-31 00:00:00,0.0
2022-12-31 01:00:00,0.0
2022-12-31 02:00:00,0.0
2022-12-31 03:00:00,0.0
2022-12-31 04:00:00,0.0
2022-12-31 05:00:00,0.0
2022-12-31 06:00:00,0.0
2022-12-31 07:00:00,0.146
2022-12-31 08:00:00,11.148
2022-12-31 09:00:00,28.216
2022-12-31 10:00:00,40.95
2022-12-31 11:00:00,47.755
2022-12-31 12:00:00,49.347
2022-12-31 13:00:00,46.257
2022-12-31 14:00:00,38.151
2022-12-31 15:00:00,25.127
2022-12-31 16:00:00,7.667
2022-12-31 17:00:00,0.0
2022-12-31 18:00:00,0.0
2022-12-31 19:00:00,0.0
2022-12-31 20:00:00,0.0
2022-12-31 21:00:00,0.0
2022-12-31 22:00:00,0.0
2022-12-31 23:00:00,0.0
2023-01-01 00:00:00,0.0
2023-01-01 01:00:00,0.0
2023-01-01 02:00:00,0.0
2023-01-01 03:00:00,0.0
2023-01-01 04:00:00,0.0
2023-01-01 05:00:00,0.0
2023-01-01 06:00:00,0.0
2023-01-01 07:00:00,0.154
