time,electricity
2022-01-01 08:00:00,22.552
2022-01-01 09:00:00,19.618
2022-01-01 10:00:00,31.937
2022-01-01 11:00:00,34.179
2022-01-01 12:00:00,33.478
2022-01-01 13:00:00,31.66
2022-01-01 14:00:00,27.613
2022-01-01 15:00:00,24.778
2022-01-01 16:00:00,24.222
2022-01-01 17:00:00,23.888
2022-01-01 18:00:00,23.716
2022-01-01 19:00:00,22.912
2022-01-01 20:00:00,21.64
2022-01-01 21:00:00,21.831
2022-01-01 22:00:00,24.421
2022-01-01 23:00:00,31.644
2022-01-02 00:00:00,38.404
2022-01-02 01:00:00,40.604
2022-01-02 02:00:00,41.143
2022-01-02 03:00:00,39.377
2022-01-02 04:00:00,37.097
2022-01-02 05:00:00,34.563
2022-01-02 06:00:00,32.721
2022-01-02 07:00:00,30.394
2022-01-02 08:00:00,30.03
2022-01-02 09:00:00,28.85
2022-01-02 10:00:00,22.146
2022-01-02 11:00:00,14.99
2022-01-02 12:00:00,9.636
2022-01-02 13:00:00,6.346
2022-01-02 14:00:00,4.191
2022-01-02 15:00:00,2.883
2022-01-02 16:00:00,2.949
2022-01-02 17:00:00,2.353
2022-01-02 18:00:00,1.225
2022-01-02 19:00:00,0.352
2022-01-02 20:00:00,0.066
2022-01-02 21:00:00,0.026
2022-01-02 22:00:00,0.037
2022-01-02 23:00:00,0.11
2022-01-03 00:00:00,0.327
2022-01-03 01:00:00,0.734
2022-01-03 02:00:00,1.251
2022-01-03 03:00:00,1.684
2022-01-03 04:00:00,2.048
2022-01-03 05:00:00,2.73
2022-01-03 06:00:00,3.904
2022-01-03 07:00:00,6.253
2022-01-03 08:00:00,7.193
2022-01-03 09:00:00,5.89
2022-01-03 10:00:00,9.766
2022-01-03 11:00:00,11.584
2022-01-03 12:00:00,12.628
2022-01-03 13:00:00,12.294
2022-01-03 14:00:00,10.35
2022-01-03 15:00:00,9.325
2022-01-03 16:00:00,10.777
2022-01-03 17:00:00,12.293
2022-01-03 18:00:00,14.541
2022-01-03 19:00:00,18.205
2022-01-03 20:00:00,21.798
2022-01-03 21:00:00,23.716
2022-01-03 22:00:00,24.635
2022-01-03 23:00:00,25.01
2022-01-04 00:00:00,24.53
2022-01-04 01:00:00,24.334
2022-01-04 02:00:00,24.841
2022-01-04 03:00:00,25.133
2022-01-04 04:00:00,25.334
2022-01-04 05:00:00,24.703
2022-01-04 06:00:00,23.716
2022-01-04 07:00:00,22.338
2022-01-04 08:00:00,16.739
2022-01-04 09:00:00,16.014
2022-01-04 10:00:00,13.071
2022-01-04 11:00:00,10.786
2022-01-04 12:00:00,9.082
2022-01-04 13:00:00,8.256
2022-01-04 14:00:00,8.656
2022-01-04 15:00:00,9.536
2022-01-04 16:00:00,13.025
2022-01-04 17:00:00,14.771
2022-01-04 18:00:00,13.225
2022-01-04 19:00:00,10.476
2022-01-04 20:00:00,7.713
2022-01-04 21:00:00,7.226
2022-01-04 22:00:00,7.218
2022-01-04 23:00:00,7.663
2022-01-05 00:00:00,9.222
2022-01-05 01:00:00,10.853
2022-01-05 02:00:00,11.805
2022-01-05 03:00:00,11.584
2022-01-05 04:00:00,12.293
2022-01-05 05:00:00,13.316
2022-01-05 06:00:00,11.659
2022-01-05 07:00:00,13.024
2022-01-05 08:00:00,10.166
2022-01-05 09:00:00,3.622
2022-01-05 10:00:00,2.854
2022-01-05 11:00:00,2.237
2022-01-05 12:00:00,1.405
2022-01-05 13:00:00,0.393
2022-01-05 14:00:00,0.118
2022-01-05 15:00:00,0.139
2022-01-05 16:00:00,0.393
2022-01-05 17:00:00,1.061
2022-01-05 18:00:00,2.235
2022-01-05 19:00:00,3.736
2022-01-05 20:00:00,5.736
2022-01-05 21:00:00,7.868
2022-01-05 22:00:00,9.763
2022-01-05 23:00:00,11.348
2022-01-06 00:00:00,12.571
2022-01-06 01:00:00,13.517
2022-01-06 02:00:00,14.598
2022-01-06 03:00:00,15.615
2022-01-06 04:00:00,16.157
2022-01-06 05:00:00,16.057
2022-01-06 06:00:00,15.384
2022-01-06 07:00:00,14.68
2022-01-06 08:00:00,11.561
2022-01-06 09:00:00,9.135
2022-01-06 10:00:00,11.767
2022-01-06 11:00:00,11.162
2022-01-06 12:00:00,10.008
2022-01-06 13:00:00,8.444
2022-01-06 14:00:00,6.754
2022-01-06 15:00:00,6.706
2022-01-06 16:00:00,8.085
2022-01-06 17:00:00,8.208
2022-01-06 18:00:00,7.64
2022-01-06 19:00:00,7.51
2022-01-06 20:00:00,8.009
2022-01-06 21:00:00,8.911
2022-01-06 22:00:00,9.958
2022-01-06 23:00:00,9.856
2022-01-07 00:00:00,8.713
2022-01-07 01:00:00,7.269
2022-01-07 02:00:00,5.801
2022-01-07 03:00:00,4.608
2022-01-07 04:00:00,3.728
2022-01-07 05:00:00,3.088
2022-01-07 06:00:00,2.631
2022-01-07 07:00:00,2.21
2022-01-07 08:00:00,1.531
2022-01-07 09:00:00,0.5650000000000001
2022-01-07 10:00:00,0.262
2022-01-07 11:00:00,0.285
2022-01-07 12:00:00,0.39
2022-01-07 13:00:00,0.364
2022-01-07 14:00:00,0.269
2022-01-07 15:00:00,0.24
2022-01-07 16:00:00,0.229
2022-01-07 17:00:00,0.303
2022-01-07 18:00:00,0.609
2022-01-07 19:00:00,1.346
2022-01-07 20:00:00,2.557
2022-01-07 21:00:00,4.107
2022-01-07 22:00:00,5.96
2022-01-07 23:00:00,8.24
2022-01-08 00:00:00,10.63
2022-01-08 01:00:00,12.19
2022-01-08 02:00:00,13.015
2022-01-08 03:00:00,13.967
2022-01-08 04:00:00,14.487
2022-01-08 05:00:00,14.377
2022-01-08 06:00:00,14.166
2022-01-08 07:00:00,13.503
2022-01-08 08:00:00,9.947
2022-01-08 09:00:00,6.837
2022-01-08 10:00:00,9.968
2022-01-08 11:00:00,13.334
2022-01-08 12:00:00,15.69
2022-01-08 13:00:00,16.71
2022-01-08 14:00:00,15.27
2022-01-08 15:00:00,13.884
2022-01-08 16:00:00,16.714
2022-01-08 17:00:00,19.462
2022-01-08 18:00:00,21.472
2022-01-08 19:00:00,23.733
2022-01-08 20:00:00,25.035
2022-01-08 21:00:00,25.859
2022-01-08 22:00:00,25.289
2022-01-08 23:00:00,23.716
2022-01-09 00:00:00,20.811
2022-01-09 01:00:00,18.276
2022-01-09 02:00:00,16.666
2022-01-09 03:00:00,15.597
2022-01-09 04:00:00,15.27
2022-01-09 05:00:00,14.847
2022-01-09 06:00:00,14.311
2022-01-09 07:00:00,12.894
2022-01-09 08:00:00,8.406
2022-01-09 09:00:00,6.757
2022-01-09 10:00:00,5.766
2022-01-09 11:00:00,4.957
2022-01-09 12:00:00,3.978
2022-01-09 13:00:00,3.347
2022-01-09 14:00:00,3.099
2022-01-09 15:00:00,3.729
2022-01-09 16:00:00,5.17
2022-01-09 17:00:00,5.094
2022-01-09 18:00:00,3.532
2022-01-09 19:00:00,1.851
2022-01-09 20:00:00,0.711
2022-01-09 21:00:00,0.171
2022-01-09 22:00:00,0.024
2022-01-09 23:00:00,0.009000000000000001
2022-01-10 00:00:00,0.004
2022-01-10 01:00:00,0.001
2022-01-10 02:00:00,0.001
2022-01-10 03:00:00,0.001
2022-01-10 04:00:00,0.003
2022-01-10 05:00:00,0.011
2022-01-10 06:00:00,0.032
2022-01-10 07:00:00,0.085
2022-01-10 08:00:00,0.31
2022-01-10 09:00:00,0.769
2022-01-10 10:00:00,1.12
2022-01-10 11:00:00,2.018
2022-01-10 12:00:00,3.42
2022-01-10 13:00:00,6.404
2022-01-10 14:00:00,12.369
2022-01-10 15:00:00,21.743
2022-01-10 16:00:00,32.514
2022-01-10 17:00:00,38.419
2022-01-10 18:00:00,40.682
2022-01-10 19:00:00,41.679
2022-01-10 20:00:00,41.349
2022-01-10 21:00:00,40.563
2022-01-10 22:00:00,39.304
2022-01-10 23:00:00,37.209
2022-01-11 00:00:00,35.928
2022-01-11 01:00:00,34.544
2022-01-11 02:00:00,32.35
2022-01-11 03:00:00,30.582
2022-01-11 04:00:00,27.791
2022-01-11 05:00:00,25.866
2022-01-11 06:00:00,24.655
2022-01-11 07:00:00,23.59
2022-01-11 08:00:00,25.01
2022-01-11 09:00:00,30.889
2022-01-11 10:00:00,31.615
2022-01-11 11:00:00,29.852
2022-01-11 12:00:00,25.862
2022-01-11 13:00:00,21.091
2022-01-11 14:00:00,16.604
2022-01-11 15:00:00,12.083
2022-01-11 16:00:00,8.655
2022-01-11 17:00:00,7.029
2022-01-11 18:00:00,5.724
2022-01-11 19:00:00,4.464
2022-01-11 20:00:00,3.275
2022-01-11 21:00:00,2.263
2022-01-11 22:00:00,1.609
2022-01-11 23:00:00,1.468
2022-01-12 00:00:00,1.632
2022-01-12 01:00:00,1.574
2022-01-12 02:00:00,1.185
2022-01-12 03:00:00,0.657
2022-01-12 04:00:00,0.302
2022-01-12 05:00:00,0.07100000000000001
2022-01-12 06:00:00,0.009000000000000001
2022-01-12 07:00:00,0.024
2022-01-12 08:00:00,0.139
2022-01-12 09:00:00,0.217
2022-01-12 10:00:00,0.325
2022-01-12 11:00:00,0.761
2022-01-12 12:00:00,1.485
2022-01-12 13:00:00,1.817
2022-01-12 14:00:00,1.357
2022-01-12 15:00:00,0.268
2022-01-12 16:00:00,0.007
2022-01-12 17:00:00,0.001
2022-01-12 18:00:00,0.262
2022-01-12 19:00:00,2.709
2022-01-12 20:00:00,8.742
2022-01-12 21:00:00,19.142
2022-01-12 22:00:00,32.827
2022-01-12 23:00:00,39.046
2022-01-13 00:00:00,38.689
2022-01-13 01:00:00,36.396
2022-01-13 02:00:00,33.58
2022-01-13 03:00:00,35.531
2022-01-13 04:00:00,36.413
2022-01-13 05:00:00,36.332
2022-01-13 06:00:00,35.927
2022-01-13 07:00:00,32.618
2022-01-13 08:00:00,30.412
2022-01-13 09:00:00,33.085
2022-01-13 10:00:00,32.197
2022-01-13 11:00:00,31.39
2022-01-13 12:00:00,30.618
2022-01-13 13:00:00,29.894
2022-01-13 14:00:00,28.37
2022-01-13 15:00:00,25.826
2022-01-13 16:00:00,22.12
2022-01-13 17:00:00,19.28
2022-01-13 18:00:00,16.363
2022-01-13 19:00:00,14.214
2022-01-13 20:00:00,11.981
2022-01-13 21:00:00,9.642
2022-01-13 22:00:00,7.314
2022-01-13 23:00:00,5.862
2022-01-14 00:00:00,4.919
2022-01-14 01:00:00,3.959
2022-01-14 02:00:00,3.358
2022-01-14 03:00:00,2.927
2022-01-14 04:00:00,2.103
2022-01-14 05:00:00,0.776
2022-01-14 06:00:00,0.08600000000000001
2022-01-14 07:00:00,0.027
2022-01-14 08:00:00,0.108
2022-01-14 09:00:00,0.505
2022-01-14 10:00:00,2.642
2022-01-14 11:00:00,3.623
2022-01-14 12:00:00,3.624
2022-01-14 13:00:00,4.978
2022-01-14 14:00:00,7.992
2022-01-14 15:00:00,10.933
2022-01-14 16:00:00,14.298
2022-01-14 17:00:00,15.558
2022-01-14 18:00:00,16.419
2022-01-14 19:00:00,18.54
2022-01-14 20:00:00,19.84
2022-01-14 21:00:00,18.975
2022-01-14 22:00:00,18.192
2022-01-14 23:00:00,16.737
2022-01-15 00:00:00,14.597
2022-01-15 01:00:00,13.121
2022-01-15 02:00:00,11.637
2022-01-15 03:00:00,9.979
2022-01-15 04:00:00,9.439
2022-01-15 05:00:00,10.741
2022-01-15 06:00:00,12.195
2022-01-15 07:00:00,12.493
2022-01-15 08:00:00,8.115
2022-01-15 09:00:00,8.528
2022-01-15 10:00:00,10.238
2022-01-15 11:00:00,10.094
2022-01-15 12:00:00,10.753
2022-01-15 13:00:00,11.833
2022-01-15 14:00:00,12.656
2022-01-15 15:00:00,13.627
2022-01-15 16:00:00,17.559
2022-01-15 17:00:00,21.909
2022-01-15 18:00:00,23.159
2022-01-15 19:00:00,25.074
2022-01-15 20:00:00,27.91
2022-01-15 21:00:00,30.506
2022-01-15 22:00:00,31.39
2022-01-15 23:00:00,32.113
2022-01-16 00:00:00,31.983
2022-01-16 01:00:00,30.617
2022-01-16 02:00:00,28.355
2022-01-16 03:00:00,25.678
2022-01-16 04:00:00,22.714
2022-01-16 05:00:00,20.38
2022-01-16 06:00:00,17.948
2022-01-16 07:00:00,14.306
2022-01-16 08:00:00,9.452
2022-01-16 09:00:00,8.253
2022-01-16 10:00:00,8.443
2022-01-16 11:00:00,9.224
2022-01-16 12:00:00,8.948
2022-01-16 13:00:00,7.475
2022-01-16 14:00:00,4.997
2022-01-16 15:00:00,2.51
2022-01-16 16:00:00,1.36
2022-01-16 17:00:00,0.593
2022-01-16 18:00:00,0.288
2022-01-16 19:00:00,0.162
2022-01-16 20:00:00,0.038
2022-01-16 21:00:00,0.01
2022-01-16 22:00:00,0.013
2022-01-16 23:00:00,0.035
2022-01-17 00:00:00,0.04
2022-01-17 01:00:00,0.03
2022-01-17 02:00:00,0.058
2022-01-17 03:00:00,0.216
2022-01-17 04:00:00,0.971
2022-01-17 05:00:00,2.843
2022-01-17 06:00:00,6.321
2022-01-17 07:00:00,11.492
2022-01-17 08:00:00,13.182
2022-01-17 09:00:00,18.856
2022-01-17 10:00:00,29.885
2022-01-17 11:00:00,34.092
2022-01-17 12:00:00,35.288
2022-01-17 13:00:00,34.769
2022-01-17 14:00:00,34.133
2022-01-17 15:00:00,33.593
2022-01-17 16:00:00,31.822
2022-01-17 17:00:00,29.407
2022-01-17 18:00:00,26.668
2022-01-17 19:00:00,23.549
2022-01-17 20:00:00,19.098
2022-01-17 21:00:00,13.139
2022-01-17 22:00:00,7.296
2022-01-17 23:00:00,3.823
2022-01-18 00:00:00,1.78
2022-01-18 01:00:00,0.618
2022-01-18 02:00:00,0.204
2022-01-18 03:00:00,0.076
2022-01-18 04:00:00,0.052
2022-01-18 05:00:00,0.178
2022-01-18 06:00:00,0.78
2022-01-18 07:00:00,2.041
2022-01-18 08:00:00,2.978
2022-01-18 09:00:00,3.651
2022-01-18 10:00:00,4.93
2022-01-18 11:00:00,6.156
2022-01-18 12:00:00,7.685
2022-01-18 13:00:00,8.444
2022-01-18 14:00:00,7.916
2022-01-18 15:00:00,7.15
2022-01-18 16:00:00,8.743
2022-01-18 17:00:00,10.552
2022-01-18 18:00:00,12.276
2022-01-18 19:00:00,13.881
2022-01-18 20:00:00,14.762
2022-01-18 21:00:00,14.39
2022-01-18 22:00:00,12.777
2022-01-18 23:00:00,10.548
2022-01-19 00:00:00,8.527
2022-01-19 01:00:00,6.731
2022-01-19 02:00:00,5.335
2022-01-19 03:00:00,4.598
2022-01-19 04:00:00,5.501
2022-01-19 05:00:00,9.783
2022-01-19 06:00:00,18.2
2022-01-19 07:00:00,27.732
2022-01-19 08:00:00,34.287
2022-01-19 09:00:00,38.484
2022-01-19 10:00:00,40.062
2022-01-19 11:00:00,40.981
2022-01-19 12:00:00,41.271
2022-01-19 13:00:00,41.446
2022-01-19 14:00:00,41.707
2022-01-19 15:00:00,42.15
2022-01-19 16:00:00,41.89
2022-01-19 17:00:00,39.5
2022-01-19 18:00:00,36.628
2022-01-19 19:00:00,35.196
2022-01-19 20:00:00,33.78
2022-01-19 21:00:00,32.569
2022-01-19 22:00:00,30.939
2022-01-19 23:00:00,29.855
2022-01-20 00:00:00,29.371
2022-01-20 01:00:00,28.943
2022-01-20 02:00:00,28.347
2022-01-20 03:00:00,27.777
2022-01-20 04:00:00,27.325
2022-01-20 05:00:00,26.204
2022-01-20 06:00:00,25.133
2022-01-20 07:00:00,23.159
2022-01-20 08:00:00,18.691
2022-01-20 09:00:00,19.28
2022-01-20 10:00:00,16.827
2022-01-20 11:00:00,13.129
2022-01-20 12:00:00,9.367
2022-01-20 13:00:00,7.471
2022-01-20 14:00:00,6.9
2022-01-20 15:00:00,7.161
2022-01-20 16:00:00,8.655
2022-01-20 17:00:00,10.274
2022-01-20 18:00:00,8.922
2022-01-20 19:00:00,6.222
2022-01-20 20:00:00,3.831
2022-01-20 21:00:00,2.653
2022-01-20 22:00:00,2.115
2022-01-20 23:00:00,1.73
2022-01-21 00:00:00,1.276
2022-01-21 01:00:00,0.844
2022-01-21 02:00:00,0.678
2022-01-21 03:00:00,0.608
2022-01-21 04:00:00,0.494
2022-01-21 05:00:00,0.38
2022-01-21 06:00:00,0.339
2022-01-21 07:00:00,0.445
2022-01-21 08:00:00,0.466
2022-01-21 09:00:00,0.134
2022-01-21 10:00:00,0.037
2022-01-21 11:00:00,0.029
2022-01-21 12:00:00,0.042
2022-01-21 13:00:00,0.067
2022-01-21 14:00:00,0.08600000000000001
2022-01-21 15:00:00,0.093
2022-01-21 16:00:00,0.113
2022-01-21 17:00:00,0.09
2022-01-21 18:00:00,0.116
2022-01-21 19:00:00,0.16
2022-01-21 20:00:00,0.23
2022-01-21 21:00:00,0.35
2022-01-21 22:00:00,0.449
2022-01-21 23:00:00,0.441
2022-01-22 00:00:00,0.426
2022-01-22 01:00:00,0.467
2022-01-22 02:00:00,0.665
2022-01-22 03:00:00,1.214
2022-01-22 04:00:00,2.486
2022-01-22 05:00:00,3.729
2022-01-22 06:00:00,4.437
2022-01-22 07:00:00,5.034
2022-01-22 08:00:00,4.454
2022-01-22 09:00:00,3.689
2022-01-22 10:00:00,3.154
2022-01-22 11:00:00,2.431
2022-01-22 12:00:00,2.466
2022-01-22 13:00:00,4.247
2022-01-22 14:00:00,4.368
2022-01-22 15:00:00,5.755
2022-01-22 16:00:00,9.56
2022-01-22 17:00:00,12.191
2022-01-22 18:00:00,12.122
2022-01-22 19:00:00,11.933
2022-01-22 20:00:00,12.761
2022-01-22 21:00:00,13.024
2022-01-22 22:00:00,12.397
2022-01-22 23:00:00,14.101
2022-01-23 00:00:00,16.75
2022-01-23 01:00:00,19.279
2022-01-23 02:00:00,20.999
2022-01-23 03:00:00,22.492
2022-01-23 04:00:00,23.003
2022-01-23 05:00:00,22.312
2022-01-23 06:00:00,23.717
2022-01-23 07:00:00,25.582
2022-01-23 08:00:00,29.525
2022-01-23 09:00:00,32.186
2022-01-23 10:00:00,33.345
2022-01-23 11:00:00,34.156
2022-01-23 12:00:00,34.09
2022-01-23 13:00:00,32.234
2022-01-23 14:00:00,29.041
2022-01-23 15:00:00,26.109
2022-01-23 16:00:00,22.502
2022-01-23 17:00:00,20.793
2022-01-23 18:00:00,20.167
2022-01-23 19:00:00,20.379
2022-01-23 20:00:00,20.979
2022-01-23 21:00:00,21.702
2022-01-23 22:00:00,21.833
2022-01-23 23:00:00,21.624
2022-01-24 00:00:00,21.242
2022-01-24 01:00:00,20.257
2022-01-24 02:00:00,18.733
2022-01-24 03:00:00,17.441
2022-01-24 04:00:00,16.8
2022-01-24 05:00:00,16.871
2022-01-24 06:00:00,16.521
2022-01-24 07:00:00,14.692
2022-01-24 08:00:00,9.358
2022-01-24 09:00:00,8.507
2022-01-24 10:00:00,6.788
2022-01-24 11:00:00,5.764
2022-01-24 12:00:00,5.737
2022-01-24 13:00:00,6.49
2022-01-24 14:00:00,7.262
2022-01-24 15:00:00,7.985
2022-01-24 16:00:00,8.724
2022-01-24 17:00:00,9.764
2022-01-24 18:00:00,10.066
2022-01-24 19:00:00,9.612
2022-01-24 20:00:00,9.285
2022-01-24 21:00:00,9.709
2022-01-24 22:00:00,10.658
2022-01-24 23:00:00,11.41
2022-01-25 00:00:00,12.614
2022-01-25 01:00:00,14.12
2022-01-25 02:00:00,15.547
2022-01-25 03:00:00,16.174
2022-01-25 04:00:00,15.668
2022-01-25 05:00:00,14.127
2022-01-25 06:00:00,12.395
2022-01-25 07:00:00,10.369
2022-01-25 08:00:00,6.875
2022-01-25 09:00:00,6.716
2022-01-25 10:00:00,6.354
2022-01-25 11:00:00,6.244
2022-01-25 12:00:00,6.275
2022-01-25 13:00:00,6.572
2022-01-25 14:00:00,6.708
2022-01-25 15:00:00,7.285
2022-01-25 16:00:00,8.573
2022-01-25 17:00:00,9.855
2022-01-25 18:00:00,9.492
2022-01-25 19:00:00,8.92
2022-01-25 20:00:00,9.368
2022-01-25 21:00:00,10.582
2022-01-25 22:00:00,12.124
2022-01-25 23:00:00,13.236
2022-01-26 00:00:00,13.924
2022-01-26 01:00:00,13.654
2022-01-26 02:00:00,11.257
2022-01-26 03:00:00,7.607
2022-01-26 04:00:00,4.957
2022-01-26 05:00:00,3.261
2022-01-26 06:00:00,2.314
2022-01-26 07:00:00,1.505
2022-01-26 08:00:00,0.898
2022-01-26 09:00:00,0.638
2022-01-26 10:00:00,0.168
2022-01-26 11:00:00,0.045
2022-01-26 12:00:00,0.549
2022-01-26 13:00:00,3.227
2022-01-26 14:00:00,6.74
2022-01-26 15:00:00,8.848
2022-01-26 16:00:00,11.019
2022-01-26 17:00:00,13.868
2022-01-26 18:00:00,12.907
2022-01-26 19:00:00,10.823
2022-01-26 20:00:00,9.764
2022-01-26 21:00:00,9.575
2022-01-26 22:00:00,10.671
2022-01-26 23:00:00,13.175
2022-01-27 00:00:00,16.933
2022-01-27 01:00:00,20.073
2022-01-27 02:00:00,21.637
2022-01-27 03:00:00,22.204
2022-01-27 04:00:00,23.593
2022-01-27 05:00:00,24.971
2022-01-27 06:00:00,25.543
2022-01-27 07:00:00,23.797
2022-01-27 08:00:00,24.654
2022-01-27 09:00:00,26.574
2022-01-27 10:00:00,24.457
2022-01-27 11:00:00,22.761
2022-01-27 12:00:00,21.491
2022-01-27 13:00:00,19.802
2022-01-27 14:00:00,17.185
2022-01-27 15:00:00,16.871
2022-01-27 16:00:00,16.535
2022-01-27 17:00:00,19.14
2022-01-27 18:00:00,21.497
2022-01-27 19:00:00,21.489
2022-01-27 20:00:00,20.257
2022-01-27 21:00:00,19.499
2022-01-27 22:00:00,19.117
2022-01-27 23:00:00,18.879
2022-01-28 00:00:00,20.608
2022-01-28 01:00:00,22.355
2022-01-28 02:00:00,21.617
2022-01-28 03:00:00,22.438
2022-01-28 04:00:00,24.487
2022-01-28 05:00:00,25.44
2022-01-28 06:00:00,25.642
2022-01-28 07:00:00,21.489
2022-01-28 08:00:00,13.719
2022-01-28 09:00:00,11.484
2022-01-28 10:00:00,10.997
2022-01-28 11:00:00,11.584
2022-01-28 12:00:00,13.13
2022-01-28 13:00:00,13.39
2022-01-28 14:00:00,13.08
2022-01-28 15:00:00,11.924
2022-01-28 16:00:00,11.384
2022-01-28 17:00:00,8.3
2022-01-28 18:00:00,6.903
2022-01-28 19:00:00,6.88
2022-01-28 20:00:00,8.767
2022-01-28 21:00:00,9.856
2022-01-28 22:00:00,10.251
2022-01-28 23:00:00,11.484
2022-01-29 00:00:00,10.816
2022-01-29 01:00:00,11.38
2022-01-29 02:00:00,13.26
2022-01-29 03:00:00,14.989
2022-01-29 04:00:00,15.434
2022-01-29 05:00:00,13.503
2022-01-29 06:00:00,9.493
2022-01-29 07:00:00,5.828
2022-01-29 08:00:00,3.525
2022-01-29 09:00:00,3.119
2022-01-29 10:00:00,3.163
2022-01-29 11:00:00,3.73
2022-01-29 12:00:00,4.944
2022-01-29 13:00:00,6.952
2022-01-29 14:00:00,10.007
2022-01-29 15:00:00,13.13
2022-01-29 16:00:00,15.271
2022-01-29 17:00:00,16.85
2022-01-29 18:00:00,16.729
2022-01-29 19:00:00,15.583
2022-01-29 20:00:00,14.1
2022-01-29 21:00:00,12.294
2022-01-29 22:00:00,11.597
2022-01-29 23:00:00,11.741
2022-01-30 00:00:00,10.613
2022-01-30 01:00:00,9.714
2022-01-30 02:00:00,10.272
2022-01-30 03:00:00,10.859
2022-01-30 04:00:00,11.138
2022-01-30 05:00:00,11.283
2022-01-30 06:00:00,11.26
2022-01-30 07:00:00,10.545
2022-01-30 08:00:00,7.491
2022-01-30 09:00:00,6.261
2022-01-30 10:00:00,4.747
2022-01-30 11:00:00,3.157
2022-01-30 12:00:00,1.826
2022-01-30 13:00:00,0.915
2022-01-30 14:00:00,0.402
2022-01-30 15:00:00,0.125
2022-01-30 16:00:00,0.017
2022-01-30 17:00:00,0.0
2022-01-30 18:00:00,0.0
2022-01-30 19:00:00,0.002
2022-01-30 20:00:00,0.139
2022-01-30 21:00:00,1.282
2022-01-30 22:00:00,3.898
2022-01-30 23:00:00,6.698
2022-01-31 00:00:00,8.49
2022-01-31 01:00:00,9.312
2022-01-31 02:00:00,10.369
2022-01-31 03:00:00,13.413
2022-01-31 04:00:00,18.556
2022-01-31 05:00:00,23.901
2022-01-31 06:00:00,29.032
2022-01-31 07:00:00,29.911
2022-01-31 08:00:00,26.114
2022-01-31 09:00:00,28.441
2022-01-31 10:00:00,30.991
2022-01-31 11:00:00,35.435
2022-01-31 12:00:00,38.588
2022-01-31 13:00:00,39.688
2022-01-31 14:00:00,39.654
2022-01-31 15:00:00,38.785
2022-01-31 16:00:00,36.564
2022-01-31 17:00:00,31.053
2022-01-31 18:00:00,21.831
2022-01-31 19:00:00,18.596
2022-01-31 20:00:00,22.446
2022-01-31 21:00:00,27.375
2022-01-31 22:00:00,30.002
2022-01-31 23:00:00,32.138
2022-02-01 00:00:00,34.237
2022-02-01 01:00:00,34.623
2022-02-01 02:00:00,33.92
2022-02-01 03:00:00,33.39
2022-02-01 04:00:00,31.279
2022-02-01 05:00:00,29.886
2022-02-01 06:00:00,27.94
2022-02-01 07:00:00,26.534
2022-02-01 08:00:00,26.474
2022-02-01 09:00:00,27.494
2022-02-01 10:00:00,24.282
2022-02-01 11:00:00,20.934
2022-02-01 12:00:00,18.191
2022-02-01 13:00:00,16.827
2022-02-01 14:00:00,16.303
2022-02-01 15:00:00,15.597
2022-02-01 16:00:00,15.101
2022-02-01 17:00:00,15.57
2022-02-01 18:00:00,14.627
2022-02-01 19:00:00,13.539
2022-02-01 20:00:00,12.761
2022-02-01 21:00:00,11.938
2022-02-01 22:00:00,10.75
2022-02-01 23:00:00,9.302
2022-02-02 00:00:00,7.501
2022-02-02 01:00:00,5.977
2022-02-02 02:00:00,5.924
2022-02-02 03:00:00,5.883
2022-02-02 04:00:00,5.69
2022-02-02 05:00:00,5.736
2022-02-02 06:00:00,5.799
2022-02-02 07:00:00,5.888
2022-02-02 08:00:00,4.193
2022-02-02 09:00:00,4.738
2022-02-02 10:00:00,5.57
2022-02-02 11:00:00,6.854
2022-02-02 12:00:00,8.929
2022-02-02 13:00:00,10.63
2022-02-02 14:00:00,11.835
2022-02-02 15:00:00,12.605
2022-02-02 16:00:00,13.219
2022-02-02 17:00:00,14.138
2022-02-02 18:00:00,13.758
2022-02-02 19:00:00,11.781
2022-02-02 20:00:00,8.549
2022-02-02 21:00:00,6.626
2022-02-02 22:00:00,5.022
2022-02-02 23:00:00,3.409
2022-02-03 00:00:00,2.235
2022-02-03 01:00:00,1.625
2022-02-03 02:00:00,1.422
2022-02-03 03:00:00,1.239
2022-02-03 04:00:00,0.769
2022-02-03 05:00:00,0.339
2022-02-03 06:00:00,0.139
2022-02-03 07:00:00,0.051
2022-02-03 08:00:00,0.011
2022-02-03 09:00:00,0.0
2022-02-03 10:00:00,0.001
2022-02-03 11:00:00,0.021
2022-02-03 12:00:00,0.192
2022-02-03 13:00:00,0.661
2022-02-03 14:00:00,1.312
2022-02-03 15:00:00,1.5
2022-02-03 16:00:00,1.127
2022-02-03 17:00:00,1.091
2022-02-03 18:00:00,1.401
2022-02-03 19:00:00,2.305
2022-02-03 20:00:00,4.191
2022-02-03 21:00:00,7.059
2022-02-03 22:00:00,10.805
2022-02-03 23:00:00,14.487
2022-02-04 00:00:00,16.303
2022-02-04 01:00:00,17.639
2022-02-04 02:00:00,17.599
2022-02-04 03:00:00,15.497
2022-02-04 04:00:00,12.58
2022-02-04 05:00:00,9.222
2022-02-04 06:00:00,7.147
2022-02-04 07:00:00,5.958
2022-02-04 08:00:00,4.965
2022-02-04 09:00:00,6.792
2022-02-04 10:00:00,11.952
2022-02-04 11:00:00,17.66
2022-02-04 12:00:00,22.68
2022-02-04 13:00:00,27.221
2022-02-04 14:00:00,30.754
2022-02-04 15:00:00,33.192
2022-02-04 16:00:00,33.956
2022-02-04 17:00:00,32.054
2022-02-04 18:00:00,27.702
2022-02-04 19:00:00,25.813
2022-02-04 20:00:00,24.092
2022-02-04 21:00:00,22.32
2022-02-04 22:00:00,20.033
2022-02-04 23:00:00,17.647
2022-02-05 00:00:00,15.784
2022-02-05 01:00:00,14.624
2022-02-05 02:00:00,14.99
2022-02-05 03:00:00,15.27
2022-02-05 04:00:00,16.296
2022-02-05 05:00:00,17.974
2022-02-05 06:00:00,21.536
2022-02-05 07:00:00,23.036
2022-02-05 08:00:00,21.245
2022-02-05 09:00:00,29.452
2022-02-05 10:00:00,31.816
2022-02-05 11:00:00,32.404
2022-02-05 12:00:00,32.537
2022-02-05 13:00:00,32.045
2022-02-05 14:00:00,30.255
2022-02-05 15:00:00,28.029
2022-02-05 16:00:00,24.694
2022-02-05 17:00:00,22.653
2022-02-05 18:00:00,20.8
2022-02-05 19:00:00,19.099
2022-02-05 20:00:00,19.148
2022-02-05 21:00:00,19.969
2022-02-05 22:00:00,22.046
2022-02-05 23:00:00,23.652
2022-02-06 00:00:00,26.244
2022-02-06 01:00:00,27.495
2022-02-06 02:00:00,27.733
2022-02-06 03:00:00,26.55
2022-02-06 04:00:00,23.716
2022-02-06 05:00:00,21.264
2022-02-06 06:00:00,18.591
2022-02-06 07:00:00,16.828
2022-02-06 08:00:00,11.835
2022-02-06 09:00:00,10.554
2022-02-06 10:00:00,9.602
2022-02-06 11:00:00,9.471
2022-02-06 12:00:00,9.706
2022-02-06 13:00:00,9.765
2022-02-06 14:00:00,7.957
2022-02-06 15:00:00,5.529
2022-02-06 16:00:00,4.244
2022-02-06 17:00:00,4.436
2022-02-06 18:00:00,4.318
2022-02-06 19:00:00,3.531
2022-02-06 20:00:00,1.926
2022-02-06 21:00:00,1.605
2022-02-06 22:00:00,1.451
2022-02-06 23:00:00,0.443
2022-02-07 00:00:00,0.096
2022-02-07 01:00:00,0.063
2022-02-07 02:00:00,0.055
2022-02-07 03:00:00,0.166
2022-02-07 04:00:00,0.156
2022-02-07 05:00:00,0.028
2022-02-07 06:00:00,0.015
2022-02-07 07:00:00,0.06
2022-02-07 08:00:00,0.044
2022-02-07 09:00:00,0.005
2022-02-07 10:00:00,0.001
2022-02-07 11:00:00,0.0
2022-02-07 12:00:00,0.0
2022-02-07 13:00:00,0.002
2022-02-07 14:00:00,0.013
2022-02-07 15:00:00,0.024
2022-02-07 16:00:00,0.03
2022-02-07 17:00:00,0.069
2022-02-07 18:00:00,0.185
2022-02-07 19:00:00,0.477
2022-02-07 20:00:00,0.866
2022-02-07 21:00:00,1.283
2022-02-07 22:00:00,1.671
2022-02-07 23:00:00,1.922
2022-02-08 00:00:00,2.018
2022-02-08 01:00:00,2.802
2022-02-08 02:00:00,4.192
2022-02-08 03:00:00,5.795
2022-02-08 04:00:00,7.175
2022-02-08 05:00:00,8.444
2022-02-08 06:00:00,8.806000000000001
2022-02-08 07:00:00,7.866
2022-02-08 08:00:00,4.169
2022-02-08 09:00:00,2.583
2022-02-08 10:00:00,2.918
2022-02-08 11:00:00,2.915
2022-02-08 12:00:00,2.462
2022-02-08 13:00:00,1.78
2022-02-08 14:00:00,0.872
2022-02-08 15:00:00,0.375
2022-02-08 16:00:00,0.171
2022-02-08 17:00:00,0.129
2022-02-08 18:00:00,0.125
2022-02-08 19:00:00,0.114
2022-02-08 20:00:00,0.178
2022-02-08 21:00:00,0.556
2022-02-08 22:00:00,1.986
2022-02-08 23:00:00,3.768
2022-02-09 00:00:00,5.659
2022-02-09 01:00:00,7.522
2022-02-09 02:00:00,8.232
2022-02-09 03:00:00,8.767
2022-02-09 04:00:00,10.509
2022-02-09 05:00:00,9.799
2022-02-09 06:00:00,7.53
2022-02-09 07:00:00,5.19
2022-02-09 08:00:00,2.026
2022-02-09 09:00:00,1.807
2022-02-09 10:00:00,1.814
2022-02-09 11:00:00,1.402
2022-02-09 12:00:00,1.508
2022-02-09 13:00:00,1.408
2022-02-09 14:00:00,1.192
2022-02-09 15:00:00,1.294
2022-02-09 16:00:00,2.215
2022-02-09 17:00:00,3.795
2022-02-09 18:00:00,6.079
2022-02-09 19:00:00,8.656
2022-02-09 20:00:00,10.715
2022-02-09 21:00:00,12.143
2022-02-09 22:00:00,12.398
2022-02-09 23:00:00,11.558
2022-02-10 00:00:00,10.334
2022-02-10 01:00:00,9.222
2022-02-10 02:00:00,8.335
2022-02-10 03:00:00,7.147
2022-02-10 04:00:00,5.604
2022-02-10 05:00:00,4.378
2022-02-10 06:00:00,3.559
2022-02-10 07:00:00,2.756
2022-02-10 08:00:00,1.274
2022-02-10 09:00:00,0.754
2022-02-10 10:00:00,0.86
2022-02-10 11:00:00,0.9560000000000001
2022-02-10 12:00:00,1.096
2022-02-10 13:00:00,0.893
2022-02-10 14:00:00,0.522
2022-02-10 15:00:00,0.306
2022-02-10 16:00:00,0.118
2022-02-10 17:00:00,0.007
2022-02-10 18:00:00,0.0
2022-02-10 19:00:00,0.0
2022-02-10 20:00:00,0.035
2022-02-10 21:00:00,0.35
2022-02-10 22:00:00,1.231
2022-02-10 23:00:00,2.374
2022-02-11 00:00:00,2.998
2022-02-11 01:00:00,3.259
2022-02-11 02:00:00,3.216
2022-02-11 03:00:00,3.185
2022-02-11 04:00:00,3.414
2022-02-11 05:00:00,2.694
2022-02-11 06:00:00,1.8
2022-02-11 07:00:00,1.132
2022-02-11 08:00:00,0.281
2022-02-11 09:00:00,0.03
2022-02-11 10:00:00,0.001
2022-02-11 11:00:00,0.0
2022-02-11 12:00:00,0.0
2022-02-11 13:00:00,0.006
2022-02-11 14:00:00,0.203
2022-02-11 15:00:00,1.396
2022-02-11 16:00:00,2.558
2022-02-11 17:00:00,2.94
2022-02-11 18:00:00,1.644
2022-02-11 19:00:00,1.521
2022-02-11 20:00:00,4.139
2022-02-11 21:00:00,7.501
2022-02-11 22:00:00,9.356
2022-02-11 23:00:00,10.697
2022-02-12 00:00:00,10.946
2022-02-12 01:00:00,11.221
2022-02-12 02:00:00,11.484
2022-02-12 03:00:00,11.848
2022-02-12 04:00:00,11.383
2022-02-12 05:00:00,9.224
2022-02-12 06:00:00,6.643
2022-02-12 07:00:00,4.922
2022-02-12 08:00:00,2.193
2022-02-12 09:00:00,0.46
2022-02-12 10:00:00,0.0
2022-02-12 11:00:00,0.0
2022-02-12 12:00:00,0.0
2022-02-12 13:00:00,0.0
2022-02-12 14:00:00,0.0
2022-02-12 15:00:00,0.0
2022-02-12 16:00:00,0.262
2022-02-12 17:00:00,1.644
2022-02-12 18:00:00,2.995
2022-02-12 19:00:00,3.259
2022-02-12 20:00:00,2.79
2022-02-12 21:00:00,2.279
2022-02-12 22:00:00,2.336
2022-02-12 23:00:00,4.364
2022-02-13 00:00:00,8.839
2022-02-13 01:00:00,13.423
2022-02-13 02:00:00,15.843
2022-02-13 03:00:00,16.826
2022-02-13 04:00:00,16.53
2022-02-13 05:00:00,15.407
2022-02-13 06:00:00,14.174
2022-02-13 07:00:00,12.294
2022-02-13 08:00:00,12.227
2022-02-13 09:00:00,6.727
2022-02-13 10:00:00,2.49
2022-02-13 11:00:00,0.865
2022-02-13 12:00:00,0.166
2022-02-13 13:00:00,0.004
2022-02-13 14:00:00,0.001
2022-02-13 15:00:00,0.073
2022-02-13 16:00:00,0.801
2022-02-13 17:00:00,2.382
2022-02-13 18:00:00,2.491
2022-02-13 19:00:00,1.424
2022-02-13 20:00:00,1.185
2022-02-13 21:00:00,1.384
2022-02-13 22:00:00,1.951
2022-02-13 23:00:00,2.907
2022-02-14 00:00:00,3.305
2022-02-14 01:00:00,3.694
2022-02-14 02:00:00,3.337
2022-02-14 03:00:00,2.684
2022-02-14 04:00:00,3.039
2022-02-14 05:00:00,6.044
2022-02-14 06:00:00,13.593
2022-02-14 07:00:00,24.24
2022-02-14 08:00:00,30.394
2022-02-14 09:00:00,32.148
2022-02-14 10:00:00,32.224
2022-02-14 11:00:00,31.769
2022-02-14 12:00:00,32.949
2022-02-14 13:00:00,34.09
2022-02-14 14:00:00,34.517
2022-02-14 15:00:00,34.909
2022-02-14 16:00:00,35.427
2022-02-14 17:00:00,35.401
2022-02-14 18:00:00,35.847
2022-02-14 19:00:00,35.927
2022-02-14 20:00:00,35.406
2022-02-14 21:00:00,33.455
2022-02-14 22:00:00,31.06
2022-02-14 23:00:00,28.441
2022-02-15 00:00:00,26.413
2022-02-15 01:00:00,26.149
2022-02-15 02:00:00,25.819
2022-02-15 03:00:00,24.507
2022-02-15 04:00:00,21.798
2022-02-15 05:00:00,17.103
2022-02-15 06:00:00,12.764
2022-02-15 07:00:00,11.078
2022-02-15 08:00:00,10.852
2022-02-15 09:00:00,11.771
2022-02-15 10:00:00,13.201
2022-02-15 11:00:00,13.516
2022-02-15 12:00:00,12.395
2022-02-15 13:00:00,11.365
2022-02-15 14:00:00,10.947
2022-02-15 15:00:00,10.82
2022-02-15 16:00:00,10.668
2022-02-15 17:00:00,11.484
2022-02-15 18:00:00,13.064
2022-02-15 19:00:00,14.486
2022-02-15 20:00:00,15.899
2022-02-15 21:00:00,17.337
2022-02-15 22:00:00,18.187
2022-02-15 23:00:00,18.782
2022-02-16 00:00:00,18.622
2022-02-16 01:00:00,18.312
2022-02-16 02:00:00,18.312
2022-02-16 03:00:00,17.773
2022-02-16 04:00:00,16.833
2022-02-16 05:00:00,15.1
2022-02-16 06:00:00,13.437
2022-02-16 07:00:00,11.447
2022-02-16 08:00:00,12.786
2022-02-16 09:00:00,16.341
2022-02-16 10:00:00,22.045
2022-02-16 11:00:00,26.537
2022-02-16 12:00:00,30.945
2022-02-16 13:00:00,34.635
2022-02-16 14:00:00,36.415
2022-02-16 15:00:00,36.806
2022-02-16 16:00:00,36.015
2022-02-16 17:00:00,33.084
2022-02-16 18:00:00,28.966
2022-02-16 19:00:00,27.733
2022-02-16 20:00:00,26.413
2022-02-16 21:00:00,25.01
2022-02-16 22:00:00,26.164
2022-02-16 23:00:00,29.933
2022-02-17 00:00:00,31.952
2022-02-17 01:00:00,31.28
2022-02-17 02:00:00,29.33
2022-02-17 03:00:00,29.371
2022-02-17 04:00:00,29.902
2022-02-17 05:00:00,29.198
2022-02-17 06:00:00,28.722
2022-02-17 07:00:00,24.152
2022-02-17 08:00:00,27.158
2022-02-17 09:00:00,25.61
2022-02-17 10:00:00,22.562
2022-02-17 11:00:00,19.927
2022-02-17 12:00:00,15.972
2022-02-17 13:00:00,11.163
2022-02-17 14:00:00,8.015
2022-02-17 15:00:00,6.981
2022-02-17 16:00:00,6.396
2022-02-17 17:00:00,6.058
2022-02-17 18:00:00,5.528
2022-02-17 19:00:00,4.15
2022-02-17 20:00:00,2.818
2022-02-17 21:00:00,1.363
2022-02-17 22:00:00,0.202
2022-02-17 23:00:00,0.012
2022-02-18 00:00:00,0.006
2022-02-18 01:00:00,0.001
2022-02-18 02:00:00,0.0
2022-02-18 03:00:00,0.0
2022-02-18 04:00:00,0.001
2022-02-18 05:00:00,0.0
2022-02-18 06:00:00,0.0
2022-02-18 07:00:00,0.001
2022-02-18 08:00:00,0.0
2022-02-18 09:00:00,0.0
2022-02-18 10:00:00,0.001
2022-02-18 11:00:00,0.01
2022-02-18 12:00:00,0.121
2022-02-18 13:00:00,0.096
2022-02-18 14:00:00,0.04
2022-02-18 15:00:00,0.054
2022-02-18 16:00:00,0.113
2022-02-18 17:00:00,0.121
2022-02-18 18:00:00,0.337
2022-02-18 19:00:00,0.919
2022-02-18 20:00:00,1.978
2022-02-18 21:00:00,3.397
2022-02-18 22:00:00,4.851
2022-02-18 23:00:00,7.452
2022-02-19 00:00:00,10.737
2022-02-19 01:00:00,14.488
2022-02-19 02:00:00,17.926
2022-02-19 03:00:00,23.16
2022-02-19 04:00:00,29.204
2022-02-19 05:00:00,31.983
2022-02-19 06:00:00,30.898
2022-02-19 07:00:00,28.998
2022-02-19 08:00:00,30.923
2022-02-19 09:00:00,31.768
2022-02-19 10:00:00,35.208
2022-02-19 11:00:00,38.119
2022-02-19 12:00:00,39.961
2022-02-19 13:00:00,41.431
2022-02-19 14:00:00,42.331
2022-02-19 15:00:00,42.742
2022-02-19 16:00:00,42.333
2022-02-19 17:00:00,39.776
2022-02-19 18:00:00,34.524
2022-02-19 19:00:00,26.618
2022-02-19 20:00:00,24.186
2022-02-19 21:00:00,24.664
2022-02-19 22:00:00,27.149
2022-02-19 23:00:00,29.53
2022-02-20 00:00:00,29.876
2022-02-20 01:00:00,28.14
2022-02-20 02:00:00,26.981
2022-02-20 03:00:00,25.042
2022-02-20 04:00:00,21.499
2022-02-20 05:00:00,18.975
2022-02-20 06:00:00,17.238
2022-02-20 07:00:00,13.416
2022-02-20 08:00:00,12.382
2022-02-20 09:00:00,15.721
2022-02-20 10:00:00,18.336
2022-02-20 11:00:00,18.949
2022-02-20 12:00:00,17.838
2022-02-20 13:00:00,16.0
2022-02-20 14:00:00,13.882
2022-02-20 15:00:00,11.889
2022-02-20 16:00:00,9.644
2022-02-20 17:00:00,6.429
2022-02-20 18:00:00,1.88
2022-02-20 19:00:00,0.173
2022-02-20 20:00:00,0.967
2022-02-20 21:00:00,5.676
2022-02-20 22:00:00,12.294
2022-02-20 23:00:00,17.009
2022-02-21 00:00:00,21.365
2022-02-21 01:00:00,24.316
2022-02-21 02:00:00,25.232
2022-02-21 03:00:00,26.493
2022-02-21 04:00:00,29.043
2022-02-21 05:00:00,29.885
2022-02-21 06:00:00,28.572
2022-02-21 07:00:00,21.489
2022-02-21 08:00:00,17.33
2022-02-21 09:00:00,15.899
2022-02-21 10:00:00,16.827
2022-02-21 11:00:00,18.352
2022-02-21 12:00:00,19.828
2022-02-21 13:00:00,21.489
2022-02-21 14:00:00,23.159
2022-02-21 15:00:00,23.035
2022-02-21 16:00:00,20.256
2022-02-21 17:00:00,19.755
2022-02-21 18:00:00,17.892
2022-02-21 19:00:00,13.65
2022-02-21 20:00:00,8.529
2022-02-21 21:00:00,3.99
2022-02-21 22:00:00,1.159
2022-02-21 23:00:00,0.129
2022-02-22 00:00:00,0.02
2022-02-22 01:00:00,0.007
2022-02-22 02:00:00,0.003
2022-02-22 03:00:00,0.011
2022-02-22 04:00:00,0.081
2022-02-22 05:00:00,0.126
2022-02-22 06:00:00,0.088
2022-02-22 07:00:00,0.44
2022-02-22 08:00:00,2.196
2022-02-22 09:00:00,6.334
2022-02-22 10:00:00,11.257
2022-02-22 11:00:00,14.588
2022-02-22 12:00:00,17.65
2022-02-22 13:00:00,20.4
2022-02-22 14:00:00,22.963
2022-02-22 15:00:00,24.53
2022-02-22 16:00:00,24.484
2022-02-22 17:00:00,24.056
2022-02-22 18:00:00,20.934
2022-02-22 19:00:00,18.531
2022-02-22 20:00:00,16.418
2022-02-22 21:00:00,15.411
2022-02-22 22:00:00,13.727
2022-02-22 23:00:00,9.948
2022-02-23 00:00:00,6.539
2022-02-23 01:00:00,4.615
2022-02-23 02:00:00,3.464
2022-02-23 03:00:00,2.175
2022-02-23 04:00:00,0.469
2022-02-23 05:00:00,0.11
2022-02-23 06:00:00,0.065
2022-02-23 07:00:00,0.02
2022-02-23 08:00:00,0.006
2022-02-23 09:00:00,0.007
2022-02-23 10:00:00,0.021
2022-02-23 11:00:00,0.159
2022-02-23 12:00:00,0.9450000000000001
2022-02-23 13:00:00,2.606
2022-02-23 14:00:00,4.453
2022-02-23 15:00:00,5.556
2022-02-23 16:00:00,4.104
2022-02-23 17:00:00,2.373
2022-02-23 18:00:00,1.223
2022-02-23 19:00:00,0.582
2022-02-23 20:00:00,0.488
2022-02-23 21:00:00,1.017
2022-02-23 22:00:00,2.546
2022-02-23 23:00:00,5.168
2022-02-24 00:00:00,8.439
2022-02-24 01:00:00,11.443
2022-02-24 02:00:00,13.22
2022-02-24 03:00:00,13.611
2022-02-24 04:00:00,13.361
2022-02-24 05:00:00,13.341
2022-02-24 06:00:00,14.279
2022-02-24 07:00:00,11.389
2022-02-24 08:00:00,6.773
2022-02-24 09:00:00,8.656
2022-02-24 10:00:00,12.114
2022-02-24 11:00:00,11.975
2022-02-24 12:00:00,11.615
2022-02-24 13:00:00,10.368
2022-02-24 14:00:00,8.104
2022-02-24 15:00:00,5.334
2022-02-24 16:00:00,3.528
2022-02-24 17:00:00,2.175
2022-02-24 18:00:00,2.063
2022-02-24 19:00:00,4.916
2022-02-24 20:00:00,12.46
2022-02-24 21:00:00,20.502
2022-02-24 22:00:00,23.733
2022-02-24 23:00:00,25.966
2022-02-25 00:00:00,26.534
2022-02-25 01:00:00,25.466
2022-02-25 02:00:00,23.489
2022-02-25 03:00:00,20.811
2022-02-25 04:00:00,17.577
2022-02-25 05:00:00,13.822
2022-02-25 06:00:00,12.59
2022-02-25 07:00:00,9.357
2022-02-25 08:00:00,5.196
2022-02-25 09:00:00,5.007
2022-02-25 10:00:00,8.167
2022-02-25 11:00:00,12.598
2022-02-25 12:00:00,17.357
2022-02-25 13:00:00,22.355
2022-02-25 14:00:00,25.649
2022-02-25 15:00:00,26.753
2022-02-25 16:00:00,30.553
2022-02-25 17:00:00,35.577
2022-02-25 18:00:00,37.19
2022-02-25 19:00:00,37.099
2022-02-25 20:00:00,37.017
2022-02-25 21:00:00,36.029
2022-02-25 22:00:00,33.954
2022-02-25 23:00:00,34.019
2022-02-26 00:00:00,34.846
2022-02-26 01:00:00,35.427
2022-02-26 02:00:00,35.609
2022-02-26 03:00:00,35.506
2022-02-26 04:00:00,35.426
2022-02-26 05:00:00,34.967
2022-02-26 06:00:00,34.513
2022-02-26 07:00:00,30.737
2022-02-26 08:00:00,25.255
2022-02-26 09:00:00,29.907
2022-02-26 10:00:00,32.074
2022-02-26 11:00:00,40.372
2022-02-26 12:00:00,45.1
2022-02-26 13:00:00,45.581
2022-02-26 14:00:00,45.55
2022-02-26 15:00:00,45.17
2022-02-26 16:00:00,41.726
2022-02-26 17:00:00,31.465
2022-02-26 18:00:00,23.382
2022-02-26 19:00:00,21.114
2022-02-26 20:00:00,19.448
2022-02-26 21:00:00,16.535
2022-02-26 22:00:00,13.151
2022-02-26 23:00:00,11.769
2022-02-27 00:00:00,12.034
2022-02-27 01:00:00,14.486
2022-02-27 02:00:00,18.082
2022-02-27 03:00:00,20.472
2022-02-27 04:00:00,22.095
2022-02-27 05:00:00,23.058
2022-02-27 06:00:00,24.163
2022-02-27 07:00:00,19.824
2022-02-27 08:00:00,16.141
2022-02-27 09:00:00,30.065
2022-02-27 10:00:00,35.627
2022-02-27 11:00:00,35.411
2022-02-27 12:00:00,34.413
2022-02-27 13:00:00,32.421
2022-02-27 14:00:00,28.696
2022-02-27 15:00:00,21.66
2022-02-27 16:00:00,19.4
2022-02-27 17:00:00,24.141
2022-02-27 18:00:00,28.029
2022-02-27 19:00:00,29.697
2022-02-27 20:00:00,30.617
2022-02-27 21:00:00,30.037
2022-02-27 22:00:00,29.578
2022-02-27 23:00:00,28.638
2022-02-28 00:00:00,27.672
2022-02-28 01:00:00,25.254
2022-02-28 02:00:00,24.189
2022-02-28 03:00:00,22.698
2022-02-28 04:00:00,21.284
2022-02-28 05:00:00,19.392
2022-02-28 06:00:00,17.717
2022-02-28 07:00:00,16.514
2022-02-28 08:00:00,14.877
2022-02-28 09:00:00,16.098
2022-02-28 10:00:00,21.714
2022-02-28 11:00:00,25.592
2022-02-28 12:00:00,27.733
2022-02-28 13:00:00,29.126
2022-02-28 14:00:00,28.474
2022-02-28 15:00:00,24.359
2022-02-28 16:00:00,18.013
2022-02-28 17:00:00,16.253
2022-02-28 18:00:00,16.481
2022-02-28 19:00:00,17.59
2022-02-28 20:00:00,16.828
2022-02-28 21:00:00,14.1
2022-02-28 22:00:00,10.718
2022-02-28 23:00:00,7.858
2022-03-01 00:00:00,7.15
2022-03-01 01:00:00,12.535
2022-03-01 02:00:00,26.236
2022-03-01 03:00:00,39.356
2022-03-01 04:00:00,43.587
2022-03-01 05:00:00,43.96
2022-03-01 06:00:00,43.319
2022-03-01 07:00:00,42.798
2022-03-01 08:00:00,43.904
2022-03-01 09:00:00,42.778
2022-03-01 10:00:00,40.933
2022-03-01 11:00:00,38.75
2022-03-01 12:00:00,36.545
2022-03-01 13:00:00,35.432
2022-03-01 14:00:00,34.491
2022-03-01 15:00:00,32.604
2022-03-01 16:00:00,27.614
2022-03-01 17:00:00,19.272
2022-03-01 18:00:00,10.762
2022-03-01 19:00:00,4.387
2022-03-01 20:00:00,1.92
2022-03-01 21:00:00,2.438
2022-03-01 22:00:00,6.061
2022-03-01 23:00:00,12.019
2022-03-02 00:00:00,17.358
2022-03-02 01:00:00,20.919
2022-03-02 02:00:00,22.504
2022-03-02 03:00:00,22.69
2022-03-02 04:00:00,22.641
2022-03-02 05:00:00,22.566
2022-03-02 06:00:00,21.919
2022-03-02 07:00:00,14.258
2022-03-02 08:00:00,9.902
2022-03-02 09:00:00,21.715
2022-03-02 10:00:00,22.528
2022-03-02 11:00:00,23.592
2022-03-02 12:00:00,26.225
2022-03-02 13:00:00,28.442
2022-03-02 14:00:00,27.91
2022-03-02 15:00:00,22.309
2022-03-02 16:00:00,14.196
2022-03-02 17:00:00,9.598
2022-03-02 18:00:00,5.953
2022-03-02 19:00:00,3.592
2022-03-02 20:00:00,2.652
2022-03-02 21:00:00,2.926
2022-03-02 22:00:00,3.686
2022-03-02 23:00:00,4.958
2022-03-03 00:00:00,9.224
2022-03-03 01:00:00,14.102
2022-03-03 02:00:00,19.279
2022-03-03 03:00:00,24.307
2022-03-03 04:00:00,25.559
2022-03-03 05:00:00,23.375
2022-03-03 06:00:00,19.944
2022-03-03 07:00:00,11.289
2022-03-03 08:00:00,8.14
2022-03-03 09:00:00,9.258
2022-03-03 10:00:00,8.148
2022-03-03 11:00:00,8.029
2022-03-03 12:00:00,7.804
2022-03-03 13:00:00,7.482
2022-03-03 14:00:00,6.81
2022-03-03 15:00:00,7.652
2022-03-03 16:00:00,16.552
2022-03-03 17:00:00,27.588
2022-03-03 18:00:00,29.886
2022-03-03 19:00:00,28.966
2022-03-03 20:00:00,27.533
2022-03-03 21:00:00,25.988
2022-03-03 22:00:00,23.919
2022-03-03 23:00:00,23.036
2022-03-04 00:00:00,22.518
2022-03-04 01:00:00,19.829
2022-03-04 02:00:00,17.357
2022-03-04 03:00:00,15.178
2022-03-04 04:00:00,14.878
2022-03-04 05:00:00,17.557
2022-03-04 06:00:00,21.977
2022-03-04 07:00:00,25.042
2022-03-04 08:00:00,23.447
2022-03-04 09:00:00,26.768
2022-03-04 10:00:00,34.615
2022-03-04 11:00:00,43.203
2022-03-04 12:00:00,45.909
2022-03-04 13:00:00,46.655
2022-03-04 14:00:00,46.968
2022-03-04 15:00:00,46.923
2022-03-04 16:00:00,46.486
2022-03-04 17:00:00,44.384
2022-03-04 18:00:00,41.263
2022-03-04 19:00:00,36.99
2022-03-04 20:00:00,34.328
2022-03-04 21:00:00,29.387
2022-03-04 22:00:00,23.362
2022-03-04 23:00:00,20.38
2022-03-05 00:00:00,19.945
2022-03-05 01:00:00,19.07
2022-03-05 02:00:00,18.494
2022-03-05 03:00:00,20.625
2022-03-05 04:00:00,22.785
2022-03-05 05:00:00,20.379
2022-03-05 06:00:00,17.239
2022-03-05 07:00:00,10.511
2022-03-05 08:00:00,26.358
2022-03-05 09:00:00,37.569
2022-03-05 10:00:00,41.454
2022-03-05 11:00:00,43.222
2022-03-05 12:00:00,43.77
2022-03-05 13:00:00,43.617
2022-03-05 14:00:00,42.893
2022-03-05 15:00:00,41.576
2022-03-05 16:00:00,38.565
2022-03-05 17:00:00,32.312
2022-03-05 18:00:00,24.35
2022-03-05 19:00:00,15.784
2022-03-05 20:00:00,9.064
2022-03-05 21:00:00,5.202
2022-03-05 22:00:00,3.158
2022-03-05 23:00:00,2.299
2022-03-06 00:00:00,2.14
2022-03-06 01:00:00,2.469
2022-03-06 02:00:00,2.653
2022-03-06 03:00:00,2.087
2022-03-06 04:00:00,1.123
2022-03-06 05:00:00,0.399
2022-03-06 06:00:00,0.092
2022-03-06 07:00:00,0.006
2022-03-06 08:00:00,0.0
2022-03-06 09:00:00,0.002
2022-03-06 10:00:00,0.007
2022-03-06 11:00:00,0.009000000000000001
2022-03-06 12:00:00,0.006
2022-03-06 13:00:00,0.004
2022-03-06 14:00:00,0.001
2022-03-06 15:00:00,0.042
2022-03-06 16:00:00,2.002
2022-03-06 17:00:00,10.465
2022-03-06 18:00:00,16.038
2022-03-06 19:00:00,15.499
2022-03-06 20:00:00,17.068
2022-03-06 21:00:00,18.444
2022-03-06 22:00:00,18.563
2022-03-06 23:00:00,18.191
2022-03-07 00:00:00,17.334
2022-03-07 01:00:00,16.667
2022-03-07 02:00:00,17.093
2022-03-07 03:00:00,19.132
2022-03-07 04:00:00,22.197
2022-03-07 05:00:00,23.656
2022-03-07 06:00:00,23.396
2022-03-07 07:00:00,18.225
2022-03-07 08:00:00,20.256
2022-03-07 09:00:00,21.474
2022-03-07 10:00:00,18.391
2022-03-07 11:00:00,14.891
2022-03-07 12:00:00,12.544
2022-03-07 13:00:00,11.443
2022-03-07 14:00:00,9.854
2022-03-07 15:00:00,7.501
2022-03-07 16:00:00,5.519
2022-03-07 17:00:00,6.809
2022-03-07 18:00:00,9.948
2022-03-07 19:00:00,11.57
2022-03-07 20:00:00,12.295
2022-03-07 21:00:00,12.657
2022-03-07 22:00:00,11.66
2022-03-07 23:00:00,9.092
2022-03-08 00:00:00,5.883
2022-03-08 01:00:00,3.819
2022-03-08 02:00:00,3.089
2022-03-08 03:00:00,2.941
2022-03-08 04:00:00,2.667
2022-03-08 05:00:00,1.896
2022-03-08 06:00:00,1.139
2022-03-08 07:00:00,0.663
2022-03-08 08:00:00,0.148
2022-03-08 09:00:00,0.627
2022-03-08 10:00:00,1.728
2022-03-08 11:00:00,3.108
2022-03-08 12:00:00,3.413
2022-03-08 13:00:00,2.674
2022-03-08 14:00:00,1.496
2022-03-08 15:00:00,0.636
2022-03-08 16:00:00,0.686
2022-03-08 17:00:00,2.867
2022-03-08 18:00:00,4.74
2022-03-08 19:00:00,5.937
2022-03-08 20:00:00,6.936
2022-03-08 21:00:00,7.998
2022-03-08 22:00:00,8.154
2022-03-08 23:00:00,6.51
2022-03-09 00:00:00,4.213
2022-03-09 01:00:00,2.483
2022-03-09 02:00:00,0.984
2022-03-09 03:00:00,0.229
2022-03-09 04:00:00,0.083
2022-03-09 05:00:00,0.133
2022-03-09 06:00:00,0.719
2022-03-09 07:00:00,2.37
2022-03-09 08:00:00,1.98
2022-03-09 09:00:00,2.07
2022-03-09 10:00:00,3.696
2022-03-09 11:00:00,4.977
2022-03-09 12:00:00,6.872
2022-03-09 13:00:00,7.503
2022-03-09 14:00:00,7.855
2022-03-09 15:00:00,13.025
2022-03-09 16:00:00,16.141
2022-03-09 17:00:00,16.239
2022-03-09 18:00:00,15.785
2022-03-09 19:00:00,14.761
2022-03-09 20:00:00,15.898
2022-03-09 21:00:00,17.017
2022-03-09 22:00:00,17.476
2022-03-09 23:00:00,16.024
2022-03-10 00:00:00,16.127
2022-03-10 01:00:00,17.874
2022-03-10 02:00:00,19.278
2022-03-10 03:00:00,20.249
2022-03-10 04:00:00,21.109
2022-03-10 05:00:00,21.242
2022-03-10 06:00:00,20.502
2022-03-10 07:00:00,20.933
2022-03-10 08:00:00,18.408
2022-03-10 09:00:00,21.242
2022-03-10 10:00:00,23.902
2022-03-10 11:00:00,22.788
2022-03-10 12:00:00,23.375
2022-03-10 13:00:00,24.613
2022-03-10 14:00:00,25.866
2022-03-10 15:00:00,23.162
2022-03-10 16:00:00,16.419
2022-03-10 17:00:00,13.096
2022-03-10 18:00:00,14.128
2022-03-10 19:00:00,11.385
2022-03-10 20:00:00,8.01
2022-03-10 21:00:00,5.666
2022-03-10 22:00:00,3.529
2022-03-10 23:00:00,1.977
2022-03-11 00:00:00,0.934
2022-03-11 01:00:00,0.449
2022-03-11 02:00:00,0.553
2022-03-11 03:00:00,1.787
2022-03-11 04:00:00,4.721
2022-03-11 05:00:00,7.116
2022-03-11 06:00:00,8.657
2022-03-11 07:00:00,10.123
2022-03-11 08:00:00,13.986
2022-03-11 09:00:00,17.606
2022-03-11 10:00:00,19.515
2022-03-11 11:00:00,19.937
2022-03-11 12:00:00,19.8
2022-03-11 13:00:00,19.844
2022-03-11 14:00:00,20.997
2022-03-11 15:00:00,21.201
2022-03-11 16:00:00,18.561
2022-03-11 17:00:00,11.89
2022-03-11 18:00:00,8.742
2022-03-11 19:00:00,7.849
2022-03-11 20:00:00,6.129
2022-03-11 21:00:00,4.985
2022-03-11 22:00:00,4.026
2022-03-11 23:00:00,3.803
2022-03-12 00:00:00,4.046
2022-03-12 01:00:00,3.937
2022-03-12 02:00:00,4.179
2022-03-12 03:00:00,4.628
2022-03-12 04:00:00,4.501
2022-03-12 05:00:00,6.819
2022-03-12 06:00:00,8.611
2022-03-12 07:00:00,5.533
2022-03-12 08:00:00,7.304
2022-03-12 09:00:00,14.102
2022-03-12 10:00:00,17.893
2022-03-12 11:00:00,17.875
2022-03-12 12:00:00,15.586
2022-03-12 13:00:00,11.31
2022-03-12 14:00:00,6.666
2022-03-12 15:00:00,2.828
2022-03-12 16:00:00,0.449
2022-03-12 17:00:00,0.24
2022-03-12 18:00:00,0.546
2022-03-12 19:00:00,0.49
2022-03-12 20:00:00,0.163
2022-03-12 21:00:00,0.021
2022-03-12 22:00:00,0.009000000000000001
2022-03-12 23:00:00,0.03
2022-03-13 00:00:00,0.416
2022-03-13 01:00:00,2.823
2022-03-13 02:00:00,6.3
2022-03-13 03:00:00,9.215
2022-03-13 04:00:00,9.764
2022-03-13 05:00:00,8.742
2022-03-13 06:00:00,9.16
2022-03-13 07:00:00,8.127
2022-03-13 08:00:00,7.986
2022-03-13 09:00:00,8.068
2022-03-13 10:00:00,6.709
2022-03-13 11:00:00,5.782
2022-03-13 12:00:00,4.97
2022-03-13 13:00:00,3.91
2022-03-13 14:00:00,3.444
2022-03-13 15:00:00,3.589
2022-03-13 16:00:00,3.089
2022-03-13 17:00:00,3.23
2022-03-13 18:00:00,2.855
2022-03-13 19:00:00,2.282
2022-03-13 20:00:00,2.245
2022-03-13 21:00:00,2.497
2022-03-13 22:00:00,2.943
2022-03-13 23:00:00,4.297
2022-03-14 00:00:00,5.443
2022-03-14 01:00:00,4.958
2022-03-14 02:00:00,4.454
2022-03-14 03:00:00,3.422
2022-03-14 04:00:00,3.931
2022-03-14 05:00:00,6.658
2022-03-14 06:00:00,12.463
2022-03-14 07:00:00,20.626
2022-03-14 08:00:00,27.763
2022-03-14 09:00:00,40.759
2022-03-14 10:00:00,43.133
2022-03-14 11:00:00,42.15
2022-03-14 12:00:00,39.912
2022-03-14 13:00:00,37.507
2022-03-14 14:00:00,36.939
2022-03-14 15:00:00,37.773
2022-03-14 16:00:00,35.29
2022-03-14 17:00:00,23.49
2022-03-14 18:00:00,15.153
2022-03-14 19:00:00,12.424
2022-03-14 20:00:00,15.784
2022-03-14 21:00:00,18.735
2022-03-14 22:00:00,16.75
2022-03-14 23:00:00,13.262
2022-03-15 00:00:00,8.622
2022-03-15 01:00:00,5.737
2022-03-15 02:00:00,5.543
2022-03-15 03:00:00,7.705
2022-03-15 04:00:00,11.137
2022-03-15 05:00:00,12.905
2022-03-15 06:00:00,15.271
2022-03-15 07:00:00,18.888
2022-03-15 08:00:00,29.16
2022-03-15 09:00:00,35.838
2022-03-15 10:00:00,39.913
2022-03-15 11:00:00,42.096
2022-03-15 12:00:00,43.064
2022-03-15 13:00:00,43.045
2022-03-15 14:00:00,42.146
2022-03-15 15:00:00,38.413
2022-03-15 16:00:00,29.636
2022-03-15 17:00:00,25.674
2022-03-15 18:00:00,24.186
2022-03-15 19:00:00,17.899
2022-03-15 20:00:00,12.456
2022-03-15 21:00:00,9.69
2022-03-15 22:00:00,6.541
2022-03-15 23:00:00,4.144
2022-03-16 00:00:00,1.516
2022-03-16 01:00:00,0.032
2022-03-16 02:00:00,0.0
2022-03-16 03:00:00,0.367
2022-03-16 04:00:00,2.374
2022-03-16 05:00:00,4.688
2022-03-16 06:00:00,6.218
2022-03-16 07:00:00,10.675
2022-03-16 08:00:00,22.355
2022-03-16 09:00:00,31.319
2022-03-16 10:00:00,35.196
2022-03-16 11:00:00,36.544
2022-03-16 12:00:00,38.984
2022-03-16 13:00:00,42.74
2022-03-16 14:00:00,44.337
2022-03-16 15:00:00,44.639
2022-03-16 16:00:00,43.615
2022-03-16 17:00:00,41.759
2022-03-16 18:00:00,40.5
2022-03-16 19:00:00,40.191
2022-03-16 20:00:00,41.202
2022-03-16 21:00:00,42.682
2022-03-16 22:00:00,43.729
2022-03-16 23:00:00,44.12
2022-03-17 00:00:00,45.0
2022-03-17 01:00:00,45.746
2022-03-17 02:00:00,46.418
2022-03-17 03:00:00,46.822
2022-03-17 04:00:00,46.895
2022-03-17 05:00:00,46.099
2022-03-17 06:00:00,44.6
2022-03-17 07:00:00,44.22
2022-03-17 08:00:00,42.336
2022-03-17 09:00:00,36.678
2022-03-17 10:00:00,28.682
2022-03-17 11:00:00,25.831
2022-03-17 12:00:00,28.105
2022-03-17 13:00:00,27.347
2022-03-17 14:00:00,26.123
2022-03-17 15:00:00,28.448
2022-03-17 16:00:00,30.604
2022-03-17 17:00:00,25.305
2022-03-17 18:00:00,22.659
2022-03-17 19:00:00,22.56
2022-03-17 20:00:00,23.285
2022-03-17 21:00:00,26.212
2022-03-17 22:00:00,29.685
2022-03-17 23:00:00,29.113
2022-03-18 00:00:00,25.866
2022-03-18 01:00:00,21.13
2022-03-18 02:00:00,20.257
2022-03-18 03:00:00,22.594
2022-03-18 04:00:00,23.752
2022-03-18 05:00:00,24.93
2022-03-18 06:00:00,21.589
2022-03-18 07:00:00,15.626
2022-03-18 08:00:00,15.266
2022-03-18 09:00:00,13.413
2022-03-18 10:00:00,9.512
2022-03-18 11:00:00,6.309
2022-03-18 12:00:00,3.724
2022-03-18 13:00:00,1.09
2022-03-18 14:00:00,0.153
2022-03-18 15:00:00,0.094
2022-03-18 16:00:00,0.019
2022-03-18 17:00:00,0.131
2022-03-18 18:00:00,0.319
2022-03-18 19:00:00,0.101
2022-03-18 20:00:00,0.122
2022-03-18 21:00:00,0.706
2022-03-18 22:00:00,2.804
2022-03-18 23:00:00,8.626
2022-03-19 00:00:00,19.857
2022-03-19 01:00:00,29.979
2022-03-19 02:00:00,39.297
2022-03-19 03:00:00,45.039
2022-03-19 04:00:00,46.567
2022-03-19 05:00:00,46.349
2022-03-19 06:00:00,46.19
2022-03-19 07:00:00,46.881
2022-03-19 08:00:00,46.785
2022-03-19 09:00:00,45.892
2022-03-19 10:00:00,44.447
2022-03-19 11:00:00,43.188
2022-03-19 12:00:00,42.459
2022-03-19 13:00:00,42.281
2022-03-19 14:00:00,42.189
2022-03-19 15:00:00,41.794
2022-03-19 16:00:00,41.02
2022-03-19 17:00:00,37.746
2022-03-19 18:00:00,33.578
2022-03-19 19:00:00,30.505
2022-03-19 20:00:00,25.454
2022-03-19 21:00:00,20.728
2022-03-19 22:00:00,18.087
2022-03-19 23:00:00,16.375
2022-03-20 00:00:00,17.239
2022-03-20 01:00:00,17.019
2022-03-20 02:00:00,16.513
2022-03-20 03:00:00,15.741
2022-03-20 04:00:00,14.8
2022-03-20 05:00:00,13.503
2022-03-20 06:00:00,11.22
2022-03-20 07:00:00,6.893
2022-03-20 08:00:00,5.224
2022-03-20 09:00:00,4.249
2022-03-20 10:00:00,3.641
2022-03-20 11:00:00,1.128
2022-03-20 12:00:00,0.151
2022-03-20 13:00:00,0.0
2022-03-20 14:00:00,0.0
2022-03-20 15:00:00,0.053
2022-03-20 16:00:00,1.358
2022-03-20 17:00:00,5.021
2022-03-20 18:00:00,6.224
2022-03-20 19:00:00,5.206
2022-03-20 20:00:00,5.552
2022-03-20 21:00:00,4.99
2022-03-20 22:00:00,4.312
2022-03-20 23:00:00,3.181
2022-03-21 00:00:00,2.169
2022-03-21 01:00:00,1.604
2022-03-21 02:00:00,1.249
2022-03-21 03:00:00,1.112
2022-03-21 04:00:00,1.03
2022-03-21 05:00:00,0.446
2022-03-21 06:00:00,0.186
2022-03-21 07:00:00,0.476
2022-03-21 08:00:00,1.833
2022-03-21 09:00:00,1.296
2022-03-21 10:00:00,0.544
2022-03-21 11:00:00,0.766
2022-03-21 12:00:00,0.785
2022-03-21 13:00:00,0.746
2022-03-21 14:00:00,0.498
2022-03-21 15:00:00,0.333
2022-03-21 16:00:00,0.489
2022-03-21 17:00:00,1.059
2022-03-21 18:00:00,2.818
2022-03-21 19:00:00,3.889
2022-03-21 20:00:00,3.186
2022-03-21 21:00:00,2.718
2022-03-21 22:00:00,3.168
2022-03-21 23:00:00,5.35
2022-03-22 00:00:00,9.627
2022-03-22 01:00:00,11.22
2022-03-22 02:00:00,8.907
2022-03-22 03:00:00,8.184
2022-03-22 04:00:00,7.774
2022-03-22 05:00:00,7.736
2022-03-22 06:00:00,9.875
2022-03-22 07:00:00,6.962
2022-03-22 08:00:00,10.062
2022-03-22 09:00:00,9.217
2022-03-22 10:00:00,6.66
2022-03-22 11:00:00,4.922
2022-03-22 12:00:00,2.676
2022-03-22 13:00:00,0.995
2022-03-22 14:00:00,1.011
2022-03-22 15:00:00,1.978
2022-03-22 16:00:00,3.548
2022-03-22 17:00:00,6.404
2022-03-22 18:00:00,6.583
2022-03-22 19:00:00,5.076
2022-03-22 20:00:00,7.502
2022-03-22 21:00:00,12.359
2022-03-22 22:00:00,15.382
2022-03-22 23:00:00,15.044
2022-03-23 00:00:00,13.081
2022-03-23 01:00:00,11.246
2022-03-23 02:00:00,9.922
2022-03-23 03:00:00,9.047
2022-03-23 04:00:00,9.541
2022-03-23 05:00:00,11.444
2022-03-23 06:00:00,12.479
2022-03-23 07:00:00,11.137
2022-03-23 08:00:00,13.178
2022-03-23 09:00:00,17.773
2022-03-23 10:00:00,22.663
2022-03-23 11:00:00,27.086
2022-03-23 12:00:00,28.029
2022-03-23 13:00:00,26.62
2022-03-23 14:00:00,26.109
2022-03-23 15:00:00,24.457
2022-03-23 16:00:00,21.662
2022-03-23 17:00:00,21.552
2022-03-23 18:00:00,24.732
2022-03-23 19:00:00,29.082
2022-03-23 20:00:00,33.616
2022-03-23 21:00:00,35.472
2022-03-23 22:00:00,35.657
2022-03-23 23:00:00,33.209
2022-03-24 00:00:00,27.704
2022-03-24 01:00:00,23.518
2022-03-24 02:00:00,20.625
2022-03-24 03:00:00,17.892
2022-03-24 04:00:00,14.655
2022-03-24 05:00:00,13.992
2022-03-24 06:00:00,11.075
2022-03-24 07:00:00,7.446
2022-03-24 08:00:00,5.853
2022-03-24 09:00:00,7.15
2022-03-24 10:00:00,11.835
2022-03-24 11:00:00,21.798
2022-03-24 12:00:00,32.096
2022-03-24 13:00:00,38.818
2022-03-24 14:00:00,41.729
2022-03-24 15:00:00,43.554
2022-03-24 16:00:00,42.961
2022-03-24 17:00:00,38.831
2022-03-24 18:00:00,34.089
2022-03-24 19:00:00,32.136
2022-03-24 20:00:00,33.201
2022-03-24 21:00:00,34.333
2022-03-24 22:00:00,34.239
2022-03-24 23:00:00,33.186
2022-03-25 00:00:00,34.378
2022-03-25 01:00:00,31.981
2022-03-25 02:00:00,29.595
2022-03-25 03:00:00,26.883
2022-03-25 04:00:00,20.256
2022-03-25 05:00:00,15.5
2022-03-25 06:00:00,15.865
2022-03-25 07:00:00,11.582
2022-03-25 08:00:00,4.155
2022-03-25 09:00:00,2.836
2022-03-25 10:00:00,5.375
2022-03-25 11:00:00,8.36
2022-03-25 12:00:00,11.883
2022-03-25 13:00:00,14.183
2022-03-25 14:00:00,17.239
2022-03-25 15:00:00,13.131
2022-03-25 16:00:00,6.826000000000001
2022-03-25 17:00:00,6.209
2022-03-25 18:00:00,6.26
2022-03-25 19:00:00,14.587
2022-03-25 20:00:00,25.923
2022-03-25 21:00:00,37.854
2022-03-25 22:00:00,43.112
2022-03-25 23:00:00,44.513
2022-03-26 00:00:00,45.994
2022-03-26 01:00:00,46.985
2022-03-26 02:00:00,47.153
2022-03-26 03:00:00,46.97
2022-03-26 04:00:00,46.743
2022-03-26 05:00:00,46.67
2022-03-26 06:00:00,46.227
2022-03-26 07:00:00,45.925
2022-03-26 08:00:00,46.719
2022-03-26 09:00:00,46.948
2022-03-26 10:00:00,46.923
2022-03-26 11:00:00,46.461
2022-03-26 12:00:00,44.32
2022-03-26 13:00:00,38.711
2022-03-26 14:00:00,29.846
2022-03-26 15:00:00,21.265
2022-03-26 16:00:00,10.868
2022-03-26 17:00:00,3.535
2022-03-26 18:00:00,0.654
2022-03-26 19:00:00,2.471
2022-03-26 20:00:00,12.319
2022-03-26 21:00:00,26.667
2022-03-26 22:00:00,36.06
2022-03-26 23:00:00,39.779
2022-03-27 00:00:00,38.82
2022-03-27 01:00:00,37.34
2022-03-27 02:00:00,36.842
2022-03-27 03:00:00,35.25
2022-03-27 04:00:00,40.787
2022-03-27 05:00:00,44.985
2022-03-27 06:00:00,44.383
2022-03-27 07:00:00,43.509
2022-03-27 08:00:00,43.738
2022-03-27 09:00:00,43.897
2022-03-27 10:00:00,43.128
2022-03-27 11:00:00,40.204
2022-03-27 12:00:00,35.049
2022-03-27 13:00:00,29.659
2022-03-27 14:00:00,25.312
2022-03-27 15:00:00,21.296
2022-03-27 16:00:00,15.743
2022-03-27 17:00:00,11.04
2022-03-27 18:00:00,9.754
2022-03-27 19:00:00,9.133
2022-03-27 20:00:00,9.315
2022-03-27 21:00:00,9.445
2022-03-27 22:00:00,8.932
2022-03-27 23:00:00,7.261
2022-03-28 00:00:00,5.034
2022-03-28 01:00:00,3.59
2022-03-28 02:00:00,2.979
2022-03-28 03:00:00,2.993
2022-03-28 04:00:00,3.537
2022-03-28 05:00:00,3.845
2022-03-28 06:00:00,4.341
2022-03-28 07:00:00,2.556
2022-03-28 08:00:00,3.454
2022-03-28 09:00:00,6.055
2022-03-28 10:00:00,8.014
2022-03-28 11:00:00,11.834
2022-03-28 12:00:00,16.143
2022-03-28 13:00:00,20.12
2022-03-28 14:00:00,22.788
2022-03-28 15:00:00,24.029
2022-03-28 16:00:00,24.333
2022-03-28 17:00:00,23.337
2022-03-28 18:00:00,23.722
2022-03-28 19:00:00,22.403
2022-03-28 20:00:00,22.181
2022-03-28 21:00:00,23.036
2022-03-28 22:00:00,23.7
2022-03-28 23:00:00,24.054
2022-03-29 00:00:00,24.368
2022-03-29 01:00:00,24.251
2022-03-29 02:00:00,24.491
2022-03-29 03:00:00,26.058
2022-03-29 04:00:00,28.622
2022-03-29 05:00:00,31.848
2022-03-29 06:00:00,31.281
2022-03-29 07:00:00,30.743
2022-03-29 08:00:00,36.931
2022-03-29 09:00:00,36.929
2022-03-29 10:00:00,36.415
2022-03-29 11:00:00,35.894
2022-03-29 12:00:00,35.102
2022-03-29 13:00:00,33.002
2022-03-29 14:00:00,28.795
2022-03-29 15:00:00,26.109
2022-03-29 16:00:00,25.388
2022-03-29 17:00:00,23.574
2022-03-29 18:00:00,22.789
2022-03-29 19:00:00,23.345
2022-03-29 20:00:00,22.855
2022-03-29 21:00:00,20.004
2022-03-29 22:00:00,16.693
2022-03-29 23:00:00,16.943
2022-03-30 00:00:00,13.503
2022-03-30 01:00:00,9.856
2022-03-30 02:00:00,6.197
2022-03-30 03:00:00,3.264
2022-03-30 04:00:00,1.346
2022-03-30 05:00:00,0.48
2022-03-30 06:00:00,0.809
2022-03-30 07:00:00,2.281
2022-03-30 08:00:00,6.73
2022-03-30 09:00:00,13.72
2022-03-30 10:00:00,22.502
2022-03-30 11:00:00,28.878
2022-03-30 12:00:00,29.885
2022-03-30 13:00:00,29.537
2022-03-30 14:00:00,29.697
2022-03-30 15:00:00,30.133
2022-03-30 16:00:00,28.042
2022-03-30 17:00:00,24.319
2022-03-30 18:00:00,19.19
2022-03-30 19:00:00,18.402
2022-03-30 20:00:00,20.503
2022-03-30 21:00:00,24.587
2022-03-30 22:00:00,27.911
2022-03-30 23:00:00,30.634
2022-03-31 00:00:00,32.292
2022-03-31 01:00:00,33.45
2022-03-31 02:00:00,34.609
2022-03-31 03:00:00,34.118
2022-03-31 04:00:00,33.442
2022-03-31 05:00:00,31.66
2022-03-31 06:00:00,27.236
2022-03-31 07:00:00,22.678
2022-03-31 08:00:00,30.617
2022-03-31 09:00:00,30.617
2022-03-31 10:00:00,30.281
2022-03-31 11:00:00,33.905
2022-03-31 12:00:00,34.93
2022-03-31 13:00:00,36.629
2022-03-31 14:00:00,38.15
2022-03-31 15:00:00,38.564
2022-03-31 16:00:00,36.741
2022-03-31 17:00:00,29.499
2022-03-31 18:00:00,29.885
2022-03-31 19:00:00,31.993
2022-03-31 20:00:00,32.118
2022-03-31 21:00:00,32.154
2022-03-31 22:00:00,32.08
2022-03-31 23:00:00,32.498
2022-04-01 00:00:00,33.711
2022-04-01 01:00:00,33.247
2022-04-01 02:00:00,32.391
2022-04-01 03:00:00,32.827
2022-04-01 04:00:00,31.984
2022-04-01 05:00:00,29.734
2022-04-01 06:00:00,24.382
2022-04-01 07:00:00,17.566
2022-04-01 08:00:00,21.084
2022-04-01 09:00:00,15.58
2022-04-01 10:00:00,13.025
2022-04-01 11:00:00,12.761
2022-04-01 12:00:00,13.33
2022-04-01 13:00:00,12.779
2022-04-01 14:00:00,11.483
2022-04-01 15:00:00,9.355
2022-04-01 16:00:00,6.313
2022-04-01 17:00:00,5.025
2022-04-01 18:00:00,4.254
2022-04-01 19:00:00,2.114
2022-04-01 20:00:00,0.351
2022-04-01 21:00:00,0.003
2022-04-01 22:00:00,0.031
2022-04-01 23:00:00,1.067
2022-04-02 00:00:00,2.551
2022-04-02 01:00:00,3.147
2022-04-02 02:00:00,2.647
2022-04-02 03:00:00,1.825
2022-04-02 04:00:00,0.915
2022-04-02 05:00:00,0.167
2022-04-02 06:00:00,0.018
2022-04-02 07:00:00,0.004
2022-04-02 08:00:00,0.0
2022-04-02 09:00:00,0.0
2022-04-02 10:00:00,0.0
2022-04-02 11:00:00,0.0
2022-04-02 12:00:00,0.0
2022-04-02 13:00:00,0.001
2022-04-02 14:00:00,0.021
2022-04-02 15:00:00,0.114
2022-04-02 16:00:00,0.352
2022-04-02 17:00:00,0.9480000000000001
2022-04-02 18:00:00,0.705
2022-04-02 19:00:00,0.213
2022-04-02 20:00:00,0.024
2022-04-02 21:00:00,0.005
2022-04-02 22:00:00,0.01
2022-04-02 23:00:00,0.02
2022-04-03 00:00:00,0.068
2022-04-03 01:00:00,0.245
2022-04-03 02:00:00,0.71
2022-04-03 03:00:00,1.499
2022-04-03 04:00:00,2.367
2022-04-03 05:00:00,3.263
2022-04-03 06:00:00,3.689
2022-04-03 07:00:00,1.483
2022-04-03 08:00:00,0.775
2022-04-03 09:00:00,0.858
2022-04-03 10:00:00,0.706
2022-04-03 11:00:00,0.871
2022-04-03 12:00:00,1.449
2022-04-03 13:00:00,2.715
2022-04-03 14:00:00,4.636
2022-04-03 15:00:00,6.744
2022-04-03 16:00:00,9.455
2022-04-03 17:00:00,14.089
2022-04-03 18:00:00,20.044
2022-04-03 19:00:00,23.758
2022-04-03 20:00:00,25.512
2022-04-03 21:00:00,26.234
2022-04-03 22:00:00,26.534
2022-04-03 23:00:00,27.304
2022-04-04 00:00:00,27.732
2022-04-04 01:00:00,28.441
2022-04-04 02:00:00,29.898
2022-04-04 03:00:00,29.087
2022-04-04 04:00:00,28.246
2022-04-04 05:00:00,25.794
2022-04-04 06:00:00,17.475
2022-04-04 07:00:00,11.801
2022-04-04 08:00:00,16.26
2022-04-04 09:00:00,21.782
2022-04-04 10:00:00,23.956
2022-04-04 11:00:00,28.085
2022-04-04 12:00:00,31.172
2022-04-04 13:00:00,32.865
2022-04-04 14:00:00,33.188
2022-04-04 15:00:00,33.681
2022-04-04 16:00:00,34.126
2022-04-04 17:00:00,31.867
2022-04-04 18:00:00,31.442
2022-04-04 19:00:00,31.544
2022-04-04 20:00:00,31.28
2022-04-04 21:00:00,31.513
2022-04-04 22:00:00,31.478
2022-04-04 23:00:00,32.346
2022-04-05 00:00:00,33.154
2022-04-05 01:00:00,33.086
2022-04-05 02:00:00,33.442
2022-04-05 03:00:00,33.937
2022-04-05 04:00:00,34.09
2022-04-05 05:00:00,33.628
2022-04-05 06:00:00,30.618
2022-04-05 07:00:00,28.582
2022-04-05 08:00:00,35.428
2022-04-05 09:00:00,35.839
2022-04-05 10:00:00,33.207
2022-04-05 11:00:00,25.323
2022-04-05 12:00:00,14.945
2022-04-05 13:00:00,8.213
2022-04-05 14:00:00,4.699
2022-04-05 15:00:00,1.961
2022-04-05 16:00:00,0.389
2022-04-05 17:00:00,1.266
2022-04-05 18:00:00,2.127
2022-04-05 19:00:00,3.754
2022-04-05 20:00:00,7.801
2022-04-05 21:00:00,15.041
2022-04-05 22:00:00,25.408
2022-04-05 23:00:00,29.762
2022-04-06 00:00:00,32.617
2022-04-06 01:00:00,34.539
2022-04-06 02:00:00,34.567
2022-04-06 03:00:00,35.428
2022-04-06 04:00:00,35.562
2022-04-06 05:00:00,34.329
2022-04-06 06:00:00,29.998
2022-04-06 07:00:00,36.921
2022-04-06 08:00:00,39.171
2022-04-06 09:00:00,35.001
2022-04-06 10:00:00,27.949
2022-04-06 11:00:00,23.71
2022-04-06 12:00:00,21.488
2022-04-06 13:00:00,18.584
2022-04-06 14:00:00,16.035
2022-04-06 15:00:00,13.721
2022-04-06 16:00:00,11.706
2022-04-06 17:00:00,9.763
2022-04-06 18:00:00,9.644
2022-04-06 19:00:00,9.62
2022-04-06 20:00:00,8.656
2022-04-06 21:00:00,6.517
2022-04-06 22:00:00,4.902
2022-04-06 23:00:00,3.046
2022-04-07 00:00:00,0.8300000000000001
2022-04-07 01:00:00,0.117
2022-04-07 02:00:00,0.155
2022-04-07 03:00:00,0.592
2022-04-07 04:00:00,1.356
2022-04-07 05:00:00,2.701
2022-04-07 06:00:00,4.094
2022-04-07 07:00:00,2.657
2022-04-07 08:00:00,3.687
2022-04-07 09:00:00,3.829
2022-04-07 10:00:00,3.224
2022-04-07 11:00:00,3.961
2022-04-07 12:00:00,6.238
2022-04-07 13:00:00,7.649
2022-04-07 14:00:00,7.715
2022-04-07 15:00:00,6.354
2022-04-07 16:00:00,3.538
2022-04-07 17:00:00,1.331
2022-04-07 18:00:00,0.315
2022-04-07 19:00:00,0.157
2022-04-07 20:00:00,1.299
2022-04-07 21:00:00,5.067
2022-04-07 22:00:00,10.556
2022-04-07 23:00:00,15.393
2022-04-08 00:00:00,18.143
2022-04-08 01:00:00,20.502
2022-04-08 02:00:00,22.493
2022-04-08 03:00:00,23.902
2022-04-08 04:00:00,23.469
2022-04-08 05:00:00,20.256
2022-04-08 06:00:00,17.972
2022-04-08 07:00:00,17.357
2022-04-08 08:00:00,21.516
2022-04-08 09:00:00,22.912
2022-04-08 10:00:00,27.91
2022-04-08 11:00:00,32.097
2022-04-08 12:00:00,32.416
2022-04-08 13:00:00,32.839
2022-04-08 14:00:00,33.188
2022-04-08 15:00:00,32.826
2022-04-08 16:00:00,30.405
2022-04-08 17:00:00,25.477
2022-04-08 18:00:00,22.609
2022-04-08 19:00:00,22.58
2022-04-08 20:00:00,24.857
2022-04-08 21:00:00,31.365
2022-04-08 22:00:00,34.215
2022-04-08 23:00:00,36.024
2022-04-09 00:00:00,36.329
2022-04-09 01:00:00,36.482
2022-04-09 02:00:00,36.558
2022-04-09 03:00:00,36.006
2022-04-09 04:00:00,34.09
2022-04-09 05:00:00,30.91
2022-04-09 06:00:00,21.619
2022-04-09 07:00:00,14.377
2022-04-09 08:00:00,11.834
2022-04-09 09:00:00,17.024
2022-04-09 10:00:00,21.076
2022-04-09 11:00:00,27.054
2022-04-09 12:00:00,31.877
2022-04-09 13:00:00,34.77
2022-04-09 14:00:00,37.099
2022-04-09 15:00:00,37.203
2022-04-09 16:00:00,38.019
2022-04-09 17:00:00,39.584
2022-04-09 18:00:00,39.914
2022-04-09 19:00:00,36.931
2022-04-09 20:00:00,35.798
2022-04-09 21:00:00,33.892
2022-04-09 22:00:00,33.246
2022-04-09 23:00:00,33.531
2022-04-10 00:00:00,34.238
2022-04-10 01:00:00,36.819
2022-04-10 02:00:00,37.591
2022-04-10 03:00:00,37.35
2022-04-10 04:00:00,37.579
2022-04-10 05:00:00,36.913
2022-04-10 06:00:00,32.771
2022-04-10 07:00:00,27.407
2022-04-10 08:00:00,26.413
2022-04-10 09:00:00,33.792
2022-04-10 10:00:00,34.992
2022-04-10 11:00:00,37.307
2022-04-10 12:00:00,38.028
2022-04-10 13:00:00,38.334
2022-04-10 14:00:00,38.014
2022-04-10 15:00:00,36.942
2022-04-10 16:00:00,35.187
2022-04-10 17:00:00,32.465
2022-04-10 18:00:00,28.589
2022-04-10 19:00:00,29.251
2022-04-10 20:00:00,30.393
2022-04-10 21:00:00,30.281
2022-04-10 22:00:00,29.764
2022-04-10 23:00:00,29.839
2022-04-11 00:00:00,29.677
2022-04-11 01:00:00,28.688
2022-04-11 02:00:00,27.614
2022-04-11 03:00:00,27.06
2022-04-11 04:00:00,26.894
2022-04-11 05:00:00,26.534
2022-04-11 06:00:00,24.643
2022-04-11 07:00:00,21.921
2022-04-11 08:00:00,21.798
2022-04-11 09:00:00,21.496
2022-04-11 10:00:00,22.563
2022-04-11 11:00:00,23.166
2022-04-11 12:00:00,22.424
2022-04-11 13:00:00,22.829
2022-04-11 14:00:00,24.506
2022-04-11 15:00:00,24.001
2022-04-11 16:00:00,22.797
2022-04-11 17:00:00,24.936
2022-04-11 18:00:00,29.817
2022-04-11 19:00:00,33.555
2022-04-11 20:00:00,36.546
2022-04-11 21:00:00,37.806
2022-04-11 22:00:00,34.811
2022-04-11 23:00:00,26.962
2022-04-12 00:00:00,15.897
2022-04-12 01:00:00,4.504
2022-04-12 02:00:00,2.236
2022-04-12 03:00:00,6.893
2022-04-12 04:00:00,15.078
2022-04-12 05:00:00,28.659
2022-04-12 06:00:00,37.591
2022-04-12 07:00:00,42.383
2022-04-12 08:00:00,43.78
2022-04-12 09:00:00,43.4
2022-04-12 10:00:00,41.855
2022-04-12 11:00:00,39.196
2022-04-12 12:00:00,37.95
2022-04-12 13:00:00,37.663
2022-04-12 14:00:00,36.508
2022-04-12 15:00:00,35.54
2022-04-12 16:00:00,34.985
2022-04-12 17:00:00,29.37
2022-04-12 18:00:00,25.642
2022-04-12 19:00:00,25.876
2022-04-12 20:00:00,28.828
2022-04-12 21:00:00,31.244
2022-04-12 22:00:00,32.389
2022-04-12 23:00:00,34.31
2022-04-13 00:00:00,36.657
2022-04-13 01:00:00,36.556
2022-04-13 02:00:00,35.928
2022-04-13 03:00:00,37.39
2022-04-13 04:00:00,39.177
2022-04-13 05:00:00,38.646
2022-04-13 06:00:00,36.328
2022-04-13 07:00:00,31.769
2022-04-13 08:00:00,37.304
2022-04-13 09:00:00,39.251
2022-04-13 10:00:00,37.627
2022-04-13 11:00:00,35.44
2022-04-13 12:00:00,32.291
2022-04-13 13:00:00,28.029
2022-04-13 14:00:00,25.731
2022-04-13 15:00:00,23.954
2022-04-13 16:00:00,20.747
2022-04-13 17:00:00,15.304
2022-04-13 18:00:00,12.873
2022-04-13 19:00:00,13.172
2022-04-13 20:00:00,13.563
2022-04-13 21:00:00,14.078
2022-04-13 22:00:00,14.586
2022-04-13 23:00:00,17.24
2022-04-14 00:00:00,21.489
2022-04-14 01:00:00,25.39
2022-04-14 02:00:00,26.629
2022-04-14 03:00:00,25.831
2022-04-14 04:00:00,24.192
2022-04-14 05:00:00,20.991
2022-04-14 06:00:00,13.883
2022-04-14 07:00:00,9.446
2022-04-14 08:00:00,14.447
2022-04-14 09:00:00,17.774
2022-04-14 10:00:00,20.083
2022-04-14 11:00:00,19.524
2022-04-14 12:00:00,19.098
2022-04-14 13:00:00,18.497
2022-04-14 14:00:00,19.705
2022-04-14 15:00:00,19.639
2022-04-14 16:00:00,18.013
2022-04-14 17:00:00,14.395
2022-04-14 18:00:00,12.628
2022-04-14 19:00:00,11.884
2022-04-14 20:00:00,13.503
2022-04-14 21:00:00,15.531
2022-04-14 22:00:00,18.011
2022-04-14 23:00:00,22.651
2022-04-15 00:00:00,29.572
2022-04-15 01:00:00,31.769
2022-04-15 02:00:00,30.808
2022-04-15 03:00:00,29.605
2022-04-15 04:00:00,30.393
2022-04-15 05:00:00,31.385
2022-04-15 06:00:00,25.616
2022-04-15 07:00:00,28.84
2022-04-15 08:00:00,33.718
2022-04-15 09:00:00,37.1
2022-04-15 10:00:00,38.148
2022-04-15 11:00:00,38.633
2022-04-15 12:00:00,39.163
2022-04-15 13:00:00,39.657
2022-04-15 14:00:00,39.446
2022-04-15 15:00:00,37.95
2022-04-15 16:00:00,33.992
2022-04-15 17:00:00,26.765
2022-04-15 18:00:00,22.175
2022-04-15 19:00:00,22.789
2022-04-15 20:00:00,22.912
2022-04-15 21:00:00,22.355
2022-04-15 22:00:00,22.603
2022-04-15 23:00:00,22.178
2022-04-16 00:00:00,22.453
2022-04-16 01:00:00,23.644
2022-04-16 02:00:00,24.006
2022-04-16 03:00:00,23.394
2022-04-16 04:00:00,21.848
2022-04-16 05:00:00,22.352
2022-04-16 06:00:00,20.379
2022-04-16 07:00:00,10.511
2022-04-16 08:00:00,15.928
2022-04-16 09:00:00,18.416
2022-04-16 10:00:00,18.551
2022-04-16 11:00:00,21.504
2022-04-16 12:00:00,26.109
2022-04-16 13:00:00,29.37
2022-04-16 14:00:00,31.036
2022-04-16 15:00:00,31.239
2022-04-16 16:00:00,28.333
2022-04-16 17:00:00,19.566
2022-04-16 18:00:00,11.583
2022-04-16 19:00:00,6.57
2022-04-16 20:00:00,4.802
2022-04-16 21:00:00,6.191
2022-04-16 22:00:00,9.665
2022-04-16 23:00:00,14.554
2022-04-17 00:00:00,19.471
2022-04-17 01:00:00,24.077
2022-04-17 02:00:00,27.006
2022-04-17 03:00:00,28.457
2022-04-17 04:00:00,29.612
2022-04-17 05:00:00,26.922
2022-04-17 06:00:00,18.191
2022-04-17 07:00:00,7.586
2022-04-17 08:00:00,6.596
2022-04-17 09:00:00,6.243
2022-04-17 10:00:00,1.406
2022-04-17 11:00:00,1.224
2022-04-17 12:00:00,2.394
2022-04-17 13:00:00,4.34
2022-04-17 14:00:00,6.224
2022-04-17 15:00:00,7.911
2022-04-17 16:00:00,8.965
2022-04-17 17:00:00,12.446
2022-04-17 18:00:00,17.641
2022-04-17 19:00:00,21.488
2022-04-17 20:00:00,24.589
2022-04-17 21:00:00,25.866
2022-04-17 22:00:00,25.255
2022-04-17 23:00:00,23.159
2022-04-18 00:00:00,21.489
2022-04-18 01:00:00,21.181
2022-04-18 02:00:00,20.502
2022-04-18 03:00:00,17.24
2022-04-18 04:00:00,15.193
2022-04-18 05:00:00,13.458
2022-04-18 06:00:00,9.722
2022-04-18 07:00:00,4.877
2022-04-18 08:00:00,3.244
2022-04-18 09:00:00,3.636
2022-04-18 10:00:00,2.784
2022-04-18 11:00:00,2.115
2022-04-18 12:00:00,1.642
2022-04-18 13:00:00,1.22
2022-04-18 14:00:00,0.9450000000000001
2022-04-18 15:00:00,0.655
2022-04-18 16:00:00,0.393
2022-04-18 17:00:00,0.534
2022-04-18 18:00:00,1.032
2022-04-18 19:00:00,1.448
2022-04-18 20:00:00,1.69
2022-04-18 21:00:00,2.169
2022-04-18 22:00:00,2.718
2022-04-18 23:00:00,2.832
2022-04-19 00:00:00,2.939
2022-04-19 01:00:00,3.711
2022-04-19 02:00:00,5.707
2022-04-19 03:00:00,9.045
2022-04-19 04:00:00,12.492
2022-04-19 05:00:00,14.175
2022-04-19 06:00:00,11.039
2022-04-19 07:00:00,4.377
2022-04-19 08:00:00,3.47
2022-04-19 09:00:00,2.305
2022-04-19 10:00:00,0.667
2022-04-19 11:00:00,0.356
2022-04-19 12:00:00,0.769
2022-04-19 13:00:00,1.881
2022-04-19 14:00:00,3.125
2022-04-19 15:00:00,3.916
2022-04-19 16:00:00,4.844
2022-04-19 17:00:00,7.408
2022-04-19 18:00:00,13.705
2022-04-19 19:00:00,22.734
2022-04-19 20:00:00,28.178
2022-04-19 21:00:00,31.087
2022-04-19 22:00:00,32.825
2022-04-19 23:00:00,33.59
2022-04-20 00:00:00,33.418
2022-04-20 01:00:00,32.723
2022-04-20 02:00:00,31.515
2022-04-20 03:00:00,29.611
2022-04-20 04:00:00,28.61
2022-04-20 05:00:00,26.71
2022-04-20 06:00:00,21.228
2022-04-20 07:00:00,14.459
2022-04-20 08:00:00,17.357
2022-04-20 09:00:00,24.613
2022-04-20 10:00:00,27.121
2022-04-20 11:00:00,33.418
2022-04-20 12:00:00,38.3
2022-04-20 13:00:00,39.777
2022-04-20 14:00:00,39.538
2022-04-20 15:00:00,39.917
2022-04-20 16:00:00,39.933
2022-04-20 17:00:00,35.103
2022-04-20 18:00:00,30.601
2022-04-20 19:00:00,30.769
2022-04-20 20:00:00,30.504
2022-04-20 21:00:00,29.665
2022-04-20 22:00:00,28.85
2022-04-20 23:00:00,31.163
2022-04-21 00:00:00,31.768
2022-04-21 01:00:00,30.506
2022-04-21 02:00:00,28.435
2022-04-21 03:00:00,27.494
2022-04-21 04:00:00,26.926
2022-04-21 05:00:00,25.706
2022-04-21 06:00:00,19.466
2022-04-21 07:00:00,15.351
2022-04-21 08:00:00,26.704
2022-04-21 09:00:00,36.446
2022-04-21 10:00:00,40.438
2022-04-21 11:00:00,43.396
2022-04-21 12:00:00,45.234
2022-04-21 13:00:00,46.143
2022-04-21 14:00:00,46.45
2022-04-21 15:00:00,46.454
2022-04-21 16:00:00,45.633
2022-04-21 17:00:00,42.559
2022-04-21 18:00:00,40.157
2022-04-21 19:00:00,37.26
2022-04-21 20:00:00,34.486
2022-04-21 21:00:00,32.294
2022-04-21 22:00:00,33.319
2022-04-21 23:00:00,35.017
2022-04-22 00:00:00,35.274
2022-04-22 01:00:00,31.05
2022-04-22 02:00:00,22.17
2022-04-22 03:00:00,6.255
2022-04-22 04:00:00,7.99
2022-04-22 05:00:00,14.488
2022-04-22 06:00:00,25.43
2022-04-22 07:00:00,32.826
2022-04-22 08:00:00,32.162
2022-04-22 09:00:00,28.044
2022-04-22 10:00:00,23.815
2022-04-22 11:00:00,20.487
2022-04-22 12:00:00,18.572
2022-04-22 13:00:00,18.855
2022-04-22 14:00:00,19.098
2022-04-22 15:00:00,18.467
2022-04-22 16:00:00,15.785
2022-04-22 17:00:00,10.598
2022-04-22 18:00:00,6.091
2022-04-22 19:00:00,4.357
2022-04-22 20:00:00,3.253
2022-04-22 21:00:00,1.679
2022-04-22 22:00:00,0.309
2022-04-22 23:00:00,0.157
2022-04-23 00:00:00,0.36
2022-04-23 01:00:00,0.852
2022-04-23 02:00:00,1.628
2022-04-23 03:00:00,2.019
2022-04-23 04:00:00,2.271
2022-04-23 05:00:00,2.264
2022-04-23 06:00:00,1.992
2022-04-23 07:00:00,2.327
2022-04-23 08:00:00,12.266
2022-04-23 09:00:00,18.842
2022-04-23 10:00:00,22.47
2022-04-23 11:00:00,23.469
2022-04-23 12:00:00,22.492
2022-04-23 13:00:00,21.798
2022-04-23 14:00:00,22.325
2022-04-23 15:00:00,23.953
2022-04-23 16:00:00,26.238
2022-04-23 17:00:00,26.413
2022-04-23 18:00:00,24.814
2022-04-23 19:00:00,23.974
2022-04-23 20:00:00,24.087
2022-04-23 21:00:00,24.456
2022-04-23 22:00:00,24.604
2022-04-23 23:00:00,25.631
2022-04-24 00:00:00,26.109
2022-04-24 01:00:00,26.571
2022-04-24 02:00:00,25.292
2022-04-24 03:00:00,23.593
2022-04-24 04:00:00,22.526
2022-04-24 05:00:00,20.502
2022-04-24 06:00:00,13.611
2022-04-24 07:00:00,7.291
2022-04-24 08:00:00,6.329
2022-04-24 09:00:00,8.064
2022-04-24 10:00:00,6.225
2022-04-24 11:00:00,5.714
2022-04-24 12:00:00,6.286
2022-04-24 13:00:00,7.193
2022-04-24 14:00:00,9.948
2022-04-24 15:00:00,13.834
2022-04-24 16:00:00,16.866
2022-04-24 17:00:00,17.292
2022-04-24 18:00:00,16.562
2022-04-24 19:00:00,18.03
2022-04-24 20:00:00,22.487
2022-04-24 21:00:00,24.718
2022-04-24 22:00:00,26.839
2022-04-24 23:00:00,26.713
2022-04-25 00:00:00,22.514
2022-04-25 01:00:00,19.426
2022-04-25 02:00:00,16.881
2022-04-25 03:00:00,15.898
2022-04-25 04:00:00,15.897
2022-04-25 05:00:00,15.865
2022-04-25 06:00:00,15.749
2022-04-25 07:00:00,17.062
2022-04-25 08:00:00,21.446
2022-04-25 09:00:00,24.457
2022-04-25 10:00:00,29.448
2022-04-25 11:00:00,33.051
2022-04-25 12:00:00,33.065
2022-04-25 13:00:00,30.668
2022-04-25 14:00:00,26.534
2022-04-25 15:00:00,22.62
2022-04-25 16:00:00,18.854
2022-04-25 17:00:00,14.164
2022-04-25 18:00:00,7.66
2022-04-25 19:00:00,5.706
2022-04-25 20:00:00,5.937
2022-04-25 21:00:00,5.336
2022-04-25 22:00:00,5.748
2022-04-25 23:00:00,3.83
2022-04-26 00:00:00,2.512
2022-04-26 01:00:00,2.244
2022-04-26 02:00:00,3.787
2022-04-26 03:00:00,3.024
2022-04-26 04:00:00,3.085
2022-04-26 05:00:00,2.437
2022-04-26 06:00:00,0.261
2022-04-26 07:00:00,0.006
2022-04-26 08:00:00,0.002
2022-04-26 09:00:00,0.299
2022-04-26 10:00:00,2.038
2022-04-26 11:00:00,4.941
2022-04-26 12:00:00,7.437
2022-04-26 13:00:00,10.833
2022-04-26 14:00:00,22.2
2022-04-26 15:00:00,36.115
2022-04-26 16:00:00,40.932
2022-04-26 17:00:00,37.862
2022-04-26 18:00:00,33.701
2022-04-26 19:00:00,30.901
2022-04-26 20:00:00,28.054
2022-04-26 21:00:00,30.393
2022-04-26 22:00:00,33.084
2022-04-26 23:00:00,34.899
2022-04-27 00:00:00,35.214
2022-04-27 01:00:00,33.763
2022-04-27 02:00:00,32.619
2022-04-27 03:00:00,33.923
2022-04-27 04:00:00,34.495
2022-04-27 05:00:00,33.268
2022-04-27 06:00:00,23.345
2022-04-27 07:00:00,27.2
2022-04-27 08:00:00,31.558
2022-04-27 09:00:00,24.498
2022-04-27 10:00:00,15.598
2022-04-27 11:00:00,12.451
2022-04-27 12:00:00,11.384
2022-04-27 13:00:00,9.856
2022-04-27 14:00:00,9.967
2022-04-27 15:00:00,11.508
2022-04-27 16:00:00,12.191
2022-04-27 17:00:00,10.632
2022-04-27 18:00:00,8.954
2022-04-27 19:00:00,7.299
2022-04-27 20:00:00,7.025
2022-04-27 21:00:00,9.856
2022-04-27 22:00:00,14.388
2022-04-27 23:00:00,19.706
2022-04-28 00:00:00,24.814
2022-04-28 01:00:00,25.651
2022-04-28 02:00:00,22.788
2022-04-28 03:00:00,18.733
2022-04-28 04:00:00,17.717
2022-04-28 05:00:00,14.687
2022-04-28 06:00:00,7.768
2022-04-28 07:00:00,6.678
2022-04-28 08:00:00,7.809
2022-04-28 09:00:00,4.393
2022-04-28 10:00:00,2.649
2022-04-28 11:00:00,4.963
2022-04-28 12:00:00,9.997
2022-04-28 13:00:00,18.872
2022-04-28 14:00:00,30.605
2022-04-28 15:00:00,39.258
2022-04-28 16:00:00,41.482
2022-04-28 17:00:00,37.809
2022-04-28 18:00:00,29.627
2022-04-28 19:00:00,18.39
2022-04-28 20:00:00,9.939
2022-04-28 21:00:00,3.973
2022-04-28 22:00:00,1.786
2022-04-28 23:00:00,2.835
2022-04-29 00:00:00,5.319
2022-04-29 01:00:00,9.154
2022-04-29 02:00:00,13.143
2022-04-29 03:00:00,15.271
2022-04-29 04:00:00,17.972
2022-04-29 05:00:00,20.723
2022-04-29 06:00:00,20.475
2022-04-29 07:00:00,25.567
2022-04-29 08:00:00,26.211
2022-04-29 09:00:00,23.273
2022-04-29 10:00:00,19.918
2022-04-29 11:00:00,14.655
2022-04-29 12:00:00,9.632
2022-04-29 13:00:00,7.617
2022-04-29 14:00:00,6.664
2022-04-29 15:00:00,3.954
2022-04-29 16:00:00,2.269
2022-04-29 17:00:00,2.045
2022-04-29 18:00:00,1.977
2022-04-29 19:00:00,1.544
2022-04-29 20:00:00,1.285
2022-04-29 21:00:00,1.169
2022-04-29 22:00:00,1.326
2022-04-29 23:00:00,1.689
2022-04-30 00:00:00,3.048
2022-04-30 01:00:00,3.729
2022-04-30 02:00:00,4.401
2022-04-30 03:00:00,4.546
2022-04-30 04:00:00,3.529
2022-04-30 05:00:00,2.85
2022-04-30 06:00:00,1.283
2022-04-30 07:00:00,1.294
2022-04-30 08:00:00,10.51
2022-04-30 09:00:00,27.592
2022-04-30 10:00:00,36.415
2022-04-30 11:00:00,36.824
2022-04-30 12:00:00,31.534
2022-04-30 13:00:00,27.911
2022-04-30 14:00:00,26.732
2022-04-30 15:00:00,26.828
2022-04-30 16:00:00,25.28
2022-04-30 17:00:00,17.916
2022-04-30 18:00:00,8.321
2022-04-30 19:00:00,3.944
2022-04-30 20:00:00,3.815
2022-04-30 21:00:00,6.305
2022-04-30 22:00:00,10.627
2022-04-30 23:00:00,16.276
2022-05-01 00:00:00,20.78
2022-05-01 01:00:00,22.65
2022-05-01 02:00:00,24.566
2022-05-01 03:00:00,25.991
2022-05-01 04:00:00,27.226
2022-05-01 05:00:00,27.748
2022-05-01 06:00:00,21.5
2022-05-01 07:00:00,18.269
2022-05-01 08:00:00,37.593
2022-05-01 09:00:00,42.003
2022-05-01 10:00:00,42.012
2022-05-01 11:00:00,39.928
2022-05-01 12:00:00,36.55
2022-05-01 13:00:00,32.855
2022-05-01 14:00:00,30.955
2022-05-01 15:00:00,29.674
2022-05-01 16:00:00,26.263
2022-05-01 17:00:00,16.8
2022-05-01 18:00:00,11.655
2022-05-01 19:00:00,9.729
2022-05-01 20:00:00,7.15
2022-05-01 21:00:00,4.807
2022-05-01 22:00:00,3.036
2022-05-01 23:00:00,2.161
2022-05-02 00:00:00,2.166
2022-05-02 01:00:00,3.845
2022-05-02 02:00:00,7.761
2022-05-02 03:00:00,13.261
2022-05-02 04:00:00,18.304
2022-05-02 05:00:00,17.74
2022-05-02 06:00:00,9.223
2022-05-02 07:00:00,7.682
2022-05-02 08:00:00,10.659
2022-05-02 09:00:00,8.349
2022-05-02 10:00:00,6.329
2022-05-02 11:00:00,5.604
2022-05-02 12:00:00,5.66
2022-05-02 13:00:00,5.284
2022-05-02 14:00:00,4.613
2022-05-02 15:00:00,4.095
2022-05-02 16:00:00,3.429
2022-05-02 17:00:00,2.638
2022-05-02 18:00:00,3.217
2022-05-02 19:00:00,4.072
2022-05-02 20:00:00,8.979
2022-05-02 21:00:00,17.775
2022-05-02 22:00:00,23.798
2022-05-02 23:00:00,25.75
2022-05-03 00:00:00,25.734
2022-05-03 01:00:00,26.016
2022-05-03 02:00:00,27.0
2022-05-03 03:00:00,27.901
2022-05-03 04:00:00,28.029
2022-05-03 05:00:00,27.385
2022-05-03 06:00:00,21.488
2022-05-03 07:00:00,25.743
2022-05-03 08:00:00,32.618
2022-05-03 09:00:00,35.354
2022-05-03 10:00:00,37.158
2022-05-03 11:00:00,38.376
2022-05-03 12:00:00,39.26
2022-05-03 13:00:00,40.272
2022-05-03 14:00:00,40.808
2022-05-03 15:00:00,40.804
2022-05-03 16:00:00,39.808
2022-05-03 17:00:00,38.114
2022-05-03 18:00:00,35.715
2022-05-03 19:00:00,34.848
2022-05-03 20:00:00,33.188
2022-05-03 21:00:00,32.695
2022-05-03 22:00:00,32.78
2022-05-03 23:00:00,33.047
2022-05-04 00:00:00,32.835
2022-05-04 01:00:00,32.028
2022-05-04 02:00:00,31.389
2022-05-04 03:00:00,31.419
2022-05-04 04:00:00,32.179
2022-05-04 05:00:00,31.381
2022-05-04 06:00:00,23.957
2022-05-04 07:00:00,18.9
2022-05-04 08:00:00,26.628
2022-05-04 09:00:00,34.239
2022-05-04 10:00:00,36.931
2022-05-04 11:00:00,39.886
2022-05-04 12:00:00,42.073
2022-05-04 13:00:00,43.453
2022-05-04 14:00:00,44.29
2022-05-04 15:00:00,44.586
2022-05-04 16:00:00,43.883
2022-05-04 17:00:00,39.935
2022-05-04 18:00:00,37.014
2022-05-04 19:00:00,36.197
2022-05-04 20:00:00,36.338
2022-05-04 21:00:00,36.48
2022-05-04 22:00:00,36.716
2022-05-04 23:00:00,37.614
2022-05-05 00:00:00,38.029
2022-05-05 01:00:00,37.591
2022-05-05 02:00:00,36.812
2022-05-05 03:00:00,36.202
2022-05-05 04:00:00,36.152
2022-05-05 05:00:00,34.883
2022-05-05 06:00:00,31.877
2022-05-05 07:00:00,30.191
2022-05-05 08:00:00,30.394
2022-05-05 09:00:00,34.328
2022-05-05 10:00:00,38.115
2022-05-05 11:00:00,40.027
2022-05-05 12:00:00,41.145
2022-05-05 13:00:00,42.375
2022-05-05 14:00:00,42.731
2022-05-05 15:00:00,42.66
2022-05-05 16:00:00,41.771
2022-05-05 17:00:00,37.8
2022-05-05 18:00:00,29.912
2022-05-05 19:00:00,25.988
2022-05-05 20:00:00,26.109
2022-05-05 21:00:00,27.434
2022-05-05 22:00:00,28.265
2022-05-05 23:00:00,28.624
2022-05-06 00:00:00,27.773
2022-05-06 01:00:00,25.256
2022-05-06 02:00:00,22.616
2022-05-06 03:00:00,21.797
2022-05-06 04:00:00,22.792
2022-05-06 05:00:00,22.223
2022-05-06 06:00:00,14.745
2022-05-06 07:00:00,12.689
2022-05-06 08:00:00,14.377
2022-05-06 09:00:00,8.233
2022-05-06 10:00:00,4.026
2022-05-06 11:00:00,2.854
2022-05-06 12:00:00,2.682
2022-05-06 13:00:00,0.834
2022-05-06 14:00:00,8.742
2022-05-06 15:00:00,14.1
2022-05-06 16:00:00,17.35
2022-05-06 17:00:00,20.419
2022-05-06 18:00:00,20.626
2022-05-06 19:00:00,21.033
2022-05-06 20:00:00,22.044
2022-05-06 21:00:00,19.371
2022-05-06 22:00:00,15.899
2022-05-06 23:00:00,15.815
2022-05-07 00:00:00,14.988
2022-05-07 01:00:00,13.838
2022-05-07 02:00:00,15.611
2022-05-07 03:00:00,18.604
2022-05-07 04:00:00,21.489
2022-05-07 05:00:00,24.456
2022-05-07 06:00:00,29.885
2022-05-07 07:00:00,37.1
2022-05-07 08:00:00,43.883
2022-05-07 09:00:00,45.892
2022-05-07 10:00:00,45.418
2022-05-07 11:00:00,43.715
2022-05-07 12:00:00,40.531
2022-05-07 13:00:00,37.591
2022-05-07 14:00:00,35.151
2022-05-07 15:00:00,30.964
2022-05-07 16:00:00,26.25
2022-05-07 17:00:00,17.855
2022-05-07 18:00:00,10.299
2022-05-07 19:00:00,6.7
2022-05-07 20:00:00,3.657
2022-05-07 21:00:00,4.335
2022-05-07 22:00:00,11.041
2022-05-07 23:00:00,14.652
2022-05-08 00:00:00,12.657
2022-05-08 01:00:00,11.041
2022-05-08 02:00:00,12.127
2022-05-08 03:00:00,14.114
2022-05-08 04:00:00,17.67
2022-05-08 05:00:00,20.257
2022-05-08 06:00:00,15.525
2022-05-08 07:00:00,14.661
2022-05-08 08:00:00,6.86
2022-05-08 09:00:00,2.459
2022-05-08 10:00:00,2.489
2022-05-08 11:00:00,5.748
2022-05-08 12:00:00,12.484
2022-05-08 13:00:00,18.415
2022-05-08 14:00:00,20.66
2022-05-08 15:00:00,20.712
2022-05-08 16:00:00,20.038
2022-05-08 17:00:00,18.733
2022-05-08 18:00:00,15.497
2022-05-08 19:00:00,11.583
2022-05-08 20:00:00,8.124
2022-05-08 21:00:00,6.734
2022-05-08 22:00:00,6.67
2022-05-08 23:00:00,8.402
2022-05-09 00:00:00,11.066
2022-05-09 01:00:00,14.486
2022-05-09 02:00:00,17.477
2022-05-09 03:00:00,19.401
2022-05-09 04:00:00,19.676
2022-05-09 05:00:00,16.818
2022-05-09 06:00:00,12.866
2022-05-09 07:00:00,10.633
2022-05-09 08:00:00,7.68
2022-05-09 09:00:00,8.027
2022-05-09 10:00:00,7.588
2022-05-09 11:00:00,8.069
2022-05-09 12:00:00,8.272
2022-05-09 13:00:00,8.256
2022-05-09 14:00:00,8.112
2022-05-09 15:00:00,7.285
2022-05-09 16:00:00,6.823
2022-05-09 17:00:00,5.987
2022-05-09 18:00:00,5.434
2022-05-09 19:00:00,4.183
2022-05-09 20:00:00,2.346
2022-05-09 21:00:00,1.335
2022-05-09 22:00:00,0.868
2022-05-09 23:00:00,0.5690000000000001
2022-05-10 00:00:00,0.345
2022-05-10 01:00:00,0.183
2022-05-10 02:00:00,0.097
2022-05-10 03:00:00,0.126
2022-05-10 04:00:00,0.369
2022-05-10 05:00:00,0.664
2022-05-10 06:00:00,0.663
2022-05-10 07:00:00,1.402
2022-05-10 08:00:00,3.085
2022-05-10 09:00:00,5.333
2022-05-10 10:00:00,7.199
2022-05-10 11:00:00,8.358
2022-05-10 12:00:00,8.523
2022-05-10 13:00:00,7.885
2022-05-10 14:00:00,6.635
2022-05-10 15:00:00,4.934
2022-05-10 16:00:00,3.728
2022-05-10 17:00:00,4.078
2022-05-10 18:00:00,7.767
2022-05-10 19:00:00,12.359
2022-05-10 20:00:00,11.691
2022-05-10 21:00:00,9.855
2022-05-10 22:00:00,7.536
2022-05-10 23:00:00,5.436
2022-05-11 00:00:00,4.083
2022-05-11 01:00:00,2.623
2022-05-11 02:00:00,1.653
2022-05-11 03:00:00,1.528
2022-05-11 04:00:00,2.491
2022-05-11 05:00:00,3.342
2022-05-11 06:00:00,2.745
2022-05-11 07:00:00,4.589
2022-05-11 08:00:00,4.055
2022-05-11 09:00:00,2.014
2022-05-11 10:00:00,1.752
2022-05-11 11:00:00,2.237
2022-05-11 12:00:00,1.881
2022-05-11 13:00:00,1.283
2022-05-11 14:00:00,1.279
2022-05-11 15:00:00,1.769
2022-05-11 16:00:00,3.352
2022-05-11 17:00:00,4.694
2022-05-11 18:00:00,5.438
2022-05-11 19:00:00,4.701000000000001
2022-05-11 20:00:00,2.281
2022-05-11 21:00:00,0.902
2022-05-11 22:00:00,0.353
2022-05-11 23:00:00,0.44
2022-05-12 00:00:00,1.377
2022-05-12 01:00:00,3.326
2022-05-12 02:00:00,6.384
2022-05-12 03:00:00,8.359
2022-05-12 04:00:00,7.597
2022-05-12 05:00:00,5.351
2022-05-12 06:00:00,3.17
2022-05-12 07:00:00,4.194
2022-05-12 08:00:00,10.358
2022-05-12 09:00:00,18.871
2022-05-12 10:00:00,26.328
2022-05-12 11:00:00,27.733
2022-05-12 12:00:00,23.345
2022-05-12 13:00:00,18.023
2022-05-12 14:00:00,12.978
2022-05-12 15:00:00,9.763
2022-05-12 16:00:00,8.19
2022-05-12 17:00:00,8.443
2022-05-12 18:00:00,9.223
2022-05-12 19:00:00,9.029
2022-05-12 20:00:00,6.571
2022-05-12 21:00:00,3.986
2022-05-12 22:00:00,2.491
2022-05-12 23:00:00,3.51
2022-05-13 00:00:00,7.031
2022-05-13 01:00:00,10.443
2022-05-13 02:00:00,11.753
2022-05-13 03:00:00,11.004
2022-05-13 04:00:00,10.7
2022-05-13 05:00:00,10.55
2022-05-13 06:00:00,10.118
2022-05-13 07:00:00,10.052
2022-05-13 08:00:00,12.76
2022-05-13 09:00:00,9.622
2022-05-13 10:00:00,6.63
2022-05-13 11:00:00,5.612
2022-05-13 12:00:00,6.542
2022-05-13 13:00:00,8.816
2022-05-13 14:00:00,12.192
2022-05-13 15:00:00,17.849
2022-05-13 16:00:00,24.858
2022-05-13 17:00:00,29.589
2022-05-13 18:00:00,24.456
2022-05-13 19:00:00,16.313
2022-05-13 20:00:00,10.954
2022-05-13 21:00:00,10.141
2022-05-13 22:00:00,13.99
2022-05-13 23:00:00,21.594
2022-05-14 00:00:00,26.81
2022-05-14 01:00:00,28.287
2022-05-14 02:00:00,28.075
2022-05-14 03:00:00,26.85
2022-05-14 04:00:00,23.577
2022-05-14 05:00:00,16.889
2022-05-14 06:00:00,6.375
2022-05-14 07:00:00,5.166
2022-05-14 08:00:00,6.659
2022-05-14 09:00:00,9.399000000000001
2022-05-14 10:00:00,10.681
2022-05-14 11:00:00,10.366
2022-05-14 12:00:00,8.909
2022-05-14 13:00:00,7.463
2022-05-14 14:00:00,7.15
2022-05-14 15:00:00,7.354
2022-05-14 16:00:00,6.953
2022-05-14 17:00:00,6.23
2022-05-14 18:00:00,6.744
2022-05-14 19:00:00,6.71
2022-05-14 20:00:00,3.943
2022-05-14 21:00:00,1.278
2022-05-14 22:00:00,0.179
2022-05-14 23:00:00,0.039
2022-05-15 00:00:00,0.037
2022-05-15 01:00:00,0.179
2022-05-15 02:00:00,0.651
2022-05-15 03:00:00,1.262
2022-05-15 04:00:00,2.21
2022-05-15 05:00:00,3.3
2022-05-15 06:00:00,2.638
2022-05-15 07:00:00,2.269
2022-05-15 08:00:00,3.755
2022-05-15 09:00:00,5.755
2022-05-15 10:00:00,8.203
2022-05-15 11:00:00,11.002
2022-05-15 12:00:00,13.162
2022-05-15 13:00:00,14.672
2022-05-15 14:00:00,14.247
2022-05-15 15:00:00,12.161
2022-05-15 16:00:00,8.443
2022-05-15 17:00:00,4.125
2022-05-15 18:00:00,1.828
2022-05-15 19:00:00,2.211
2022-05-15 20:00:00,6.226
2022-05-15 21:00:00,15.652
2022-05-15 22:00:00,24.472
2022-05-15 23:00:00,28.215
2022-05-16 00:00:00,28.305
2022-05-16 01:00:00,26.831
2022-05-16 02:00:00,25.133
2022-05-16 03:00:00,23.901
2022-05-16 04:00:00,23.036
2022-05-16 05:00:00,20.061
2022-05-16 06:00:00,11.28
2022-05-16 07:00:00,7.595
2022-05-16 08:00:00,19.144
2022-05-16 09:00:00,24.476
2022-05-16 10:00:00,26.534
2022-05-16 11:00:00,28.42
2022-05-16 12:00:00,28.914
2022-05-16 13:00:00,27.781
2022-05-16 14:00:00,26.071
2022-05-16 15:00:00,22.67
2022-05-16 16:00:00,19.401
2022-05-16 17:00:00,13.429
2022-05-16 18:00:00,6.66
2022-05-16 19:00:00,3.491
2022-05-16 20:00:00,1.389
2022-05-16 21:00:00,0.132
2022-05-16 22:00:00,0.017
2022-05-16 23:00:00,0.07
2022-05-17 00:00:00,0.131
2022-05-17 01:00:00,0.045
2022-05-17 02:00:00,0.003
2022-05-17 03:00:00,0.001
2022-05-17 04:00:00,0.001
2022-05-17 05:00:00,0.002
2022-05-17 06:00:00,0.001
2022-05-17 07:00:00,0.0
2022-05-17 08:00:00,0.04
2022-05-17 09:00:00,2.028
2022-05-17 10:00:00,5.106
2022-05-17 11:00:00,8.468
2022-05-17 12:00:00,12.865
2022-05-17 13:00:00,18.971
2022-05-17 14:00:00,25.887
2022-05-17 15:00:00,32.099
2022-05-17 16:00:00,36.883
2022-05-17 17:00:00,37.555
2022-05-17 18:00:00,34.185
2022-05-17 19:00:00,32.239
2022-05-17 20:00:00,30.505
2022-05-17 21:00:00,29.885
2022-05-17 22:00:00,30.211
2022-05-17 23:00:00,32.005
2022-05-18 00:00:00,32.7
2022-05-18 01:00:00,30.506
2022-05-18 02:00:00,30.281
2022-05-18 03:00:00,31.686
2022-05-18 04:00:00,34.676
2022-05-18 05:00:00,34.107
2022-05-18 06:00:00,27.761
2022-05-18 07:00:00,26.941
2022-05-18 08:00:00,37.002
2022-05-18 09:00:00,39.608
2022-05-18 10:00:00,40.09
2022-05-18 11:00:00,38.198
2022-05-18 12:00:00,34.364
2022-05-18 13:00:00,28.488
2022-05-18 14:00:00,20.502
2022-05-18 15:00:00,15.061
2022-05-18 16:00:00,11.569
2022-05-18 17:00:00,8.238
2022-05-18 18:00:00,6.222
2022-05-18 19:00:00,6.038
2022-05-18 20:00:00,4.833
2022-05-18 21:00:00,3.394
2022-05-18 22:00:00,2.183
2022-05-18 23:00:00,1.513
2022-05-19 00:00:00,1.337
2022-05-19 01:00:00,0.587
2022-05-19 02:00:00,0.159
2022-05-19 03:00:00,0.083
2022-05-19 04:00:00,0.021
2022-05-19 05:00:00,0.018
2022-05-19 06:00:00,0.048
2022-05-19 07:00:00,0.031
2022-05-19 08:00:00,0.017
2022-05-19 09:00:00,0.012
2022-05-19 10:00:00,0.021
2022-05-19 11:00:00,0.111
2022-05-19 12:00:00,0.235
2022-05-19 13:00:00,0.277
2022-05-19 14:00:00,0.43
2022-05-19 15:00:00,1.378
2022-05-19 16:00:00,3.478
2022-05-19 17:00:00,5.093
2022-05-19 18:00:00,3.846
2022-05-19 19:00:00,2.146
2022-05-19 20:00:00,2.492
2022-05-19 21:00:00,6.015
2022-05-19 22:00:00,10.042
2022-05-19 23:00:00,12.499
2022-05-20 00:00:00,14.193
2022-05-20 01:00:00,13.992
2022-05-20 02:00:00,12.512
2022-05-20 03:00:00,11.899
2022-05-20 04:00:00,10.656
2022-05-20 05:00:00,7.004
2022-05-20 06:00:00,2.561
2022-05-20 07:00:00,1.039
2022-05-20 08:00:00,0.382
2022-05-20 09:00:00,0.044
2022-05-20 10:00:00,0.0
2022-05-20 11:00:00,0.0
2022-05-20 12:00:00,0.001
2022-05-20 13:00:00,0.004
2022-05-20 14:00:00,0.175
2022-05-20 15:00:00,1.006
2022-05-20 16:00:00,1.694
2022-05-20 17:00:00,2.659
2022-05-20 18:00:00,5.47
2022-05-20 19:00:00,8.656
2022-05-20 20:00:00,8.964
2022-05-20 21:00:00,9.317
2022-05-20 22:00:00,10.807
2022-05-20 23:00:00,12.114
2022-05-21 00:00:00,13.107
2022-05-21 01:00:00,14.147
2022-05-21 02:00:00,15.207
2022-05-21 03:00:00,15.898
2022-05-21 04:00:00,16.032
2022-05-21 05:00:00,12.911
2022-05-21 06:00:00,6.77
2022-05-21 07:00:00,5.502
2022-05-21 08:00:00,5.149
2022-05-21 09:00:00,2.732
2022-05-21 10:00:00,1.383
2022-05-21 11:00:00,1.317
2022-05-21 12:00:00,1.508
2022-05-21 13:00:00,1.881
2022-05-21 14:00:00,2.538
2022-05-21 15:00:00,4.116
2022-05-21 16:00:00,7.346
2022-05-21 17:00:00,12.553
2022-05-21 18:00:00,16.869
2022-05-21 19:00:00,18.021
2022-05-21 20:00:00,18.059
2022-05-21 21:00:00,19.317
2022-05-21 22:00:00,20.625
2022-05-21 23:00:00,22.736
2022-05-22 00:00:00,24.457
2022-05-22 01:00:00,25.199
2022-05-22 02:00:00,24.303
2022-05-22 03:00:00,24.713
2022-05-22 04:00:00,26.356
2022-05-22 05:00:00,27.614
2022-05-22 06:00:00,18.014
2022-05-22 07:00:00,14.597
2022-05-22 08:00:00,23.469
2022-05-22 09:00:00,19.597
2022-05-22 10:00:00,13.72
2022-05-22 11:00:00,10.461
2022-05-22 12:00:00,9.073
2022-05-22 13:00:00,7.938
2022-05-22 14:00:00,6.597
2022-05-22 15:00:00,5.772
2022-05-22 16:00:00,6.292
2022-05-22 17:00:00,6.738
2022-05-22 18:00:00,7.502
2022-05-22 19:00:00,10.797
2022-05-22 20:00:00,15.216
2022-05-22 21:00:00,18.313
2022-05-22 22:00:00,18.733
2022-05-22 23:00:00,22.173
2022-05-23 00:00:00,25.568
2022-05-23 01:00:00,27.71
2022-05-23 02:00:00,28.698
2022-05-23 03:00:00,27.92
2022-05-23 04:00:00,25.169
2022-05-23 05:00:00,17.476
2022-05-23 06:00:00,7.525
2022-05-23 07:00:00,3.49
2022-05-23 08:00:00,2.877
2022-05-23 09:00:00,3.159
2022-05-23 10:00:00,3.11
2022-05-23 11:00:00,4.4
2022-05-23 12:00:00,6.7
2022-05-23 13:00:00,9.445
2022-05-23 14:00:00,11.986
2022-05-23 15:00:00,15.385
2022-05-23 16:00:00,19.918
2022-05-23 17:00:00,23.469
2022-05-23 18:00:00,22.163
2022-05-23 19:00:00,21.658
2022-05-23 20:00:00,21.311
2022-05-23 21:00:00,21.365
2022-05-23 22:00:00,21.365
2022-05-23 23:00:00,21.797
2022-05-24 00:00:00,21.819
2022-05-24 01:00:00,21.791
2022-05-24 02:00:00,22.354
2022-05-24 03:00:00,23.526
2022-05-24 04:00:00,24.829
2022-05-24 05:00:00,22.343
2022-05-24 06:00:00,19.279
2022-05-24 07:00:00,25.866
2022-05-24 08:00:00,28.243
2022-05-24 09:00:00,28.468
2022-05-24 10:00:00,26.534
2022-05-24 11:00:00,25.988
2022-05-24 12:00:00,26.458
2022-05-24 13:00:00,26.834
2022-05-24 14:00:00,27.03
2022-05-24 15:00:00,27.231
2022-05-24 16:00:00,27.91
2022-05-24 17:00:00,29.089
2022-05-24 18:00:00,28.164
2022-05-24 19:00:00,25.371
2022-05-24 20:00:00,24.334
2022-05-24 21:00:00,24.359
2022-05-24 22:00:00,25.276
2022-05-24 23:00:00,27.181
2022-05-25 00:00:00,28.85
2022-05-25 01:00:00,29.371
2022-05-25 02:00:00,28.165
2022-05-25 03:00:00,28.616
2022-05-25 04:00:00,28.85
2022-05-25 05:00:00,21.313
2022-05-25 06:00:00,12.656
2022-05-25 07:00:00,10.367
2022-05-25 08:00:00,7.764
2022-05-25 09:00:00,8.958
2022-05-25 10:00:00,22.664
2022-05-25 11:00:00,34.88
2022-05-25 12:00:00,35.402
2022-05-25 13:00:00,34.266
2022-05-25 14:00:00,33.561
2022-05-25 15:00:00,32.135
2022-05-25 16:00:00,29.338
2022-05-25 17:00:00,26.852
2022-05-25 18:00:00,18.744
2022-05-25 19:00:00,14.35
2022-05-25 20:00:00,12.869
2022-05-25 21:00:00,11.688
2022-05-25 22:00:00,10.396
2022-05-25 23:00:00,9.936
2022-05-26 00:00:00,12.19
2022-05-26 01:00:00,17.078
2022-05-26 02:00:00,20.502
2022-05-26 03:00:00,23.241
2022-05-26 04:00:00,26.814
2022-05-26 05:00:00,27.193
2022-05-26 06:00:00,20.816
2022-05-26 07:00:00,31.252
2022-05-26 08:00:00,38.359
2022-05-26 09:00:00,39.395
2022-05-26 10:00:00,39.342
2022-05-26 11:00:00,39.407
2022-05-26 12:00:00,39.534
2022-05-26 13:00:00,39.607
2022-05-26 14:00:00,39.469
2022-05-26 15:00:00,37.981
2022-05-26 16:00:00,32.363
2022-05-26 17:00:00,17.893
2022-05-26 18:00:00,4.251
2022-05-26 19:00:00,0.155
2022-05-26 20:00:00,0.005
2022-05-26 21:00:00,0.055
2022-05-26 22:00:00,0.16
2022-05-26 23:00:00,0.45
2022-05-27 00:00:00,2.073
2022-05-27 01:00:00,5.693
2022-05-27 02:00:00,10.795
2022-05-27 03:00:00,16.724
2022-05-27 04:00:00,22.788
2022-05-27 05:00:00,23.923
2022-05-27 06:00:00,15.386
2022-05-27 07:00:00,11.253
2022-05-27 08:00:00,24.114
2022-05-27 09:00:00,27.732
2022-05-27 10:00:00,25.225
2022-05-27 11:00:00,21.171
2022-05-27 12:00:00,16.269
2022-05-27 13:00:00,12.192
2022-05-27 14:00:00,8.571
2022-05-27 15:00:00,6.628
2022-05-27 16:00:00,5.697
2022-05-27 17:00:00,3.777
2022-05-27 18:00:00,1.652
2022-05-27 19:00:00,0.021
2022-05-27 20:00:00,0.174
2022-05-27 21:00:00,4.134
2022-05-27 22:00:00,13.218
2022-05-27 23:00:00,24.107
2022-05-28 00:00:00,29.135
2022-05-28 01:00:00,29.914
2022-05-28 02:00:00,29.7
2022-05-28 03:00:00,28.85
2022-05-28 04:00:00,28.226
2022-05-28 05:00:00,25.153
2022-05-28 06:00:00,16.52
2022-05-28 07:00:00,11.484
2022-05-28 08:00:00,21.037
2022-05-28 09:00:00,27.614
2022-05-28 10:00:00,30.617
2022-05-28 11:00:00,33.57
2022-05-28 12:00:00,34.978
2022-05-28 13:00:00,35.224
2022-05-28 14:00:00,35.671
2022-05-28 15:00:00,36.562
2022-05-28 16:00:00,37.845
2022-05-28 17:00:00,37.499
2022-05-28 18:00:00,32.325
2022-05-28 19:00:00,29.371
2022-05-28 20:00:00,29.438
2022-05-28 21:00:00,29.082
2022-05-28 22:00:00,28.558
2022-05-28 23:00:00,29.323
2022-05-29 00:00:00,29.707
2022-05-29 01:00:00,28.966
2022-05-29 02:00:00,28.881
2022-05-29 03:00:00,29.241
2022-05-29 04:00:00,29.444
2022-05-29 05:00:00,26.677
2022-05-29 06:00:00,20.474
2022-05-29 07:00:00,29.58
2022-05-29 08:00:00,36.474
2022-05-29 09:00:00,39.816
2022-05-29 10:00:00,41.422
2022-05-29 11:00:00,41.856
2022-05-29 12:00:00,41.307
2022-05-29 13:00:00,39.959
2022-05-29 14:00:00,37.307
2022-05-29 15:00:00,33.291
2022-05-29 16:00:00,30.094
2022-05-29 17:00:00,28.094
2022-05-29 18:00:00,24.647
2022-05-29 19:00:00,18.853
2022-05-29 20:00:00,12.005
2022-05-29 21:00:00,5.878
2022-05-29 22:00:00,2.344
2022-05-29 23:00:00,1.644
2022-05-30 00:00:00,2.538
2022-05-30 01:00:00,4.205
2022-05-30 02:00:00,7.499
2022-05-30 03:00:00,15.102
2022-05-30 04:00:00,23.593
2022-05-30 05:00:00,24.325
2022-05-30 06:00:00,25.222
2022-05-30 07:00:00,32.826
2022-05-30 08:00:00,34.674
2022-05-30 09:00:00,33.271
2022-05-30 10:00:00,31.626
2022-05-30 11:00:00,27.942
2022-05-30 12:00:00,22.405
2022-05-30 13:00:00,18.011
2022-05-30 14:00:00,13.993
2022-05-30 15:00:00,9.349
2022-05-30 16:00:00,4.795
2022-05-30 17:00:00,1.419
2022-05-30 18:00:00,0.004
2022-05-30 19:00:00,0.513
2022-05-30 20:00:00,10.075
2022-05-30 21:00:00,24.736
2022-05-30 22:00:00,29.082
2022-05-30 23:00:00,29.983
2022-05-31 00:00:00,31.435
2022-05-31 01:00:00,32.723
2022-05-31 02:00:00,32.983
2022-05-31 03:00:00,32.917
2022-05-31 04:00:00,33.612
2022-05-31 05:00:00,31.769
2022-05-31 06:00:00,27.911
2022-05-31 07:00:00,29.372
2022-05-31 08:00:00,34.627
2022-05-31 09:00:00,39.068
2022-05-31 10:00:00,41.171
2022-05-31 11:00:00,41.506
2022-05-31 12:00:00,41.435
2022-05-31 13:00:00,42.537
2022-05-31 14:00:00,44.161
2022-05-31 15:00:00,45.589
2022-05-31 16:00:00,46.35
2022-05-31 17:00:00,46.093
2022-05-31 18:00:00,43.658
2022-05-31 19:00:00,41.669
2022-05-31 20:00:00,39.693
2022-05-31 21:00:00,37.481
2022-05-31 22:00:00,34.535
2022-05-31 23:00:00,29.052
2022-06-01 00:00:00,19.28
2022-06-01 01:00:00,9.445
2022-06-01 02:00:00,4.186
2022-06-01 03:00:00,3.129
2022-06-01 04:00:00,2.326
2022-06-01 05:00:00,0.583
2022-06-01 06:00:00,0.025
2022-06-01 07:00:00,0.009000000000000001
2022-06-01 08:00:00,0.019
2022-06-01 09:00:00,0.112
2022-06-01 10:00:00,0.173
2022-06-01 11:00:00,0.144
2022-06-01 12:00:00,0.054
2022-06-01 13:00:00,0.011
2022-06-01 14:00:00,0.031
2022-06-01 15:00:00,0.357
2022-06-01 16:00:00,1.123
2022-06-01 17:00:00,2.619
2022-06-01 18:00:00,4.772
2022-06-01 19:00:00,4.265
2022-06-01 20:00:00,2.423
2022-06-01 21:00:00,1.755
2022-06-01 22:00:00,2.265
2022-06-01 23:00:00,3.545
2022-06-02 00:00:00,5.064
2022-06-02 01:00:00,6.365
2022-06-02 02:00:00,7.503
2022-06-02 03:00:00,7.841
2022-06-02 04:00:00,6.859
2022-06-02 05:00:00,4.528
2022-06-02 06:00:00,1.265
2022-06-02 07:00:00,0.393
2022-06-02 08:00:00,0.011
2022-06-02 09:00:00,0.0
2022-06-02 10:00:00,0.0
2022-06-02 11:00:00,0.142
2022-06-02 12:00:00,0.762
2022-06-02 13:00:00,1.836
2022-06-02 14:00:00,3.052
2022-06-02 15:00:00,3.996
2022-06-02 16:00:00,5.119
2022-06-02 17:00:00,6.762
2022-06-02 18:00:00,9.222
2022-06-02 19:00:00,10.273
2022-06-02 20:00:00,9.348
2022-06-02 21:00:00,9.659
2022-06-02 22:00:00,9.899000000000001
2022-06-02 23:00:00,9.946
2022-06-03 00:00:00,10.51
2022-06-03 01:00:00,11.747
2022-06-03 02:00:00,13.023
2022-06-03 03:00:00,13.505
2022-06-03 04:00:00,14.143
2022-06-03 05:00:00,11.721
2022-06-03 06:00:00,9.949
2022-06-03 07:00:00,12.292
2022-06-03 08:00:00,13.993
2022-06-03 09:00:00,15.95
2022-06-03 10:00:00,17.024
2022-06-03 11:00:00,19.876
2022-06-03 12:00:00,24.519
2022-06-03 13:00:00,28.85
2022-06-03 14:00:00,31.362
2022-06-03 15:00:00,33.285
2022-06-03 16:00:00,35.539
2022-06-03 17:00:00,35.743
2022-06-03 18:00:00,32.167
2022-06-03 19:00:00,27.298
2022-06-03 20:00:00,24.669
2022-06-03 21:00:00,24.591
2022-06-03 22:00:00,25.197
2022-06-03 23:00:00,25.636
2022-06-04 00:00:00,26.589
2022-06-04 01:00:00,26.962
2022-06-04 02:00:00,26.621
2022-06-04 03:00:00,26.109
2022-06-04 04:00:00,25.355
2022-06-04 05:00:00,24.535
2022-06-04 06:00:00,29.905
2022-06-04 07:00:00,36.662
2022-06-04 08:00:00,39.469
2022-06-04 09:00:00,39.831
2022-06-04 10:00:00,39.303
2022-06-04 11:00:00,38.798
2022-06-04 12:00:00,38.219
2022-06-04 13:00:00,38.489
2022-06-04 14:00:00,38.461
2022-06-04 15:00:00,37.098
2022-06-04 16:00:00,34.124
2022-06-04 17:00:00,29.207
2022-06-04 18:00:00,23.035
2022-06-04 19:00:00,17.102
2022-06-04 20:00:00,13.503
2022-06-04 21:00:00,10.179
2022-06-04 22:00:00,6.616
2022-06-04 23:00:00,3.768
2022-06-05 00:00:00,2.263
2022-06-05 01:00:00,0.981
2022-06-05 02:00:00,0.274
2022-06-05 03:00:00,0.098
2022-06-05 04:00:00,0.39
2022-06-05 05:00:00,1.011
2022-06-05 06:00:00,0.9450000000000001
2022-06-05 07:00:00,2.305
2022-06-05 08:00:00,5.533
2022-06-05 09:00:00,8.343
2022-06-05 10:00:00,8.528
2022-06-05 11:00:00,7.864
2022-06-05 12:00:00,5.717
2022-06-05 13:00:00,3.836
2022-06-05 14:00:00,3.287
2022-06-05 15:00:00,3.32
2022-06-05 16:00:00,3.463
2022-06-05 17:00:00,3.154
2022-06-05 18:00:00,3.119
2022-06-05 19:00:00,4.907
2022-06-05 20:00:00,6.767
2022-06-05 21:00:00,9.291
2022-06-05 22:00:00,11.046
2022-06-05 23:00:00,13.719
2022-06-06 00:00:00,15.874
2022-06-06 01:00:00,14.669
2022-06-06 02:00:00,10.595
2022-06-06 03:00:00,7.105
2022-06-06 04:00:00,5.527
2022-06-06 05:00:00,1.324
2022-06-06 06:00:00,0.02
2022-06-06 07:00:00,0.012
2022-06-06 08:00:00,0.004
2022-06-06 09:00:00,0.0
2022-06-06 10:00:00,0.001
2022-06-06 11:00:00,0.015
2022-06-06 12:00:00,0.611
2022-06-06 13:00:00,2.286
2022-06-06 14:00:00,5.811
2022-06-06 15:00:00,10.052
2022-06-06 16:00:00,13.85
2022-06-06 17:00:00,18.191
2022-06-06 18:00:00,19.943
2022-06-06 19:00:00,16.958
2022-06-06 20:00:00,13.881
2022-06-06 21:00:00,12.882
2022-06-06 22:00:00,12.761
2022-06-06 23:00:00,13.719
2022-06-07 00:00:00,14.878
2022-06-07 01:00:00,16.302
2022-06-07 02:00:00,17.576
2022-06-07 03:00:00,18.459
2022-06-07 04:00:00,19.142
2022-06-07 05:00:00,17.467
2022-06-07 06:00:00,23.797
2022-06-07 07:00:00,26.584
2022-06-07 08:00:00,26.818
2022-06-07 09:00:00,25.393
2022-06-07 10:00:00,23.469
2022-06-07 11:00:00,20.625
2022-06-07 12:00:00,17.774
2022-06-07 13:00:00,15.899
2022-06-07 14:00:00,12.878
2022-06-07 15:00:00,9.946
2022-06-07 16:00:00,6.521
2022-06-07 17:00:00,4.188
2022-06-07 18:00:00,4.143
2022-06-07 19:00:00,6.071
2022-06-07 20:00:00,5.712
2022-06-07 21:00:00,3.926
2022-06-07 22:00:00,2.754
2022-06-07 23:00:00,2.192
2022-06-08 00:00:00,0.652
2022-06-08 01:00:00,0.231
2022-06-08 02:00:00,1.698
2022-06-08 03:00:00,3.144
2022-06-08 04:00:00,2.198
2022-06-08 05:00:00,0.834
2022-06-08 06:00:00,0.54
2022-06-08 07:00:00,0.607
2022-06-08 08:00:00,0.065
2022-06-08 09:00:00,0.015
2022-06-08 10:00:00,0.019
2022-06-08 11:00:00,0.038
2022-06-08 12:00:00,0.189
2022-06-08 13:00:00,1.091
2022-06-08 14:00:00,2.95
2022-06-08 15:00:00,5.696
2022-06-08 16:00:00,9.445
2022-06-08 17:00:00,12.077
2022-06-08 18:00:00,12.5
2022-06-08 19:00:00,10.077
2022-06-08 20:00:00,7.342
2022-06-08 21:00:00,6.033
2022-06-08 22:00:00,5.4
2022-06-08 23:00:00,2.487
2022-06-09 00:00:00,1.833
2022-06-09 01:00:00,3.577
2022-06-09 02:00:00,3.589
2022-06-09 03:00:00,3.457
2022-06-09 04:00:00,2.945
2022-06-09 05:00:00,2.635
2022-06-09 06:00:00,1.994
2022-06-09 07:00:00,1.223
2022-06-09 08:00:00,0.595
2022-06-09 09:00:00,0.122
2022-06-09 10:00:00,0.0
2022-06-09 11:00:00,0.0
2022-06-09 12:00:00,0.001
2022-06-09 13:00:00,0.462
2022-06-09 14:00:00,1.616
2022-06-09 15:00:00,5.235
2022-06-09 16:00:00,10.18
2022-06-09 17:00:00,14.556
2022-06-09 18:00:00,16.013
2022-06-09 19:00:00,15.227
2022-06-09 20:00:00,13.111
2022-06-09 21:00:00,11.102
2022-06-09 22:00:00,10.931
2022-06-09 23:00:00,11.688
2022-06-10 00:00:00,11.606
2022-06-10 01:00:00,12.038
2022-06-10 02:00:00,13.295
2022-06-10 03:00:00,14.876
2022-06-10 04:00:00,17.438
2022-06-10 05:00:00,16.849
2022-06-10 06:00:00,18.176
2022-06-10 07:00:00,22.17
2022-06-10 08:00:00,29.615
2022-06-10 09:00:00,23.312
2022-06-10 10:00:00,11.963
2022-06-10 11:00:00,3.015
2022-06-10 12:00:00,0.265
2022-06-10 13:00:00,0.083
2022-06-10 14:00:00,0.602
2022-06-10 15:00:00,1.192
2022-06-10 16:00:00,0.734
2022-06-10 17:00:00,1.113
2022-06-10 18:00:00,3.737
2022-06-10 19:00:00,6.008
2022-06-10 20:00:00,5.606
2022-06-10 21:00:00,4.898
2022-06-10 22:00:00,5.778
2022-06-10 23:00:00,4.94
2022-06-11 00:00:00,2.701
2022-06-11 01:00:00,0.866
2022-06-11 02:00:00,1.656
2022-06-11 03:00:00,3.728
2022-06-11 04:00:00,5.037
2022-06-11 05:00:00,4.452
2022-06-11 06:00:00,2.891
2022-06-11 07:00:00,2.937
2022-06-11 08:00:00,3.296
2022-06-11 09:00:00,3.968
2022-06-11 10:00:00,5.335
2022-06-11 11:00:00,7.438
2022-06-11 12:00:00,10.368
2022-06-11 13:00:00,14.377
2022-06-11 14:00:00,17.28
2022-06-11 15:00:00,15.561
2022-06-11 16:00:00,12.022
2022-06-11 17:00:00,10.509
2022-06-11 18:00:00,9.925
2022-06-11 19:00:00,10.35
2022-06-11 20:00:00,10.509
2022-06-11 21:00:00,10.033
2022-06-11 22:00:00,10.157
2022-06-11 23:00:00,11.998
2022-06-12 00:00:00,11.584
2022-06-12 01:00:00,11.137
2022-06-12 02:00:00,11.323
2022-06-12 03:00:00,11.482
2022-06-12 04:00:00,11.834
2022-06-12 05:00:00,8.252
2022-06-12 06:00:00,9.222
2022-06-12 07:00:00,13.142
2022-06-12 08:00:00,14.77
2022-06-12 09:00:00,15.045
2022-06-12 10:00:00,15.498
2022-06-12 11:00:00,19.873
2022-06-12 12:00:00,24.698
2022-06-12 13:00:00,24.052
2022-06-12 14:00:00,22.646
2022-06-12 15:00:00,23.345
2022-06-12 16:00:00,23.443
2022-06-12 17:00:00,20.503
2022-06-12 18:00:00,16.162
2022-06-12 19:00:00,13.858
2022-06-12 20:00:00,12.151
2022-06-12 21:00:00,11.139
2022-06-12 22:00:00,10.016
2022-06-12 23:00:00,9.587
2022-06-13 00:00:00,10.593
2022-06-13 01:00:00,11.812
2022-06-13 02:00:00,12.761
2022-06-13 03:00:00,13.883
2022-06-13 04:00:00,15.211
2022-06-13 05:00:00,12.865
2022-06-13 06:00:00,17.358
2022-06-13 07:00:00,20.856
2022-06-13 08:00:00,22.441
2022-06-13 09:00:00,24.077
2022-06-13 10:00:00,25.462
2022-06-13 11:00:00,26.336
2022-06-13 12:00:00,26.109
2022-06-13 13:00:00,25.313
2022-06-13 14:00:00,24.887
2022-06-13 15:00:00,24.589
2022-06-13 16:00:00,24.456
2022-06-13 17:00:00,22.026
2022-06-13 18:00:00,17.728
2022-06-13 19:00:00,14.881
2022-06-13 20:00:00,14.238
2022-06-13 21:00:00,12.947
2022-06-13 22:00:00,13.503
2022-06-13 23:00:00,16.728
2022-06-14 00:00:00,18.357
2022-06-14 01:00:00,18.537
2022-06-14 02:00:00,17.891
2022-06-14 03:00:00,14.928
2022-06-14 04:00:00,13.268
2022-06-14 05:00:00,9.745
2022-06-14 06:00:00,9.763
2022-06-14 07:00:00,12.759
2022-06-14 08:00:00,13.993
2022-06-14 09:00:00,15.102
2022-06-14 10:00:00,16.669
2022-06-14 11:00:00,16.156
2022-06-14 12:00:00,13.873
2022-06-14 13:00:00,10.442
2022-06-14 14:00:00,6.989
2022-06-14 15:00:00,4.538
2022-06-14 16:00:00,3.335
2022-06-14 17:00:00,2.278
2022-06-14 18:00:00,1.369
2022-06-14 19:00:00,0.558
2022-06-14 20:00:00,0.079
2022-06-14 21:00:00,0.006
2022-06-14 22:00:00,0.017
2022-06-14 23:00:00,0.387
2022-06-15 00:00:00,1.552
2022-06-15 01:00:00,3.088
2022-06-15 02:00:00,4.382
2022-06-15 03:00:00,5.222
2022-06-15 04:00:00,5.815
2022-06-15 05:00:00,4.999
2022-06-15 06:00:00,4.813
2022-06-15 07:00:00,7.559
2022-06-15 08:00:00,10.368
2022-06-15 09:00:00,11.137
2022-06-15 10:00:00,10.166
2022-06-15 11:00:00,8.423
2022-06-15 12:00:00,6.356
2022-06-15 13:00:00,4.174
2022-06-15 14:00:00,2.204
2022-06-15 15:00:00,0.906
2022-06-15 16:00:00,0.252
2022-06-15 17:00:00,0.069
2022-06-15 18:00:00,0.772
2022-06-15 19:00:00,4.54
2022-06-15 20:00:00,7.63
2022-06-15 21:00:00,8.88
2022-06-15 22:00:00,8.897
2022-06-15 23:00:00,8.823
2022-06-16 00:00:00,9.151
2022-06-16 01:00:00,10.029
2022-06-16 02:00:00,9.946
2022-06-16 03:00:00,9.201
2022-06-16 04:00:00,8.741
2022-06-16 05:00:00,7.17
2022-06-16 06:00:00,6.66
2022-06-16 07:00:00,6.787
2022-06-16 08:00:00,5.349
2022-06-16 09:00:00,4.676
2022-06-16 10:00:00,4.281
2022-06-16 11:00:00,4.751
2022-06-16 12:00:00,5.736
2022-06-16 13:00:00,6.764
2022-06-16 14:00:00,7.547
2022-06-16 15:00:00,8.742
2022-06-16 16:00:00,10.778
2022-06-16 17:00:00,12.959
2022-06-16 18:00:00,14.509
2022-06-16 19:00:00,13.783
2022-06-16 20:00:00,11.339
2022-06-16 21:00:00,10.217
2022-06-16 22:00:00,8.84
2022-06-16 23:00:00,6.492
2022-06-17 00:00:00,4.168
2022-06-17 01:00:00,2.876
2022-06-17 02:00:00,2.329
2022-06-17 03:00:00,3.325
2022-06-17 04:00:00,6.664
2022-06-17 05:00:00,9.047
2022-06-17 06:00:00,7.994
2022-06-17 07:00:00,9.135
2022-06-17 08:00:00,8.005
2022-06-17 09:00:00,6.523
2022-06-17 10:00:00,6.533
2022-06-17 11:00:00,5.669
2022-06-17 12:00:00,5.627
2022-06-17 13:00:00,8.004
2022-06-17 14:00:00,14.239
2022-06-17 15:00:00,19.894
2022-06-17 16:00:00,17.893
2022-06-17 17:00:00,17.258
2022-06-17 18:00:00,19.522
2022-06-17 19:00:00,18.063
2022-06-17 20:00:00,15.051
2022-06-17 21:00:00,12.519
2022-06-17 22:00:00,10.85
2022-06-17 23:00:00,10.538
2022-06-18 00:00:00,11.385
2022-06-18 01:00:00,12.409
2022-06-18 02:00:00,13.073
2022-06-18 03:00:00,12.521
2022-06-18 04:00:00,12.163
2022-06-18 05:00:00,8.442
2022-06-18 06:00:00,4.973
2022-06-18 07:00:00,4.12
2022-06-18 08:00:00,1.863
2022-06-18 09:00:00,0.527
2022-06-18 10:00:00,0.235
2022-06-18 11:00:00,0.166
2022-06-18 12:00:00,0.169
2022-06-18 13:00:00,0.287
2022-06-18 14:00:00,0.346
2022-06-18 15:00:00,0.328
2022-06-18 16:00:00,0.338
2022-06-18 17:00:00,1.272
2022-06-18 18:00:00,5.232
2022-06-18 19:00:00,8.627
2022-06-18 20:00:00,8.657
2022-06-18 21:00:00,9.762
2022-06-18 22:00:00,10.33
2022-06-18 23:00:00,10.417
2022-06-19 00:00:00,11.26
2022-06-19 01:00:00,11.966
2022-06-19 02:00:00,10.942
2022-06-19 03:00:00,8.256
2022-06-19 04:00:00,6.286
2022-06-19 05:00:00,3.924
2022-06-19 06:00:00,2.04
2022-06-19 07:00:00,2.573
2022-06-19 08:00:00,2.059
2022-06-19 09:00:00,1.153
2022-06-19 10:00:00,0.757
2022-06-19 11:00:00,0.769
2022-06-19 12:00:00,1.161
2022-06-19 13:00:00,2.114
2022-06-19 14:00:00,3.713
2022-06-19 15:00:00,5.858
2022-06-19 16:00:00,7.849
2022-06-19 17:00:00,11.785
2022-06-19 18:00:00,15.3
2022-06-19 19:00:00,13.311
2022-06-19 20:00:00,8.442
2022-06-19 21:00:00,5.667
2022-06-19 22:00:00,5.284
2022-06-19 23:00:00,6.063
2022-06-20 00:00:00,7.02
2022-06-20 01:00:00,7.574
2022-06-20 02:00:00,7.833
2022-06-20 03:00:00,8.054
2022-06-20 04:00:00,7.811
2022-06-20 05:00:00,5.104
2022-06-20 06:00:00,4.677
2022-06-20 07:00:00,4.509
2022-06-20 08:00:00,3.87
2022-06-20 09:00:00,3.795
2022-06-20 10:00:00,4.502
2022-06-20 11:00:00,5.31
2022-06-20 12:00:00,6.085
2022-06-20 13:00:00,6.84
2022-06-20 14:00:00,7.759
2022-06-20 15:00:00,9.515
2022-06-20 16:00:00,12.893
2022-06-20 17:00:00,17.773
2022-06-20 18:00:00,21.798
2022-06-20 19:00:00,21.961
2022-06-20 20:00:00,18.734
2022-06-20 21:00:00,16.774
2022-06-20 22:00:00,16.678
2022-06-20 23:00:00,16.097
2022-06-21 00:00:00,16.015
2022-06-21 01:00:00,15.735
2022-06-21 02:00:00,14.733
2022-06-21 03:00:00,13.334
2022-06-21 04:00:00,11.766
2022-06-21 05:00:00,7.859
2022-06-21 06:00:00,7.145
2022-06-21 07:00:00,6.843
2022-06-21 08:00:00,6.585
2022-06-21 09:00:00,6.528
2022-06-21 10:00:00,5.43
2022-06-21 11:00:00,4.075
2022-06-21 12:00:00,2.453
2022-06-21 13:00:00,1.874
2022-06-21 14:00:00,2.254
2022-06-21 15:00:00,3.178
2022-06-21 16:00:00,4.339
2022-06-21 17:00:00,5.737
2022-06-21 18:00:00,8.19
2022-06-21 19:00:00,9.896
2022-06-21 20:00:00,9.439
2022-06-21 21:00:00,8.657
2022-06-21 22:00:00,8.554
2022-06-21 23:00:00,9.986
2022-06-22 00:00:00,11.83
2022-06-22 01:00:00,13.321
2022-06-22 02:00:00,14.354
2022-06-22 03:00:00,14.407
2022-06-22 04:00:00,13.781
2022-06-22 05:00:00,10.638
2022-06-22 06:00:00,13.377
2022-06-22 07:00:00,17.74
2022-06-22 08:00:00,22.212
2022-06-22 09:00:00,23.927
2022-06-22 10:00:00,24.388
2022-06-22 11:00:00,24.624
2022-06-22 12:00:00,24.973
2022-06-22 13:00:00,25.355
2022-06-22 14:00:00,25.988
2022-06-22 15:00:00,25.52
2022-06-22 16:00:00,22.614
2022-06-22 17:00:00,19.507
2022-06-22 18:00:00,18.312
2022-06-22 19:00:00,16.418
2022-06-22 20:00:00,16.34
2022-06-22 21:00:00,16.419
2022-06-22 22:00:00,17.071
2022-06-22 23:00:00,19.008
2022-06-23 00:00:00,20.257
2022-06-23 01:00:00,19.278
2022-06-23 02:00:00,16.792
2022-06-23 03:00:00,16.857
2022-06-23 04:00:00,17.668
2022-06-23 05:00:00,15.499
2022-06-23 06:00:00,10.51
2022-06-23 07:00:00,10.732
2022-06-23 08:00:00,14.24
2022-06-23 09:00:00,15.658
2022-06-23 10:00:00,16.795
2022-06-23 11:00:00,16.236
2022-06-23 12:00:00,17.936
2022-06-23 13:00:00,21.052
2022-06-23 14:00:00,22.8
2022-06-23 15:00:00,23.593
2022-06-23 16:00:00,25.866
2022-06-23 17:00:00,27.093
2022-06-23 18:00:00,23.143
2022-06-23 19:00:00,16.327
2022-06-23 20:00:00,13.023
2022-06-23 21:00:00,12.191
2022-06-23 22:00:00,12.024
2022-06-23 23:00:00,12.293
2022-06-24 00:00:00,12.309
2022-06-24 01:00:00,12.539
2022-06-24 02:00:00,13.131
2022-06-24 03:00:00,14.598
2022-06-24 04:00:00,17.238
2022-06-24 05:00:00,14.376
2022-06-24 06:00:00,8.804
2022-06-24 07:00:00,8.376
2022-06-24 08:00:00,14.101
2022-06-24 09:00:00,16.596
2022-06-24 10:00:00,16.467
2022-06-24 11:00:00,17.006
2022-06-24 12:00:00,16.535
2022-06-24 13:00:00,13.721
2022-06-24 14:00:00,11.487
2022-06-24 15:00:00,9.522
2022-06-24 16:00:00,8.562
2022-06-24 17:00:00,7.145
2022-06-24 18:00:00,5.351
2022-06-24 19:00:00,2.187
2022-06-24 20:00:00,0.159
2022-06-24 21:00:00,0.455
2022-06-24 22:00:00,5.649
2022-06-24 23:00:00,12.56
2022-06-25 00:00:00,16.013
2022-06-25 01:00:00,16.958
2022-06-25 02:00:00,17.088
2022-06-25 03:00:00,18.013
2022-06-25 04:00:00,18.64
2022-06-25 05:00:00,15.992
2022-06-25 06:00:00,10.921
2022-06-25 07:00:00,11.277
2022-06-25 08:00:00,17.893
2022-06-25 09:00:00,17.24
2022-06-25 10:00:00,15.646
2022-06-25 11:00:00,15.383
2022-06-25 12:00:00,16.302
2022-06-25 13:00:00,18.191
2022-06-25 14:00:00,20.751
2022-06-25 15:00:00,23.643
2022-06-25 16:00:00,24.708
2022-06-25 17:00:00,23.19
2022-06-25 18:00:00,26.465
2022-06-25 19:00:00,28.499
2022-06-25 20:00:00,41.435
2022-06-25 21:00:00,41.503
2022-06-25 22:00:00,38.653
2022-06-25 23:00:00,33.229
2022-06-26 00:00:00,29.501
2022-06-26 01:00:00,25.01
2022-06-26 02:00:00,18.371
2022-06-26 03:00:00,14.671
2022-06-26 04:00:00,12.1
2022-06-26 05:00:00,8.361
2022-06-26 06:00:00,4.996
2022-06-26 07:00:00,3.472
2022-06-26 08:00:00,3.679
2022-06-26 09:00:00,3.03
2022-06-26 10:00:00,1.809
2022-06-26 11:00:00,1.329
2022-06-26 12:00:00,1.137
2022-06-26 13:00:00,2.499
2022-06-26 14:00:00,7.53
2022-06-26 15:00:00,14.99
2022-06-26 16:00:00,18.735
2022-06-26 17:00:00,19.435
2022-06-26 18:00:00,14.2
2022-06-26 19:00:00,9.075
2022-06-26 20:00:00,7.437
2022-06-26 21:00:00,11.536
2022-06-26 22:00:00,17.785
2022-06-26 23:00:00,25.72
2022-06-27 00:00:00,38.575
2022-06-27 01:00:00,42.431
2022-06-27 02:00:00,44.879
2022-06-27 03:00:00,47.123
2022-06-27 04:00:00,46.315
2022-06-27 05:00:00,45.145
2022-06-27 06:00:00,44.991
2022-06-27 07:00:00,44.401
2022-06-27 08:00:00,46.346
2022-06-27 09:00:00,46.958
2022-06-27 10:00:00,46.893
2022-06-27 11:00:00,46.58
2022-06-27 12:00:00,44.54
2022-06-27 13:00:00,43.053
2022-06-27 14:00:00,41.822
2022-06-27 15:00:00,40.901
2022-06-27 16:00:00,37.899
2022-06-27 17:00:00,37.113
2022-06-27 18:00:00,35.527
2022-06-27 19:00:00,36.697
2022-06-27 20:00:00,35.584
2022-06-27 21:00:00,34.499
2022-06-27 22:00:00,32.29
2022-06-27 23:00:00,25.133
2022-06-28 00:00:00,21.969
2022-06-28 01:00:00,20.811
2022-06-28 02:00:00,16.42
2022-06-28 03:00:00,15.514
2022-06-28 04:00:00,23.469
2022-06-28 05:00:00,34.719
2022-06-28 06:00:00,40.438
2022-06-28 07:00:00,38.966
2022-06-28 08:00:00,32.721
2022-06-28 09:00:00,21.444
2022-06-28 10:00:00,8.442
2022-06-28 11:00:00,2.133
2022-06-28 12:00:00,2.555
2022-06-28 13:00:00,12.642
2022-06-28 14:00:00,23.902
2022-06-28 15:00:00,23.841
2022-06-28 16:00:00,17.477
2022-06-28 17:00:00,9.801
2022-06-28 18:00:00,4.208
2022-06-28 19:00:00,5.777
2022-06-28 20:00:00,15.1
2022-06-28 21:00:00,22.912
2022-06-28 22:00:00,22.415
2022-06-28 23:00:00,18.191
2022-06-29 00:00:00,14.245
2022-06-29 01:00:00,10.942
2022-06-29 02:00:00,7.804
2022-06-29 03:00:00,5.084
2022-06-29 04:00:00,3.092
2022-06-29 05:00:00,1.335
2022-06-29 06:00:00,0.216
2022-06-29 07:00:00,0.291
2022-06-29 08:00:00,0.312
2022-06-29 09:00:00,0.124
2022-06-29 10:00:00,0.1
2022-06-29 11:00:00,0.246
2022-06-29 12:00:00,0.617
2022-06-29 13:00:00,0.792
2022-06-29 14:00:00,1.281
2022-06-29 15:00:00,2.657
2022-06-29 16:00:00,4.816
2022-06-29 17:00:00,7.139
2022-06-29 18:00:00,9.946
2022-06-29 19:00:00,12.865
2022-06-29 20:00:00,13.802
2022-06-29 21:00:00,14.565
2022-06-29 22:00:00,15.257
2022-06-29 23:00:00,14.974
2022-06-30 00:00:00,13.148
2022-06-30 01:00:00,10.832
2022-06-30 02:00:00,8.38
2022-06-30 03:00:00,6.311
2022-06-30 04:00:00,4.939
2022-06-30 05:00:00,2.989
2022-06-30 06:00:00,1.342
2022-06-30 07:00:00,0.9440000000000001
2022-06-30 08:00:00,0.48
2022-06-30 09:00:00,0.07100000000000001
2022-06-30 10:00:00,0.007
2022-06-30 11:00:00,0.007
2022-06-30 12:00:00,0.046
2022-06-30 13:00:00,0.076
2022-06-30 14:00:00,0.141
2022-06-30 15:00:00,0.502
2022-06-30 16:00:00,1.419
2022-06-30 17:00:00,2.652
2022-06-30 18:00:00,4.157
2022-06-30 19:00:00,6.848
2022-06-30 20:00:00,10.142
2022-06-30 21:00:00,12.889
2022-06-30 22:00:00,14.504
2022-06-30 23:00:00,15.808
2022-07-01 00:00:00,15.994
2022-07-01 01:00:00,14.957
2022-07-01 02:00:00,10.272
2022-07-01 03:00:00,4.45
2022-07-01 04:00:00,2.693
2022-07-01 05:00:00,3.066
2022-07-01 06:00:00,2.369
2022-07-01 07:00:00,3.241
2022-07-01 08:00:00,4.067
2022-07-01 09:00:00,4.398
2022-07-01 10:00:00,4.594
2022-07-01 11:00:00,6.229
2022-07-01 12:00:00,9.568
2022-07-01 13:00:00,13.993
2022-07-01 14:00:00,18.042
2022-07-01 15:00:00,21.558
2022-07-01 16:00:00,23.901
2022-07-01 17:00:00,22.574
2022-07-01 18:00:00,18.471
2022-07-01 19:00:00,18.05
2022-07-01 20:00:00,19.193
2022-07-01 21:00:00,19.401
2022-07-01 22:00:00,19.706
2022-07-01 23:00:00,22.354
2022-07-02 00:00:00,20.848
2022-07-02 01:00:00,18.733
2022-07-02 02:00:00,15.51
2022-07-02 03:00:00,12.557
2022-07-02 04:00:00,11.172
2022-07-02 05:00:00,9.483
2022-07-02 06:00:00,8.249
2022-07-02 07:00:00,10.049
2022-07-02 08:00:00,10.545
2022-07-02 09:00:00,10.819
2022-07-02 10:00:00,11.215
2022-07-02 11:00:00,12.136
2022-07-02 12:00:00,13.779
2022-07-02 13:00:00,16.48
2022-07-02 14:00:00,20.379
2022-07-02 15:00:00,25.01
2022-07-02 16:00:00,28.243
2022-07-02 17:00:00,27.614
2022-07-02 18:00:00,22.355
2022-07-02 19:00:00,18.731
2022-07-02 20:00:00,17.342
2022-07-02 21:00:00,16.945
2022-07-02 22:00:00,16.116
2022-07-02 23:00:00,14.101
2022-07-03 00:00:00,10.743
2022-07-03 01:00:00,8.424
2022-07-03 02:00:00,6.786
2022-07-03 03:00:00,5.866
2022-07-03 04:00:00,5.65
2022-07-03 05:00:00,5.393
2022-07-03 06:00:00,4.813
2022-07-03 07:00:00,6.265
2022-07-03 08:00:00,9.308
2022-07-03 09:00:00,12.773
2022-07-03 10:00:00,15.1
2022-07-03 11:00:00,15.599
2022-07-03 12:00:00,15.103
2022-07-03 13:00:00,14.093
2022-07-03 14:00:00,12.138
2022-07-03 15:00:00,9.445
2022-07-03 16:00:00,7.151
2022-07-03 17:00:00,6.76
2022-07-03 18:00:00,7.503
2022-07-03 19:00:00,9.763
2022-07-03 20:00:00,11.079
2022-07-03 21:00:00,11.747
2022-07-03 22:00:00,13.023
2022-07-03 23:00:00,13.293
2022-07-04 00:00:00,11.141
2022-07-04 01:00:00,10.482
2022-07-04 02:00:00,10.661
2022-07-04 03:00:00,10.724
2022-07-04 04:00:00,11.039
2022-07-04 05:00:00,9.854
2022-07-04 06:00:00,8.743
2022-07-04 07:00:00,12.644
2022-07-04 08:00:00,14.64
2022-07-04 09:00:00,15.738
2022-07-04 10:00:00,16.692
2022-07-04 11:00:00,18.011
2022-07-04 12:00:00,17.773
2022-07-04 13:00:00,16.068
2022-07-04 14:00:00,14.379
2022-07-04 15:00:00,12.882
2022-07-04 16:00:00,10.577
2022-07-04 17:00:00,6.9
2022-07-04 18:00:00,4.115
2022-07-04 19:00:00,3.92
2022-07-04 20:00:00,4.434
2022-07-04 21:00:00,5.097
2022-07-04 22:00:00,5.683
2022-07-04 23:00:00,5.834
2022-07-05 00:00:00,5.207
2022-07-05 01:00:00,3.843
2022-07-05 02:00:00,2.328
2022-07-05 03:00:00,1.153
2022-07-05 04:00:00,0.624
2022-07-05 05:00:00,0.59
2022-07-05 06:00:00,0.262
2022-07-05 07:00:00,0.248
2022-07-05 08:00:00,0.44
2022-07-05 09:00:00,0.869
2022-07-05 10:00:00,1.798
2022-07-05 11:00:00,3.783
2022-07-05 12:00:00,5.732
2022-07-05 13:00:00,6.287
2022-07-05 14:00:00,6.029
2022-07-05 15:00:00,5.844
2022-07-05 16:00:00,5.557
2022-07-05 17:00:00,4.727
2022-07-05 18:00:00,4.31
2022-07-05 19:00:00,4.887
2022-07-05 20:00:00,4.92
2022-07-05 21:00:00,4.921
2022-07-05 22:00:00,5.737
2022-07-05 23:00:00,6.535
2022-07-06 00:00:00,7.943
2022-07-06 01:00:00,10.168
2022-07-06 02:00:00,13.719
2022-07-06 03:00:00,18.739
2022-07-06 04:00:00,23.268
2022-07-06 05:00:00,25.866
2022-07-06 06:00:00,26.923
2022-07-06 07:00:00,30.568
2022-07-06 08:00:00,33.246
2022-07-06 09:00:00,30.715
2022-07-06 10:00:00,27.021
2022-07-06 11:00:00,23.515
2022-07-06 12:00:00,21.942
2022-07-06 13:00:00,23.859
2022-07-06 14:00:00,26.77
2022-07-06 15:00:00,29.536
2022-07-06 16:00:00,29.74
2022-07-06 17:00:00,30.963
2022-07-06 18:00:00,30.299
2022-07-06 19:00:00,29.02
2022-07-06 20:00:00,27.182
2022-07-06 21:00:00,22.912
2022-07-06 22:00:00,20.066
2022-07-06 23:00:00,19.456
2022-07-07 00:00:00,21.914
2022-07-07 01:00:00,24.568
2022-07-07 02:00:00,26.891
2022-07-07 03:00:00,29.38
2022-07-07 04:00:00,28.441
2022-07-07 05:00:00,23.877
2022-07-07 06:00:00,21.227
2022-07-07 07:00:00,25.682
2022-07-07 08:00:00,27.109
2022-07-07 09:00:00,26.966
2022-07-07 10:00:00,26.687
2022-07-07 11:00:00,25.684
2022-07-07 12:00:00,26.236
2022-07-07 13:00:00,28.506
2022-07-07 14:00:00,31.219
2022-07-07 15:00:00,32.723
2022-07-07 16:00:00,31.787
2022-07-07 17:00:00,27.054
2022-07-07 18:00:00,23.716
2022-07-07 19:00:00,21.613
2022-07-07 20:00:00,18.975
2022-07-07 21:00:00,18.49
2022-07-07 22:00:00,18.632
2022-07-07 23:00:00,17.202
2022-07-08 00:00:00,16.018
2022-07-08 01:00:00,14.598
2022-07-08 02:00:00,14.226
2022-07-08 03:00:00,14.108
2022-07-08 04:00:00,14.272
2022-07-08 05:00:00,10.836
2022-07-08 06:00:00,5.517
2022-07-08 07:00:00,4.385
2022-07-08 08:00:00,8.978
2022-07-08 09:00:00,7.496
2022-07-08 10:00:00,4.345
2022-07-08 11:00:00,2.084
2022-07-08 12:00:00,0.908
2022-07-08 13:00:00,0.408
2022-07-08 14:00:00,0.299
2022-07-08 15:00:00,0.463
2022-07-08 16:00:00,1.03
2022-07-08 17:00:00,1.643
2022-07-08 18:00:00,2.458
2022-07-08 19:00:00,3.888
2022-07-08 20:00:00,7.006
2022-07-08 21:00:00,11.585
2022-07-08 22:00:00,15.272
2022-07-08 23:00:00,17.26
2022-07-09 00:00:00,17.893
2022-07-09 01:00:00,18.683
2022-07-09 02:00:00,19.292
2022-07-09 03:00:00,19.523
2022-07-09 04:00:00,19.098
2022-07-09 05:00:00,13.884
2022-07-09 06:00:00,7.027
2022-07-09 07:00:00,6.198
2022-07-09 08:00:00,5.782
2022-07-09 09:00:00,3.606
2022-07-09 10:00:00,1.291
2022-07-09 11:00:00,0.275
2022-07-09 12:00:00,0.07200000000000001
2022-07-09 13:00:00,0.015
2022-07-09 14:00:00,0.03
2022-07-09 15:00:00,0.353
2022-07-09 16:00:00,0.6950000000000001
2022-07-09 17:00:00,0.78
2022-07-09 18:00:00,2.758
2022-07-09 19:00:00,5.344
2022-07-09 20:00:00,4.977
2022-07-09 21:00:00,3.709
2022-07-09 22:00:00,1.963
2022-07-09 23:00:00,0.6950000000000001
2022-07-10 00:00:00,0.803
2022-07-10 01:00:00,3.81
2022-07-10 02:00:00,7.789
2022-07-10 03:00:00,10.977
2022-07-10 04:00:00,14.658
2022-07-10 05:00:00,10.368
2022-07-10 06:00:00,5.736
2022-07-10 07:00:00,3.39
2022-07-10 08:00:00,0.899
2022-07-10 09:00:00,2.37
2022-07-10 10:00:00,8.206
2022-07-10 11:00:00,12.294
2022-07-10 12:00:00,19.062
2022-07-10 13:00:00,26.413
2022-07-10 14:00:00,25.409
2022-07-10 15:00:00,20.232
2022-07-10 16:00:00,14.229
2022-07-10 17:00:00,12.19
2022-07-10 18:00:00,14.356
2022-07-10 19:00:00,15.998
2022-07-10 20:00:00,15.899
2022-07-10 21:00:00,13.164
2022-07-10 22:00:00,8.87
2022-07-10 23:00:00,4.645
2022-07-11 00:00:00,2.115
2022-07-11 01:00:00,1.198
2022-07-11 02:00:00,0.5760000000000001
2022-07-11 03:00:00,0.351
2022-07-11 04:00:00,0.439
2022-07-11 05:00:00,0.868
2022-07-11 06:00:00,1.167
2022-07-11 07:00:00,2.274
2022-07-11 08:00:00,4.13
2022-07-11 09:00:00,4.71
2022-07-11 10:00:00,5.264
2022-07-11 11:00:00,5.364
2022-07-11 12:00:00,5.986
2022-07-11 13:00:00,8.85
2022-07-11 14:00:00,10.636
2022-07-11 15:00:00,11.138
2022-07-11 16:00:00,9.992
2022-07-11 17:00:00,7.68
2022-07-11 18:00:00,6.129
2022-07-11 19:00:00,5.869
2022-07-11 20:00:00,5.363
2022-07-11 21:00:00,5.859
2022-07-11 22:00:00,5.936
2022-07-11 23:00:00,6.647
2022-07-12 00:00:00,6.958
2022-07-12 01:00:00,7.027
2022-07-12 02:00:00,6.921
2022-07-12 03:00:00,7.149
2022-07-12 04:00:00,8.542
2022-07-12 05:00:00,7.558
2022-07-12 06:00:00,6.622
2022-07-12 07:00:00,10.479
2022-07-12 08:00:00,16.113
2022-07-12 09:00:00,21.5
2022-07-12 10:00:00,26.806
2022-07-12 11:00:00,30.94
2022-07-12 12:00:00,35.736
2022-07-12 13:00:00,37.387
2022-07-12 14:00:00,33.698
2022-07-12 15:00:00,29.451
2022-07-12 16:00:00,27.058
2022-07-12 17:00:00,24.314
2022-07-12 18:00:00,24.672
2022-07-12 19:00:00,27.462
2022-07-12 20:00:00,27.614
2022-07-12 21:00:00,26.842
2022-07-12 22:00:00,26.78
2022-07-12 23:00:00,29.646
2022-07-13 00:00:00,29.197
2022-07-13 01:00:00,25.229
2022-07-13 02:00:00,24.205
2022-07-13 03:00:00,20.514
2022-07-13 04:00:00,16.013
2022-07-13 05:00:00,10.806
2022-07-13 06:00:00,6.154
2022-07-13 07:00:00,7.96
2022-07-13 08:00:00,10.627
2022-07-13 09:00:00,12.559
2022-07-13 10:00:00,14.583
2022-07-13 11:00:00,13.025
2022-07-13 12:00:00,11.296
2022-07-13 13:00:00,10.425
2022-07-13 14:00:00,10.471
2022-07-13 15:00:00,10.475
2022-07-13 16:00:00,9.634
2022-07-13 17:00:00,8.369
2022-07-13 18:00:00,7.358
2022-07-13 19:00:00,8.566
2022-07-13 20:00:00,8.266
2022-07-13 21:00:00,8.36
2022-07-13 22:00:00,9.329
2022-07-13 23:00:00,9.653
2022-07-14 00:00:00,8.655
2022-07-14 01:00:00,6.64
2022-07-14 02:00:00,4.095
2022-07-14 03:00:00,1.941
2022-07-14 04:00:00,0.718
2022-07-14 05:00:00,0.242
2022-07-14 06:00:00,0.049
2022-07-14 07:00:00,0.021
2022-07-14 08:00:00,0.094
2022-07-14 09:00:00,0.392
2022-07-14 10:00:00,1.029
2022-07-14 11:00:00,1.247
2022-07-14 12:00:00,0.555
2022-07-14 13:00:00,0.014
2022-07-14 14:00:00,0.002
2022-07-14 15:00:00,0.151
2022-07-14 16:00:00,1.016
2022-07-14 17:00:00,1.282
2022-07-14 18:00:00,0.6920000000000001
2022-07-14 19:00:00,0.334
2022-07-14 20:00:00,0.109
2022-07-14 21:00:00,0.052
2022-07-14 22:00:00,0.029
2022-07-14 23:00:00,0.006
2022-07-15 00:00:00,0.0
2022-07-15 01:00:00,0.0
2022-07-15 02:00:00,0.004
2022-07-15 03:00:00,0.018
2022-07-15 04:00:00,0.008
2022-07-15 05:00:00,0.005
2022-07-15 06:00:00,0.004
2022-07-15 07:00:00,0.01
2022-07-15 08:00:00,0.022
2022-07-15 09:00:00,0.052
2022-07-15 10:00:00,0.234
2022-07-15 11:00:00,0.916
2022-07-15 12:00:00,2.002
2022-07-15 13:00:00,3.164
2022-07-15 14:00:00,6.662
2022-07-15 15:00:00,9.718
2022-07-15 16:00:00,9.447
2022-07-15 17:00:00,8.234
2022-07-15 18:00:00,6.652
2022-07-15 19:00:00,7.105
2022-07-15 20:00:00,6.814
2022-07-15 21:00:00,5.002
2022-07-15 22:00:00,3.413
2022-07-15 23:00:00,1.826
2022-07-16 00:00:00,0.806
2022-07-16 01:00:00,0.401
2022-07-16 02:00:00,0.326
2022-07-16 03:00:00,0.616
2022-07-16 04:00:00,1.02
2022-07-16 05:00:00,1.527
2022-07-16 06:00:00,1.039
2022-07-16 07:00:00,0.38
2022-07-16 08:00:00,0.407
2022-07-16 09:00:00,0.503
2022-07-16 10:00:00,0.342
2022-07-16 11:00:00,0.193
2022-07-16 12:00:00,0.063
2022-07-16 13:00:00,0.017
2022-07-16 14:00:00,0.229
2022-07-16 15:00:00,2.293
2022-07-16 16:00:00,5.128
2022-07-16 17:00:00,3.969
2022-07-16 18:00:00,1.353
2022-07-16 19:00:00,0.288
2022-07-16 20:00:00,0.125
2022-07-16 21:00:00,0.044
2022-07-16 22:00:00,0.01
2022-07-16 23:00:00,0.239
2022-07-17 00:00:00,1.282
2022-07-17 01:00:00,1.777
2022-07-17 02:00:00,1.819
2022-07-17 03:00:00,1.435
2022-07-17 04:00:00,1.13
2022-07-17 05:00:00,1.941
2022-07-17 06:00:00,3.809
2022-07-17 07:00:00,7.809
2022-07-17 08:00:00,7.806
2022-07-17 09:00:00,5.966
2022-07-17 10:00:00,6.224
2022-07-17 11:00:00,6.213
2022-07-17 12:00:00,4.962
2022-07-17 13:00:00,3.147
2022-07-17 14:00:00,1.523
2022-07-17 15:00:00,0.404
2022-07-17 16:00:00,0.095
2022-07-17 17:00:00,0.08
2022-07-17 18:00:00,0.153
2022-07-17 19:00:00,0.377
2022-07-17 20:00:00,0.8280000000000001
2022-07-17 21:00:00,1.282
2022-07-17 22:00:00,1.657
2022-07-17 23:00:00,1.401
2022-07-18 00:00:00,0.731
2022-07-18 01:00:00,0.231
2022-07-18 02:00:00,0.024
2022-07-18 03:00:00,0.016
2022-07-18 04:00:00,0.199
2022-07-18 05:00:00,0.769
2022-07-18 06:00:00,0.769
2022-07-18 07:00:00,1.283
2022-07-18 08:00:00,2.59
2022-07-18 09:00:00,2.455
2022-07-18 10:00:00,1.813
2022-07-18 11:00:00,1.15
2022-07-18 12:00:00,1.011
2022-07-18 13:00:00,1.617
2022-07-18 14:00:00,3.082
2022-07-18 15:00:00,5.234
2022-07-18 16:00:00,7.867
2022-07-18 17:00:00,9.348
2022-07-18 18:00:00,8.548
2022-07-18 19:00:00,6.755
2022-07-18 20:00:00,3.949
2022-07-18 21:00:00,2.235
2022-07-18 22:00:00,1.283
2022-07-18 23:00:00,0.395
2022-07-19 00:00:00,0.057
2022-07-19 01:00:00,0.028
2022-07-19 02:00:00,0.033
2022-07-19 03:00:00,0.075
2022-07-19 04:00:00,0.26
2022-07-19 05:00:00,0.287
2022-07-19 06:00:00,0.142
2022-07-19 07:00:00,0.022
2022-07-19 08:00:00,0.011
2022-07-19 09:00:00,0.004
2022-07-19 10:00:00,0.0
2022-07-19 11:00:00,0.0
2022-07-19 12:00:00,0.0
2022-07-19 13:00:00,0.004
2022-07-19 14:00:00,0.104
2022-07-19 15:00:00,0.5640000000000001
2022-07-19 16:00:00,1.246
2022-07-19 17:00:00,3.202
2022-07-19 18:00:00,6.385
2022-07-19 19:00:00,8.358
2022-07-19 20:00:00,8.527
2022-07-19 21:00:00,8.249
2022-07-19 22:00:00,7.538
2022-07-19 23:00:00,6.699
2022-07-20 00:00:00,6.225
2022-07-20 01:00:00,5.753
2022-07-20 02:00:00,4.982
2022-07-20 03:00:00,4.129
2022-07-20 04:00:00,3.563
2022-07-20 05:00:00,2.263
2022-07-20 06:00:00,0.559
2022-07-20 07:00:00,0.067
2022-07-20 08:00:00,0.001
2022-07-20 09:00:00,0.012
2022-07-20 10:00:00,0.6970000000000001
2022-07-20 11:00:00,3.162
2022-07-20 12:00:00,6.963
2022-07-20 13:00:00,11.814
2022-07-20 14:00:00,13.387
2022-07-20 15:00:00,12.501
2022-07-20 16:00:00,13.681
2022-07-20 17:00:00,15.132
2022-07-20 18:00:00,14.599
2022-07-20 19:00:00,12.655
2022-07-20 20:00:00,10.407
2022-07-20 21:00:00,7.806
2022-07-20 22:00:00,5.749
2022-07-20 23:00:00,7.065
2022-07-21 00:00:00,11.084
2022-07-21 01:00:00,14.024
2022-07-21 02:00:00,14.418
2022-07-21 03:00:00,13.025
2022-07-21 04:00:00,11.583
2022-07-21 05:00:00,7.533
2022-07-21 06:00:00,4.247
2022-07-21 07:00:00,2.998
2022-07-21 08:00:00,0.765
2022-07-21 09:00:00,0.04
2022-07-21 10:00:00,0.005
2022-07-21 11:00:00,0.03
2022-07-21 12:00:00,0.144
2022-07-21 13:00:00,0.351
2022-07-21 14:00:00,0.729
2022-07-21 15:00:00,1.382
2022-07-21 16:00:00,1.843
2022-07-21 17:00:00,1.556
2022-07-21 18:00:00,1.127
2022-07-21 19:00:00,0.885
2022-07-21 20:00:00,0.592
2022-07-21 21:00:00,0.518
2022-07-21 22:00:00,0.916
2022-07-21 23:00:00,2.025
2022-07-22 00:00:00,3.675
2022-07-22 01:00:00,4.949
2022-07-22 02:00:00,5.231
2022-07-22 03:00:00,5.18
2022-07-22 04:00:00,5.463
2022-07-22 05:00:00,5.102
2022-07-22 06:00:00,6.351
2022-07-22 07:00:00,10.722
2022-07-22 08:00:00,12.62
2022-07-22 09:00:00,12.231
2022-07-22 10:00:00,11.249
2022-07-22 11:00:00,10.388
2022-07-22 12:00:00,9.43
2022-07-22 13:00:00,7.591
2022-07-22 14:00:00,5.236
2022-07-22 15:00:00,3.08
2022-07-22 16:00:00,0.776
2022-07-22 17:00:00,1.644
2022-07-22 18:00:00,3.684
2022-07-22 19:00:00,2.805
2022-07-22 20:00:00,0.916
2022-07-22 21:00:00,0.485
2022-07-22 22:00:00,0.315
2022-07-22 23:00:00,0.001
2022-07-23 00:00:00,0.0
2022-07-23 01:00:00,0.007
2022-07-23 02:00:00,0.115
2022-07-23 03:00:00,0.23
2022-07-23 04:00:00,1.31
2022-07-23 05:00:00,3.947
2022-07-23 06:00:00,4.886
2022-07-23 07:00:00,6.66
2022-07-23 08:00:00,10.105
2022-07-23 09:00:00,13.999
2022-07-23 10:00:00,16.681
2022-07-23 11:00:00,15.926
2022-07-23 12:00:00,13.473
2022-07-23 13:00:00,11.138
2022-07-23 14:00:00,9.596
2022-07-23 15:00:00,10.015
2022-07-23 16:00:00,14.246
2022-07-23 17:00:00,18.975
2022-07-23 18:00:00,19.599
2022-07-23 19:00:00,19.279
2022-07-23 20:00:00,19.28
2022-07-23 21:00:00,19.279
2022-07-23 22:00:00,19.827
2022-07-23 23:00:00,19.503
2022-07-24 00:00:00,18.311
2022-07-24 01:00:00,17.448
2022-07-24 02:00:00,17.246
2022-07-24 03:00:00,17.012
2022-07-24 04:00:00,16.535
2022-07-24 05:00:00,12.398
2022-07-24 06:00:00,8.084
2022-07-24 07:00:00,11.139
2022-07-24 08:00:00,11.584
2022-07-24 09:00:00,9.654
2022-07-24 10:00:00,7.119
2022-07-24 11:00:00,4.149
2022-07-24 12:00:00,1.832
2022-07-24 13:00:00,0.554
2022-07-24 14:00:00,0.079
2022-07-24 15:00:00,0.001
2022-07-24 16:00:00,0.0
2022-07-24 17:00:00,0.007
2022-07-24 18:00:00,0.529
2022-07-24 19:00:00,4.387
2022-07-24 20:00:00,11.379
2022-07-24 21:00:00,14.377
2022-07-24 22:00:00,13.618
2022-07-24 23:00:00,12.883
2022-07-25 00:00:00,12.282
2022-07-25 01:00:00,11.969
2022-07-25 02:00:00,11.07
2022-07-25 03:00:00,10.495
2022-07-25 04:00:00,10.509
2022-07-25 05:00:00,9.133
2022-07-25 06:00:00,5.063
2022-07-25 07:00:00,3.972
2022-07-25 08:00:00,3.864
2022-07-25 09:00:00,3.857
2022-07-25 10:00:00,4.728
2022-07-25 11:00:00,6.482
2022-07-25 12:00:00,8.233
2022-07-25 13:00:00,9.469
2022-07-25 14:00:00,10.51
2022-07-25 15:00:00,11.144
2022-07-25 16:00:00,11.281
2022-07-25 17:00:00,10.072
2022-07-25 18:00:00,9.764
2022-07-25 19:00:00,10.704
2022-07-25 20:00:00,10.274
2022-07-25 21:00:00,9.661
2022-07-25 22:00:00,9.311
2022-07-25 23:00:00,8.893
2022-07-26 00:00:00,8.44
2022-07-26 01:00:00,7.717
2022-07-26 02:00:00,7.251
2022-07-26 03:00:00,7.152
2022-07-26 04:00:00,7.416
2022-07-26 05:00:00,8.071
2022-07-26 06:00:00,7.486
2022-07-26 07:00:00,9.093
2022-07-26 08:00:00,9.265
2022-07-26 09:00:00,9.133
2022-07-26 10:00:00,9.156
2022-07-26 11:00:00,8.79
2022-07-26 12:00:00,7.737
2022-07-26 13:00:00,6.962
2022-07-26 14:00:00,7.501
2022-07-26 15:00:00,8.444
2022-07-26 16:00:00,8.715
2022-07-26 17:00:00,8.429
2022-07-26 18:00:00,7.778
2022-07-26 19:00:00,7.481
2022-07-26 20:00:00,5.875
2022-07-26 21:00:00,4.437
2022-07-26 22:00:00,3.992
2022-07-26 23:00:00,3.957
2022-07-27 00:00:00,2.878
2022-07-27 01:00:00,1.507
2022-07-27 02:00:00,1.016
2022-07-27 03:00:00,1.824
2022-07-27 04:00:00,3.748
2022-07-27 05:00:00,5.364
2022-07-27 06:00:00,4.298
2022-07-27 07:00:00,4.465
2022-07-27 08:00:00,4.886
2022-07-27 09:00:00,7.178
2022-07-27 10:00:00,9.285
2022-07-27 11:00:00,9.659
2022-07-27 12:00:00,11.614
2022-07-27 13:00:00,15.465
2022-07-27 14:00:00,19.137
2022-07-27 15:00:00,20.781
2022-07-27 16:00:00,23.309
2022-07-27 17:00:00,23.738
2022-07-27 18:00:00,19.4
2022-07-27 19:00:00,18.191
2022-07-27 20:00:00,17.046
2022-07-27 21:00:00,13.882
2022-07-27 22:00:00,10.058
2022-07-27 23:00:00,7.15
2022-07-28 00:00:00,6.692
2022-07-28 01:00:00,6.732
2022-07-28 02:00:00,5.735
2022-07-28 03:00:00,4.6
2022-07-28 04:00:00,3.923
2022-07-28 05:00:00,3.089
2022-07-28 06:00:00,1.511
2022-07-28 07:00:00,1.483
2022-07-28 08:00:00,2.005
2022-07-28 09:00:00,2.85
2022-07-28 10:00:00,3.823
2022-07-28 11:00:00,4.497
2022-07-28 12:00:00,4.671
2022-07-28 13:00:00,4.794
2022-07-28 14:00:00,5.452
2022-07-28 15:00:00,6.554
2022-07-28 16:00:00,7.508
2022-07-28 17:00:00,8.742
2022-07-28 18:00:00,8.982
2022-07-28 19:00:00,8.552
2022-07-28 20:00:00,8.272
2022-07-28 21:00:00,8.850999999999999
2022-07-28 22:00:00,9.502
2022-07-28 23:00:00,9.458
2022-07-29 00:00:00,9.446
2022-07-29 01:00:00,8.279
2022-07-29 02:00:00,6.825
2022-07-29 03:00:00,6.241
2022-07-29 04:00:00,6.096
2022-07-29 05:00:00,5.459
2022-07-29 06:00:00,3.415
2022-07-29 07:00:00,3.304
2022-07-29 08:00:00,3.538
2022-07-29 09:00:00,3.114
2022-07-29 10:00:00,0.389
2022-07-29 11:00:00,0.029
2022-07-29 12:00:00,0.988
2022-07-29 13:00:00,3.55
2022-07-29 14:00:00,5.529
2022-07-29 15:00:00,5.15
2022-07-29 16:00:00,3.71
2022-07-29 17:00:00,2.783
2022-07-29 18:00:00,3.219
2022-07-29 19:00:00,5.356
2022-07-29 20:00:00,7.049
2022-07-29 21:00:00,7.386
2022-07-29 22:00:00,6.906
2022-07-29 23:00:00,6.278
2022-07-30 00:00:00,5.735
2022-07-30 01:00:00,5.319
2022-07-30 02:00:00,4.933
2022-07-30 03:00:00,4.971
2022-07-30 04:00:00,5.374
2022-07-30 05:00:00,5.796
2022-07-30 06:00:00,4.209
2022-07-30 07:00:00,3.481
2022-07-30 08:00:00,5.582
2022-07-30 09:00:00,7.221
2022-07-30 10:00:00,8.565
2022-07-30 11:00:00,9.265
2022-07-30 12:00:00,9.274000000000001
2022-07-30 13:00:00,9.005
2022-07-30 14:00:00,8.657
2022-07-30 15:00:00,8.522
2022-07-30 16:00:00,8.634
2022-07-30 17:00:00,6.759
2022-07-30 18:00:00,5.777
2022-07-30 19:00:00,6.034
2022-07-30 20:00:00,5.736
2022-07-30 21:00:00,4.893
2022-07-30 22:00:00,4.106
2022-07-30 23:00:00,4.5
2022-07-31 00:00:00,5.022
2022-07-31 01:00:00,4.725
2022-07-31 02:00:00,4.708
2022-07-31 03:00:00,5.337
2022-07-31 04:00:00,7.154
2022-07-31 05:00:00,8.152
2022-07-31 06:00:00,6.014
2022-07-31 07:00:00,7.491
2022-07-31 08:00:00,11.807
2022-07-31 09:00:00,17.818
2022-07-31 10:00:00,24.414
2022-07-31 11:00:00,29.167
2022-07-31 12:00:00,29.668
2022-07-31 13:00:00,29.174
2022-07-31 14:00:00,28.823
2022-07-31 15:00:00,28.089
2022-07-31 16:00:00,25.319
2022-07-31 17:00:00,18.335
2022-07-31 18:00:00,11.039
2022-07-31 19:00:00,8.444
2022-07-31 20:00:00,7.951000000000001
2022-07-31 21:00:00,8.657
2022-07-31 22:00:00,9.786
2022-07-31 23:00:00,11.482
2022-08-01 00:00:00,13.131
2022-08-01 01:00:00,14.377
2022-08-01 02:00:00,15.616
2022-08-01 03:00:00,16.984
2022-08-01 04:00:00,18.643
2022-08-01 05:00:00,16.991
2022-08-01 06:00:00,15.5
2022-08-01 07:00:00,19.102
2022-08-01 08:00:00,21.316
2022-08-01 09:00:00,22.912
2022-08-01 10:00:00,24.674
2022-08-01 11:00:00,24.732
2022-08-01 12:00:00,22.866
2022-08-01 13:00:00,20.489
2022-08-01 14:00:00,18.383
2022-08-01 15:00:00,17.003
2022-08-01 16:00:00,15.003
2022-08-01 17:00:00,11.384
2022-08-01 18:00:00,7.606
2022-08-01 19:00:00,5.275
2022-08-01 20:00:00,3.228
2022-08-01 21:00:00,2.106
2022-08-01 22:00:00,1.872
2022-08-01 23:00:00,2.926
2022-08-02 00:00:00,4.527
2022-08-02 01:00:00,4.921
2022-08-02 02:00:00,5.812
2022-08-02 03:00:00,7.928
2022-08-02 04:00:00,9.445
2022-08-02 05:00:00,6.804
2022-08-02 06:00:00,3.09
2022-08-02 07:00:00,2.468
2022-08-02 08:00:00,1.649
2022-08-02 09:00:00,1.061
2022-08-02 10:00:00,0.73
2022-08-02 11:00:00,0.439
2022-08-02 12:00:00,0.202
2022-08-02 13:00:00,0.114
2022-08-02 14:00:00,0.049
2022-08-02 15:00:00,0.005
2022-08-02 16:00:00,0.0
2022-08-02 17:00:00,0.006
2022-08-02 18:00:00,0.352
2022-08-02 19:00:00,2.463
2022-08-02 20:00:00,4.162
2022-08-02 21:00:00,4.984
2022-08-02 22:00:00,6.059
2022-08-02 23:00:00,7.774
2022-08-03 00:00:00,9.764
2022-08-03 01:00:00,12.221
2022-08-03 02:00:00,14.598
2022-08-03 03:00:00,16.516
2022-08-03 04:00:00,17.894
2022-08-03 05:00:00,15.751
2022-08-03 06:00:00,10.78
2022-08-03 07:00:00,10.941
2022-08-03 08:00:00,9.856
2022-08-03 09:00:00,7.443
2022-08-03 10:00:00,4.292
2022-08-03 11:00:00,2.771
2022-08-03 12:00:00,2.325
2022-08-03 13:00:00,2.413
2022-08-03 14:00:00,2.804
2022-08-03 15:00:00,3.323
2022-08-03 16:00:00,4.192
2022-08-03 17:00:00,5.797
2022-08-03 18:00:00,7.891
2022-08-03 19:00:00,9.777
2022-08-03 20:00:00,10.16
2022-08-03 21:00:00,11.286
2022-08-03 22:00:00,12.397
2022-08-03 23:00:00,12.982
2022-08-04 00:00:00,13.024
2022-08-04 01:00:00,12.395
2022-08-04 02:00:00,11.139
2022-08-04 03:00:00,9.767
2022-08-04 04:00:00,8.613
2022-08-04 05:00:00,6.604
2022-08-04 06:00:00,3.767
2022-08-04 07:00:00,4.09
2022-08-04 08:00:00,3.088
2022-08-04 09:00:00,1.732
2022-08-04 10:00:00,1.059
2022-08-04 11:00:00,1.046
2022-08-04 12:00:00,1.467
2022-08-04 13:00:00,2.294
2022-08-04 14:00:00,3.729
2022-08-04 15:00:00,6.01
2022-08-04 16:00:00,8.83
2022-08-04 17:00:00,10.94
2022-08-04 18:00:00,11.148
2022-08-04 19:00:00,10.446
2022-08-04 20:00:00,9.902
2022-08-04 21:00:00,8.766
2022-08-04 22:00:00,8.850999999999999
2022-08-04 23:00:00,9.855
2022-08-05 00:00:00,11.485
2022-08-05 01:00:00,12.293
2022-08-05 02:00:00,11.583
2022-08-05 03:00:00,9.649000000000001
2022-08-05 04:00:00,7.786
2022-08-05 05:00:00,5.468
2022-08-05 06:00:00,2.747
2022-08-05 07:00:00,2.618
2022-08-05 08:00:00,3.162
2022-08-05 09:00:00,3.496
2022-08-05 10:00:00,4.423
2022-08-05 11:00:00,5.388
2022-08-05 12:00:00,5.5
2022-08-05 13:00:00,5.205
2022-08-05 14:00:00,4.726
2022-08-05 15:00:00,4.584
2022-08-05 16:00:00,4.792
2022-08-05 17:00:00,5.467
2022-08-05 18:00:00,7.888
2022-08-05 19:00:00,9.764
2022-08-05 20:00:00,9.446
2022-08-05 21:00:00,8.984
2022-08-05 22:00:00,8.741
2022-08-05 23:00:00,9.223
2022-08-06 00:00:00,9.755
2022-08-06 01:00:00,9.428
2022-08-06 02:00:00,8.789
2022-08-06 03:00:00,8.243
2022-08-06 04:00:00,8.1
2022-08-06 05:00:00,6.549
2022-08-06 06:00:00,3.212
2022-08-06 07:00:00,2.63
2022-08-06 08:00:00,2.878
2022-08-06 09:00:00,2.548
2022-08-06 10:00:00,1.618
2022-08-06 11:00:00,0.935
2022-08-06 12:00:00,1.68
2022-08-06 13:00:00,4.583
2022-08-06 14:00:00,9.009
2022-08-06 15:00:00,10.796
2022-08-06 16:00:00,9.386
2022-08-06 17:00:00,6.826000000000001
2022-08-06 18:00:00,6.661
2022-08-06 19:00:00,8.657
2022-08-06 20:00:00,9.908
2022-08-06 21:00:00,10.298
2022-08-06 22:00:00,9.856
2022-08-06 23:00:00,10.511
2022-08-07 00:00:00,12.388
2022-08-07 01:00:00,14.744
2022-08-07 02:00:00,16.302
2022-08-07 03:00:00,17.522
2022-08-07 04:00:00,21.797
2022-08-07 05:00:00,21.798
2022-08-07 06:00:00,14.99
2022-08-07 07:00:00,16.082
2022-08-07 08:00:00,19.401
2022-08-07 09:00:00,20.016
2022-08-07 10:00:00,20.88
2022-08-07 11:00:00,22.456
2022-08-07 12:00:00,24.887
2022-08-07 13:00:00,26.524
2022-08-07 14:00:00,27.486
2022-08-07 15:00:00,25.466
2022-08-07 16:00:00,22.366
2022-08-07 17:00:00,19.965
2022-08-07 18:00:00,21.603
2022-08-07 19:00:00,22.355
2022-08-07 20:00:00,20.814
2022-08-07 21:00:00,21.075
2022-08-07 22:00:00,22.271
2022-08-07 23:00:00,22.912
2022-08-08 00:00:00,23.345
2022-08-08 01:00:00,25.968
2022-08-08 02:00:00,21.59
2022-08-08 03:00:00,13.551
2022-08-08 04:00:00,5.559
2022-08-08 05:00:00,4.347
2022-08-08 06:00:00,6.071
2022-08-08 07:00:00,6.715
2022-08-08 08:00:00,5.869
2022-08-08 09:00:00,4.99
2022-08-08 10:00:00,4.001
2022-08-08 11:00:00,2.235
2022-08-08 12:00:00,0.723
2022-08-08 13:00:00,0.684
2022-08-08 14:00:00,1.865
2022-08-08 15:00:00,3.269
2022-08-08 16:00:00,5.399
2022-08-08 17:00:00,10.18
2022-08-08 18:00:00,14.115
2022-08-08 19:00:00,12.864
2022-08-08 20:00:00,11.601
2022-08-08 21:00:00,15.401
2022-08-08 22:00:00,16.536
2022-08-08 23:00:00,17.591
2022-08-09 00:00:00,16.536
2022-08-09 01:00:00,14.876
2022-08-09 02:00:00,13.719
2022-08-09 03:00:00,12.339
2022-08-09 04:00:00,14.263
2022-08-09 05:00:00,17.464
2022-08-09 06:00:00,13.818
2022-08-09 07:00:00,7.825
2022-08-09 08:00:00,6.016
2022-08-09 09:00:00,8.391
2022-08-09 10:00:00,13.129
2022-08-09 11:00:00,13.262
2022-08-09 12:00:00,13.99
2022-08-09 13:00:00,22.649
2022-08-09 14:00:00,30.611
2022-08-09 15:00:00,35.288
2022-08-09 16:00:00,36.417
2022-08-09 17:00:00,34.092
2022-08-09 18:00:00,31.897
2022-08-09 19:00:00,28.738
2022-08-09 20:00:00,21.716
2022-08-09 21:00:00,15.109
2022-08-09 22:00:00,10.577
2022-08-09 23:00:00,9.136
2022-08-10 00:00:00,9.383
2022-08-10 01:00:00,9.955
2022-08-10 02:00:00,11.628
2022-08-10 03:00:00,13.203
2022-08-10 04:00:00,14.084
2022-08-10 05:00:00,12.189
2022-08-10 06:00:00,7.133
2022-08-10 07:00:00,4.091
2022-08-10 08:00:00,2.656
2022-08-10 09:00:00,1.112
2022-08-10 10:00:00,0.248
2022-08-10 11:00:00,0.095
2022-08-10 12:00:00,0.04
2022-08-10 13:00:00,0.002
2022-08-10 14:00:00,0.0
2022-08-10 15:00:00,0.001
2022-08-10 16:00:00,0.005
2022-08-10 17:00:00,0.013
2022-08-10 18:00:00,0.12
2022-08-10 19:00:00,0.491
2022-08-10 20:00:00,0.681
2022-08-10 21:00:00,0.739
2022-08-10 22:00:00,0.8130000000000001
2022-08-10 23:00:00,1.09
2022-08-11 00:00:00,1.354
2022-08-11 01:00:00,1.531
2022-08-11 02:00:00,1.525
2022-08-11 03:00:00,1.231
2022-08-11 04:00:00,0.802
2022-08-11 05:00:00,0.451
2022-08-11 06:00:00,0.217
2022-08-11 07:00:00,0.348
2022-08-11 08:00:00,0.432
2022-08-11 09:00:00,1.098
2022-08-11 10:00:00,2.878
2022-08-11 11:00:00,4.058
2022-08-11 12:00:00,4.812
2022-08-11 13:00:00,5.059
2022-08-11 14:00:00,4.306
2022-08-11 15:00:00,3.428
2022-08-11 16:00:00,2.839
2022-08-11 17:00:00,2.49
2022-08-11 18:00:00,2.021
2022-08-11 19:00:00,1.383
2022-08-11 20:00:00,0.6000000000000001
2022-08-11 21:00:00,0.185
2022-08-11 22:00:00,0.033
2022-08-11 23:00:00,0.004
2022-08-12 00:00:00,0.001
2022-08-12 01:00:00,0.005
2022-08-12 02:00:00,0.018
2022-08-12 03:00:00,0.079
2022-08-12 04:00:00,0.418
2022-08-12 05:00:00,1.233
2022-08-12 06:00:00,1.378
2022-08-12 07:00:00,1.104
2022-08-12 08:00:00,1.645
2022-08-12 09:00:00,2.549
2022-08-12 10:00:00,6.282
2022-08-12 11:00:00,13.215
2022-08-12 12:00:00,16.302
2022-08-12 13:00:00,14.617
2022-08-12 14:00:00,12.254
2022-08-12 15:00:00,8.656
2022-08-12 16:00:00,4.974
2022-08-12 17:00:00,3.413
2022-08-12 18:00:00,3.816
2022-08-12 19:00:00,5.388
2022-08-12 20:00:00,6.751
2022-08-12 21:00:00,7.722
2022-08-12 22:00:00,8.741
2022-08-12 23:00:00,8.891
2022-08-13 00:00:00,9.047
2022-08-13 01:00:00,9.355
2022-08-13 02:00:00,9.748
2022-08-13 03:00:00,9.603
2022-08-13 04:00:00,8.872
2022-08-13 05:00:00,7.203
2022-08-13 06:00:00,4.902
2022-08-13 07:00:00,3.438
2022-08-13 08:00:00,3.481
2022-08-13 09:00:00,6.107
2022-08-13 10:00:00,7.0
2022-08-13 11:00:00,3.034
2022-08-13 12:00:00,0.5750000000000001
2022-08-13 13:00:00,0.119
2022-08-13 14:00:00,0.196
2022-08-13 15:00:00,0.392
2022-08-13 16:00:00,0.517
2022-08-13 17:00:00,0.679
2022-08-13 18:00:00,0.434
2022-08-13 19:00:00,0.528
2022-08-13 20:00:00,1.724
2022-08-13 21:00:00,2.949
2022-08-13 22:00:00,4.329
2022-08-13 23:00:00,6.056
2022-08-14 00:00:00,7.264
2022-08-14 01:00:00,8.027
2022-08-14 02:00:00,9.207
2022-08-14 03:00:00,10.99
2022-08-14 04:00:00,11.735
2022-08-14 05:00:00,10.181
2022-08-14 06:00:00,6.927
2022-08-14 07:00:00,7.373
2022-08-14 08:00:00,8.042
2022-08-14 09:00:00,10.468
2022-08-14 10:00:00,11.827
2022-08-14 11:00:00,11.584
2022-08-14 12:00:00,13.286
2022-08-14 13:00:00,14.648
2022-08-14 14:00:00,13.842
2022-08-14 15:00:00,13.808
2022-08-14 16:00:00,15.899
2022-08-14 17:00:00,18.033
2022-08-14 18:00:00,20.38
2022-08-14 19:00:00,22.964
2022-08-14 20:00:00,25.553
2022-08-14 21:00:00,26.286
2022-08-14 22:00:00,27.614
2022-08-14 23:00:00,27.614
2022-08-15 00:00:00,25.402
2022-08-15 01:00:00,27.375
2022-08-15 02:00:00,29.004
2022-08-15 03:00:00,26.481
2022-08-15 04:00:00,21.866
2022-08-15 05:00:00,22.046
2022-08-15 06:00:00,22.047
2022-08-15 07:00:00,20.626
2022-08-15 08:00:00,24.429
2022-08-15 09:00:00,26.823
2022-08-15 10:00:00,26.402
2022-08-15 11:00:00,25.377
2022-08-15 12:00:00,23.831
2022-08-15 13:00:00,22.167
2022-08-15 14:00:00,19.822
2022-08-15 15:00:00,18.855
2022-08-15 16:00:00,16.089
2022-08-15 17:00:00,12.895
2022-08-15 18:00:00,11.287
2022-08-15 19:00:00,10.89
2022-08-15 20:00:00,10.477
2022-08-15 21:00:00,10.509
2022-08-15 22:00:00,10.395
2022-08-15 23:00:00,10.24
2022-08-16 00:00:00,11.139
2022-08-16 01:00:00,13.131
2022-08-16 02:00:00,15.221
2022-08-16 03:00:00,15.784
2022-08-16 04:00:00,15.562
2022-08-16 05:00:00,15.407
2022-08-16 06:00:00,13.025
2022-08-16 07:00:00,14.881
2022-08-16 08:00:00,11.712
2022-08-16 09:00:00,10.578
2022-08-16 10:00:00,10.621
2022-08-16 11:00:00,9.446
2022-08-16 12:00:00,7.992
2022-08-16 13:00:00,5.826000000000001
2022-08-16 14:00:00,4.337
2022-08-16 15:00:00,4.388
2022-08-16 16:00:00,5.674
2022-08-16 17:00:00,6.66
2022-08-16 18:00:00,7.504
2022-08-16 19:00:00,7.435
2022-08-16 20:00:00,6.263
2022-08-16 21:00:00,5.418
2022-08-16 22:00:00,5.064
2022-08-16 23:00:00,5.662
2022-08-17 00:00:00,7.494
2022-08-17 01:00:00,9.663
2022-08-17 02:00:00,11.901
2022-08-17 03:00:00,14.102
2022-08-17 04:00:00,16.013
2022-08-17 05:00:00,15.784
2022-08-17 06:00:00,10.749
2022-08-17 07:00:00,12.871
2022-08-17 08:00:00,15.517
2022-08-17 09:00:00,13.915
2022-08-17 10:00:00,11.816
2022-08-17 11:00:00,9.718
2022-08-17 12:00:00,7.525
2022-08-17 13:00:00,5.775
2022-08-17 14:00:00,4.737
2022-08-17 15:00:00,3.957
2022-08-17 16:00:00,3.072
2022-08-17 17:00:00,1.574
2022-08-17 18:00:00,0.444
2022-08-17 19:00:00,0.08
2022-08-17 20:00:00,0.053
2022-08-17 21:00:00,0.116
2022-08-17 22:00:00,0.669
2022-08-17 23:00:00,1.427
2022-08-18 00:00:00,1.967
2022-08-18 01:00:00,2.236
2022-08-18 02:00:00,2.143
2022-08-18 03:00:00,1.837
2022-08-18 04:00:00,1.422
2022-08-18 05:00:00,1.701
2022-08-18 06:00:00,1.398
2022-08-18 07:00:00,1.282
2022-08-18 08:00:00,1.737
2022-08-18 09:00:00,2.207
2022-08-18 10:00:00,2.682
2022-08-18 11:00:00,3.904
2022-08-18 12:00:00,5.884
2022-08-18 13:00:00,7.611
2022-08-18 14:00:00,9.735
2022-08-18 15:00:00,12.444
2022-08-18 16:00:00,15.359
2022-08-18 17:00:00,15.498
2022-08-18 18:00:00,18.657
2022-08-18 19:00:00,21.265
2022-08-18 20:00:00,24.53
2022-08-18 21:00:00,27.078
2022-08-18 22:00:00,29.589
2022-08-18 23:00:00,30.152
2022-08-19 00:00:00,28.966
2022-08-19 01:00:00,26.459
2022-08-19 02:00:00,27.448
2022-08-19 03:00:00,27.74
2022-08-19 04:00:00,27.567
2022-08-19 05:00:00,28.747
2022-08-19 06:00:00,25.214
2022-08-19 07:00:00,23.47
2022-08-19 08:00:00,27.063
2022-08-19 09:00:00,28.576
2022-08-19 10:00:00,23.202
2022-08-19 11:00:00,16.944
2022-08-19 12:00:00,12.608
2022-08-19 13:00:00,9.656
2022-08-19 14:00:00,7.503
2022-08-19 15:00:00,4.556
2022-08-19 16:00:00,2.25
2022-08-19 17:00:00,2.465
2022-08-19 18:00:00,6.698
2022-08-19 19:00:00,16.166
2022-08-19 20:00:00,23.902
2022-08-19 21:00:00,27.765
2022-08-19 22:00:00,31.859
2022-08-19 23:00:00,31.192
2022-08-20 00:00:00,30.394
2022-08-20 01:00:00,30.282
2022-08-20 02:00:00,31.984
2022-08-20 03:00:00,34.331
2022-08-20 04:00:00,36.427
2022-08-20 05:00:00,36.589
2022-08-20 06:00:00,32.794
2022-08-20 07:00:00,33.993
2022-08-20 08:00:00,37.413
2022-08-20 09:00:00,35.844
2022-08-20 10:00:00,32.577
2022-08-20 11:00:00,29.589
2022-08-20 12:00:00,27.494
2022-08-20 13:00:00,24.629
2022-08-20 14:00:00,22.355
2022-08-20 15:00:00,20.933
2022-08-20 16:00:00,18.678
2022-08-20 17:00:00,13.659
2022-08-20 18:00:00,9.674
2022-08-20 19:00:00,6.102
2022-08-20 20:00:00,3.281
2022-08-20 21:00:00,3.007
2022-08-20 22:00:00,2.614
2022-08-20 23:00:00,2.406
2022-08-21 00:00:00,3.266
2022-08-21 01:00:00,3.625
2022-08-21 02:00:00,3.893
2022-08-21 03:00:00,3.404
2022-08-21 04:00:00,1.997
2022-08-21 05:00:00,0.965
2022-08-21 06:00:00,0.166
2022-08-21 07:00:00,0.006
2022-08-21 08:00:00,0.008
2022-08-21 09:00:00,0.041
2022-08-21 10:00:00,0.163
2022-08-21 11:00:00,0.452
2022-08-21 12:00:00,0.33
2022-08-21 13:00:00,0.125
2022-08-21 14:00:00,0.125
2022-08-21 15:00:00,0.479
2022-08-21 16:00:00,1.807
2022-08-21 17:00:00,6.233
2022-08-21 18:00:00,12.741
2022-08-21 19:00:00,16.302
2022-08-21 20:00:00,19.28
2022-08-21 21:00:00,22.127
2022-08-21 22:00:00,22.461
2022-08-21 23:00:00,21.092
2022-08-22 00:00:00,20.933
2022-08-22 01:00:00,22.597
2022-08-22 02:00:00,23.793
2022-08-22 03:00:00,23.954
2022-08-22 04:00:00,25.133
2022-08-22 05:00:00,25.083
2022-08-22 06:00:00,21.489
2022-08-22 07:00:00,19.902
2022-08-22 08:00:00,17.809
2022-08-22 09:00:00,19.054
2022-08-22 10:00:00,21.798
2022-08-22 11:00:00,23.778
2022-08-22 12:00:00,23.264
2022-08-22 13:00:00,21.242
2022-08-22 14:00:00,19.522
2022-08-22 15:00:00,16.828
2022-08-22 16:00:00,12.251
2022-08-22 17:00:00,7.657
2022-08-22 18:00:00,5.178
2022-08-22 19:00:00,4.919
2022-08-22 20:00:00,13.024
2022-08-22 21:00:00,35.801
2022-08-22 22:00:00,44.781
2022-08-22 23:00:00,47.005
2022-08-23 00:00:00,47.217
2022-08-23 01:00:00,46.936
2022-08-23 02:00:00,46.309
2022-08-23 03:00:00,45.812
2022-08-23 04:00:00,44.942
2022-08-23 05:00:00,42.412
2022-08-23 06:00:00,38.298
2022-08-23 07:00:00,34.766
2022-08-23 08:00:00,38.204
2022-08-23 09:00:00,39.358
2022-08-23 10:00:00,39.322
2022-08-23 11:00:00,39.224
2022-08-23 12:00:00,38.998
2022-08-23 13:00:00,37.412
2022-08-23 14:00:00,34.676
2022-08-23 15:00:00,31.661
2022-08-23 16:00:00,26.83
2022-08-23 17:00:00,21.798
2022-08-23 18:00:00,24.193
2022-08-23 19:00:00,26.534
2022-08-23 20:00:00,26.688
2022-08-23 21:00:00,25.718
2022-08-23 22:00:00,23.901
2022-08-23 23:00:00,22.558
2022-08-24 00:00:00,22.193
2022-08-24 01:00:00,22.169
2022-08-24 02:00:00,21.798
2022-08-24 03:00:00,21.365
2022-08-24 04:00:00,20.878
2022-08-24 05:00:00,19.279
2022-08-24 06:00:00,13.55
2022-08-24 07:00:00,9.355
2022-08-24 08:00:00,10.058
2022-08-24 09:00:00,9.047
2022-08-24 10:00:00,7.502
2022-08-24 11:00:00,6.298
2022-08-24 12:00:00,5.19
2022-08-24 13:00:00,3.997
2022-08-24 14:00:00,2.989
2022-08-24 15:00:00,1.977
2022-08-24 16:00:00,1.28
2022-08-24 17:00:00,0.877
2022-08-24 18:00:00,0.621
2022-08-24 19:00:00,0.186
2022-08-24 20:00:00,0.009000000000000001
2022-08-24 21:00:00,0.0
2022-08-24 22:00:00,0.032
2022-08-24 23:00:00,0.239
2022-08-25 00:00:00,0.745
2022-08-25 01:00:00,1.512
2022-08-25 02:00:00,2.237
2022-08-25 03:00:00,2.979
2022-08-25 04:00:00,3.089
2022-08-25 05:00:00,3.046
2022-08-25 06:00:00,2.805
2022-08-25 07:00:00,1.937
2022-08-25 08:00:00,2.742
2022-08-25 09:00:00,3.912
2022-08-25 10:00:00,4.534
2022-08-25 11:00:00,5.444
2022-08-25 12:00:00,6.1
2022-08-25 13:00:00,5.396
2022-08-25 14:00:00,4.92
2022-08-25 15:00:00,5.125
2022-08-25 16:00:00,5.242
2022-08-25 17:00:00,4.546
2022-08-25 18:00:00,4.451
2022-08-25 19:00:00,4.809
2022-08-25 20:00:00,6.007
2022-08-25 21:00:00,7.595
2022-08-25 22:00:00,9.047
2022-08-25 23:00:00,9.64
2022-08-26 00:00:00,9.264
2022-08-26 01:00:00,8.518
2022-08-26 02:00:00,8.254
2022-08-26 03:00:00,7.329
2022-08-26 04:00:00,6.659
2022-08-26 05:00:00,5.736
2022-08-26 06:00:00,3.013
2022-08-26 07:00:00,1.168
2022-08-26 08:00:00,0.93
2022-08-26 09:00:00,1.512
2022-08-26 10:00:00,3.267
2022-08-26 11:00:00,5.543
2022-08-26 12:00:00,7.429
2022-08-26 13:00:00,8.937
2022-08-26 14:00:00,10.501
2022-08-26 15:00:00,11.139
2022-08-26 16:00:00,9.553
2022-08-26 17:00:00,7.127
2022-08-26 18:00:00,6.286
2022-08-26 19:00:00,7.205
2022-08-26 20:00:00,10.326
2022-08-26 21:00:00,16.827
2022-08-26 22:00:00,23.731
2022-08-26 23:00:00,29.198
2022-08-27 00:00:00,30.066
2022-08-27 01:00:00,30.057
2022-08-27 02:00:00,29.885
2022-08-27 03:00:00,29.046
2022-08-27 04:00:00,27.614
2022-08-27 05:00:00,24.885
2022-08-27 06:00:00,19.18
2022-08-27 07:00:00,12.338
2022-08-27 08:00:00,15.785
2022-08-27 09:00:00,18.207
2022-08-27 10:00:00,19.279
2022-08-27 11:00:00,19.179
2022-08-27 12:00:00,18.192
2022-08-27 13:00:00,17.557
2022-08-27 14:00:00,17.239
2022-08-27 15:00:00,15.899
2022-08-27 16:00:00,14.487
2022-08-27 17:00:00,12.294
2022-08-27 18:00:00,9.332
2022-08-27 19:00:00,6.687
2022-08-27 20:00:00,5.033
2022-08-27 21:00:00,3.247
2022-08-27 22:00:00,1.977
2022-08-27 23:00:00,1.734
2022-08-28 00:00:00,2.461
2022-08-28 01:00:00,3.329
2022-08-28 02:00:00,3.98
2022-08-28 03:00:00,5.288
2022-08-28 04:00:00,6.811
2022-08-28 05:00:00,6.835
2022-08-28 06:00:00,5.53
2022-08-28 07:00:00,3.672
2022-08-28 08:00:00,3.729
2022-08-28 09:00:00,3.401
2022-08-28 10:00:00,3.637
2022-08-28 11:00:00,3.452
2022-08-28 12:00:00,1.974
2022-08-28 13:00:00,0.979
2022-08-28 14:00:00,1.09
2022-08-28 15:00:00,1.695
2022-08-28 16:00:00,1.206
2022-08-28 17:00:00,0.08
2022-08-28 18:00:00,0.173
2022-08-28 19:00:00,1.547
2022-08-28 20:00:00,1.267
2022-08-28 21:00:00,2.322
2022-08-28 22:00:00,1.559
2022-08-28 23:00:00,0.442
2022-08-29 00:00:00,0.088
2022-08-29 01:00:00,0.142
2022-08-29 02:00:00,0.23
2022-08-29 03:00:00,0.42
2022-08-29 04:00:00,0.458
2022-08-29 05:00:00,0.5
2022-08-29 06:00:00,0.461
2022-08-29 07:00:00,0.352
2022-08-29 08:00:00,0.5660000000000001
2022-08-29 09:00:00,0.847
2022-08-29 10:00:00,0.893
2022-08-29 11:00:00,0.428
2022-08-29 12:00:00,0.053
2022-08-29 13:00:00,0.002
2022-08-29 14:00:00,0.0
2022-08-29 15:00:00,0.009000000000000001
2022-08-29 16:00:00,0.287
2022-08-29 17:00:00,1.744
2022-08-29 18:00:00,4.154
2022-08-29 19:00:00,4.815
2022-08-29 20:00:00,5.876
2022-08-29 21:00:00,6.048
2022-08-29 22:00:00,6.697
2022-08-29 23:00:00,7.19
2022-08-30 00:00:00,6.991
2022-08-30 01:00:00,8.616
2022-08-30 02:00:00,13.424
2022-08-30 03:00:00,18.192
2022-08-30 04:00:00,18.856
2022-08-30 05:00:00,16.078
2022-08-30 06:00:00,12.414
2022-08-30 07:00:00,7.992
2022-08-30 08:00:00,5.902
2022-08-30 09:00:00,3.746
2022-08-30 10:00:00,2.157
2022-08-30 11:00:00,1.983
2022-08-30 12:00:00,2.883
2022-08-30 13:00:00,4.587
2022-08-30 14:00:00,6.192
2022-08-30 15:00:00,7.181
2022-08-30 16:00:00,7.016
2022-08-30 17:00:00,6.179
2022-08-30 18:00:00,6.255
2022-08-30 19:00:00,6.292
2022-08-30 20:00:00,6.607
2022-08-30 21:00:00,6.885
2022-08-30 22:00:00,7.629
2022-08-30 23:00:00,9.046
2022-08-31 00:00:00,10.938
2022-08-31 01:00:00,12.499
2022-08-31 02:00:00,13.129
2022-08-31 03:00:00,12.602
2022-08-31 04:00:00,11.584
2022-08-31 05:00:00,9.741
2022-08-31 06:00:00,6.241
2022-08-31 07:00:00,4.502
2022-08-31 08:00:00,4.519
2022-08-31 09:00:00,3.654
2022-08-31 10:00:00,3.115
2022-08-31 11:00:00,3.489
2022-08-31 12:00:00,4.399
2022-08-31 13:00:00,5.531
2022-08-31 14:00:00,6.726
2022-08-31 15:00:00,7.781
2022-08-31 16:00:00,8.018
2022-08-31 17:00:00,6.367
2022-08-31 18:00:00,4.643
2022-08-31 19:00:00,2.545
2022-08-31 20:00:00,1.093
2022-08-31 21:00:00,0.344
2022-08-31 22:00:00,0.123
2022-08-31 23:00:00,0.108
2022-09-01 00:00:00,0.225
2022-09-01 01:00:00,0.524
2022-09-01 02:00:00,1.213
2022-09-01 03:00:00,2.701
2022-09-01 04:00:00,5.444
2022-09-01 05:00:00,8.222
2022-09-01 06:00:00,8.952
2022-09-01 07:00:00,8.569
2022-09-01 08:00:00,12.474
2022-09-01 09:00:00,13.876
2022-09-01 10:00:00,12.655
2022-09-01 11:00:00,11.583
2022-09-01 12:00:00,11.138
2022-09-01 13:00:00,11.027
2022-09-01 14:00:00,11.148
2022-09-01 15:00:00,11.817
2022-09-01 16:00:00,12.866
2022-09-01 17:00:00,13.719
2022-09-01 18:00:00,16.469
2022-09-01 19:00:00,16.849
2022-09-01 20:00:00,15.609
2022-09-01 21:00:00,13.134
2022-09-01 22:00:00,10.509
2022-09-01 23:00:00,10.686
2022-09-02 00:00:00,13.99
2022-09-02 01:00:00,18.06
2022-09-02 02:00:00,21.696
2022-09-02 03:00:00,23.987
2022-09-02 04:00:00,25.55
2022-09-02 05:00:00,23.677
2022-09-02 06:00:00,17.257
2022-09-02 07:00:00,11.987
2022-09-02 08:00:00,12.288
2022-09-02 09:00:00,9.503
2022-09-02 10:00:00,6.66
2022-09-02 11:00:00,5.889
2022-09-02 12:00:00,7.147
2022-09-02 13:00:00,9.073
2022-09-02 14:00:00,11.152
2022-09-02 15:00:00,13.014
2022-09-02 16:00:00,13.439
2022-09-02 17:00:00,12.395
2022-09-02 18:00:00,13.352
2022-09-02 19:00:00,12.502
2022-09-02 20:00:00,10.669
2022-09-02 21:00:00,8.733
2022-09-02 22:00:00,7.502
2022-09-02 23:00:00,9.741
2022-09-03 00:00:00,14.102
2022-09-03 01:00:00,16.902
2022-09-03 02:00:00,17.076
2022-09-03 03:00:00,18.484
2022-09-03 04:00:00,20.257
2022-09-03 05:00:00,20.625
2022-09-03 06:00:00,13.877
2022-09-03 07:00:00,10.326
2022-09-03 08:00:00,11.585
2022-09-03 09:00:00,8.962
2022-09-03 10:00:00,6.845
2022-09-03 11:00:00,5.929
2022-09-03 12:00:00,6.695
2022-09-03 13:00:00,7.957
2022-09-03 14:00:00,9.348
2022-09-03 15:00:00,9.047
2022-09-03 16:00:00,7.386
2022-09-03 17:00:00,7.749
2022-09-03 18:00:00,6.112
2022-09-03 19:00:00,5.645
2022-09-03 20:00:00,6.892
2022-09-03 21:00:00,7.538
2022-09-03 22:00:00,8.558
2022-09-03 23:00:00,9.663
2022-09-04 00:00:00,8.975999999999999
2022-09-04 01:00:00,9.485
2022-09-04 02:00:00,14.952
2022-09-04 03:00:00,22.911
2022-09-04 04:00:00,29.074
2022-09-04 05:00:00,30.282
2022-09-04 06:00:00,28.029
2022-09-04 07:00:00,26.841
2022-09-04 08:00:00,28.223
2022-09-04 09:00:00,26.383
2022-09-04 10:00:00,18.721
2022-09-04 11:00:00,9.133
2022-09-04 12:00:00,3.73
2022-09-04 13:00:00,1.778
2022-09-04 14:00:00,1.042
2022-09-04 15:00:00,0.868
2022-09-04 16:00:00,0.769
2022-09-04 17:00:00,0.229
2022-09-04 18:00:00,0.0
2022-09-04 19:00:00,0.0
2022-09-04 20:00:00,0.017
2022-09-04 21:00:00,0.49
2022-09-04 22:00:00,1.706
2022-09-04 23:00:00,2.241
2022-09-05 00:00:00,1.626
2022-09-05 01:00:00,0.531
2022-09-05 02:00:00,0.146
2022-09-05 03:00:00,0.011
2022-09-05 04:00:00,0.004
2022-09-05 05:00:00,0.035
2022-09-05 06:00:00,0.201
2022-09-05 07:00:00,0.577
2022-09-05 08:00:00,2.029
2022-09-05 09:00:00,3.528
2022-09-05 10:00:00,4.679
2022-09-05 11:00:00,5.218
2022-09-05 12:00:00,5.345
2022-09-05 13:00:00,6.046
2022-09-05 14:00:00,6.725
2022-09-05 15:00:00,7.004
2022-09-05 16:00:00,6.738
2022-09-05 17:00:00,6.904
2022-09-05 18:00:00,8.443
2022-09-05 19:00:00,7.503
2022-09-05 20:00:00,4.144
2022-09-05 21:00:00,1.409
2022-09-05 22:00:00,0.403
2022-09-05 23:00:00,0.446
2022-09-06 00:00:00,0.617
2022-09-06 01:00:00,0.5630000000000001
2022-09-06 02:00:00,0.372
2022-09-06 03:00:00,0.205
2022-09-06 04:00:00,0.193
2022-09-06 05:00:00,1.27
2022-09-06 06:00:00,4.339
2022-09-06 07:00:00,4.345
2022-09-06 08:00:00,6.696
2022-09-06 09:00:00,10.12
2022-09-06 10:00:00,13.024
2022-09-06 11:00:00,16.103
2022-09-06 12:00:00,18.752
2022-09-06 13:00:00,19.849
2022-09-06 14:00:00,18.9
2022-09-06 15:00:00,15.087
2022-09-06 16:00:00,9.152
2022-09-06 17:00:00,4.92
2022-09-06 18:00:00,3.138
2022-09-06 19:00:00,2.554
2022-09-06 20:00:00,2.326
2022-09-06 21:00:00,1.728
2022-09-06 22:00:00,1.147
2022-09-06 23:00:00,1.159
2022-09-07 00:00:00,1.386
2022-09-07 01:00:00,1.674
2022-09-07 02:00:00,2.115
2022-09-07 03:00:00,2.53
2022-09-07 04:00:00,2.662
2022-09-07 05:00:00,2.26
2022-09-07 06:00:00,1.417
2022-09-07 07:00:00,0.237
2022-09-07 08:00:00,0.01
2022-09-07 09:00:00,0.053
2022-09-07 10:00:00,0.099
2022-09-07 11:00:00,0.167
2022-09-07 12:00:00,0.407
2022-09-07 13:00:00,0.891
2022-09-07 14:00:00,1.528
2022-09-07 15:00:00,2.002
2022-09-07 16:00:00,2.21
2022-09-07 17:00:00,1.302
2022-09-07 18:00:00,0.119
2022-09-07 19:00:00,0.0
2022-09-07 20:00:00,0.001
2022-09-07 21:00:00,0.114
2022-09-07 22:00:00,1.113
2022-09-07 23:00:00,2.72
2022-09-08 00:00:00,4.199
2022-09-08 01:00:00,5.96
2022-09-08 02:00:00,7.704
2022-09-08 03:00:00,8.657
2022-09-08 04:00:00,8.742
2022-09-08 05:00:00,8.133
2022-09-08 06:00:00,6.502
2022-09-08 07:00:00,2.762
2022-09-08 08:00:00,0.625
2022-09-08 09:00:00,0.515
2022-09-08 10:00:00,0.452
2022-09-08 11:00:00,0.302
2022-09-08 12:00:00,0.302
2022-09-08 13:00:00,0.272
2022-09-08 14:00:00,0.273
2022-09-08 15:00:00,0.286
2022-09-08 16:00:00,0.189
2022-09-08 17:00:00,0.093
2022-09-08 18:00:00,0.022
2022-09-08 19:00:00,0.003
2022-09-08 20:00:00,0.003
2022-09-08 21:00:00,0.007
2022-09-08 22:00:00,0.044
2022-09-08 23:00:00,0.148
2022-09-09 00:00:00,0.383
2022-09-09 01:00:00,0.603
2022-09-09 02:00:00,0.638
2022-09-09 03:00:00,0.632
2022-09-09 04:00:00,0.68
2022-09-09 05:00:00,0.684
2022-09-09 06:00:00,0.599
2022-09-09 07:00:00,0.15
2022-09-09 08:00:00,0.011
2022-09-09 09:00:00,0.067
2022-09-09 10:00:00,0.139
2022-09-09 11:00:00,0.287
2022-09-09 12:00:00,0.373
2022-09-09 13:00:00,0.441
2022-09-09 14:00:00,0.799
2022-09-09 15:00:00,1.646
2022-09-09 16:00:00,2.989
2022-09-09 17:00:00,5.117
2022-09-09 18:00:00,6.964
2022-09-09 19:00:00,7.223
2022-09-09 20:00:00,6.248
2022-09-09 21:00:00,5.073
2022-09-09 22:00:00,3.728
2022-09-09 23:00:00,2.887
2022-09-10 00:00:00,2.261
2022-09-10 01:00:00,1.617
2022-09-10 02:00:00,1.155
2022-09-10 03:00:00,0.834
2022-09-10 04:00:00,0.711
2022-09-10 05:00:00,0.763
2022-09-10 06:00:00,1.017
2022-09-10 07:00:00,0.651
2022-09-10 08:00:00,0.87
2022-09-10 09:00:00,1.263
2022-09-10 10:00:00,1.512
2022-09-10 11:00:00,1.408
2022-09-10 12:00:00,1.264
2022-09-10 13:00:00,1.124
2022-09-10 14:00:00,1.161
2022-09-10 15:00:00,1.533
2022-09-10 16:00:00,2.255
2022-09-10 17:00:00,3.427
2022-09-10 18:00:00,4.463
2022-09-10 19:00:00,4.562
2022-09-10 20:00:00,3.915
2022-09-10 21:00:00,2.795
2022-09-10 22:00:00,1.485
2022-09-10 23:00:00,0.743
2022-09-11 00:00:00,0.432
2022-09-11 01:00:00,0.234
2022-09-11 02:00:00,0.15
2022-09-11 03:00:00,0.1
2022-09-11 04:00:00,0.065
2022-09-11 05:00:00,0.032
2022-09-11 06:00:00,0.009000000000000001
2022-09-11 07:00:00,0.001
2022-09-11 08:00:00,0.0
2022-09-11 09:00:00,0.0
2022-09-11 10:00:00,0.0
2022-09-11 11:00:00,0.001
2022-09-11 12:00:00,0.015
2022-09-11 13:00:00,0.103
2022-09-11 14:00:00,0.391
2022-09-11 15:00:00,0.915
2022-09-11 16:00:00,1.757
2022-09-11 17:00:00,3.057
2022-09-11 18:00:00,4.035
2022-09-11 19:00:00,3.605
2022-09-11 20:00:00,2.816
2022-09-11 21:00:00,2.237
2022-09-11 22:00:00,1.811
2022-09-11 23:00:00,1.349
2022-09-12 00:00:00,0.768
2022-09-12 01:00:00,0.322
2022-09-12 02:00:00,0.142
2022-09-12 03:00:00,0.078
2022-09-12 04:00:00,0.045
2022-09-12 05:00:00,0.037
2022-09-12 06:00:00,0.032
2022-09-12 07:00:00,0.009000000000000001
2022-09-12 08:00:00,0.007
2022-09-12 09:00:00,0.007
2022-09-12 10:00:00,0.014
2022-09-12 11:00:00,0.079
2022-09-12 12:00:00,0.346
2022-09-12 13:00:00,0.773
2022-09-12 14:00:00,1.312
2022-09-12 15:00:00,2.114
2022-09-12 16:00:00,3.387
2022-09-12 17:00:00,5.435
2022-09-12 18:00:00,7.521
2022-09-12 19:00:00,8.002
2022-09-12 20:00:00,7.454
2022-09-12 21:00:00,5.875
2022-09-12 22:00:00,3.796
2022-09-12 23:00:00,2.614
2022-09-13 00:00:00,2.44
2022-09-13 01:00:00,2.875
2022-09-13 02:00:00,3.938
2022-09-13 03:00:00,5.728
2022-09-13 04:00:00,8.357
2022-09-13 05:00:00,10.828
2022-09-13 06:00:00,11.95
2022-09-13 07:00:00,11.101
2022-09-13 08:00:00,15.842
2022-09-13 09:00:00,16.167
2022-09-13 10:00:00,14.989
2022-09-13 11:00:00,13.503
2022-09-13 12:00:00,12.293
2022-09-13 13:00:00,11.457
2022-09-13 14:00:00,11.223
2022-09-13 15:00:00,11.59
2022-09-13 16:00:00,12.499
2022-09-13 17:00:00,14.988
2022-09-13 18:00:00,17.425
2022-09-13 19:00:00,16.46
2022-09-13 20:00:00,15.506
2022-09-13 21:00:00,15.844
2022-09-13 22:00:00,15.536
2022-09-13 23:00:00,15.524
2022-09-14 00:00:00,16.14
2022-09-14 01:00:00,18.155
2022-09-14 02:00:00,21.922
2022-09-14 03:00:00,26.534
2022-09-14 04:00:00,28.508
2022-09-14 05:00:00,28.512
2022-09-14 06:00:00,26.848
2022-09-14 07:00:00,27.494
2022-09-14 08:00:00,35.213
2022-09-14 09:00:00,39.248
2022-09-14 10:00:00,40.165
2022-09-14 11:00:00,40.993
2022-09-14 12:00:00,41.799
2022-09-14 13:00:00,41.66
2022-09-14 14:00:00,41.044
2022-09-14 15:00:00,40.406
2022-09-14 16:00:00,39.431
2022-09-14 17:00:00,38.29
2022-09-14 18:00:00,36.359
2022-09-14 19:00:00,35.441
2022-09-14 20:00:00,33.321
2022-09-14 21:00:00,30.394
2022-09-14 22:00:00,28.416
2022-09-14 23:00:00,24.169
2022-09-15 00:00:00,21.798
2022-09-15 01:00:00,20.017
2022-09-15 02:00:00,18.51
2022-09-15 03:00:00,19.442
2022-09-15 04:00:00,19.523
2022-09-15 05:00:00,18.315
2022-09-15 06:00:00,18.013
2022-09-15 07:00:00,18.976
2022-09-15 08:00:00,17.862
2022-09-15 09:00:00,19.536
2022-09-15 10:00:00,22.912
2022-09-15 11:00:00,27.733
2022-09-15 12:00:00,32.199
2022-09-15 13:00:00,35.515
2022-09-15 14:00:00,37.936
2022-09-15 15:00:00,40.872
2022-09-15 16:00:00,43.123
2022-09-15 17:00:00,44.907
2022-09-15 18:00:00,45.796
2022-09-15 19:00:00,46.083
2022-09-15 20:00:00,46.298
2022-09-15 21:00:00,46.346
2022-09-15 22:00:00,46.739
2022-09-15 23:00:00,47.055
2022-09-16 00:00:00,47.096
2022-09-16 01:00:00,46.965
2022-09-16 02:00:00,46.669
2022-09-16 03:00:00,46.433
2022-09-16 04:00:00,46.184
2022-09-16 05:00:00,45.031
2022-09-16 06:00:00,42.401
2022-09-16 07:00:00,38.406
2022-09-16 08:00:00,32.828
2022-09-16 09:00:00,28.471
2022-09-16 10:00:00,24.884
2022-09-16 11:00:00,23.273
2022-09-16 12:00:00,22.644
2022-09-16 13:00:00,23.827
2022-09-16 14:00:00,26.123
2022-09-16 15:00:00,28.031
2022-09-16 16:00:00,27.91
2022-09-16 17:00:00,23.744
2022-09-16 18:00:00,19.523
2022-09-16 19:00:00,16.431
2022-09-16 20:00:00,15.144
2022-09-16 21:00:00,13.391
2022-09-16 22:00:00,12.326
2022-09-16 23:00:00,9.93
2022-09-17 00:00:00,6.892
2022-09-17 01:00:00,5.079
2022-09-17 02:00:00,4.243
2022-09-17 03:00:00,3.98
2022-09-17 04:00:00,4.139
2022-09-17 05:00:00,4.377
2022-09-17 06:00:00,3.82
2022-09-17 07:00:00,2.268
2022-09-17 08:00:00,1.386
2022-09-17 09:00:00,0.681
2022-09-17 10:00:00,0.437
2022-09-17 11:00:00,0.437
2022-09-17 12:00:00,0.527
2022-09-17 13:00:00,0.679
2022-09-17 14:00:00,0.888
2022-09-17 15:00:00,1.156
2022-09-17 16:00:00,1.446
2022-09-17 17:00:00,2.118
2022-09-17 18:00:00,2.702
2022-09-17 19:00:00,2.027
2022-09-17 20:00:00,0.756
2022-09-17 21:00:00,0.085
2022-09-17 22:00:00,0.001
2022-09-17 23:00:00,0.001
2022-09-18 00:00:00,0.155
2022-09-18 01:00:00,1.134
2022-09-18 02:00:00,2.582
2022-09-18 03:00:00,4.526
2022-09-18 04:00:00,7.918
2022-09-18 05:00:00,12.04
2022-09-18 06:00:00,15.272
2022-09-18 07:00:00,11.182
2022-09-18 08:00:00,11.039
2022-09-18 09:00:00,16.926
2022-09-18 10:00:00,21.365
2022-09-18 11:00:00,26.071
2022-09-18 12:00:00,31.156
2022-09-18 13:00:00,35.754
2022-09-18 14:00:00,38.877
2022-09-18 15:00:00,41.083
2022-09-18 16:00:00,41.779
2022-09-18 17:00:00,43.064
2022-09-18 18:00:00,44.49
2022-09-18 19:00:00,45.506
2022-09-18 20:00:00,46.081
2022-09-18 21:00:00,46.427
2022-09-18 22:00:00,46.549
2022-09-18 23:00:00,46.621
2022-09-19 00:00:00,46.777
2022-09-19 01:00:00,46.924
2022-09-19 02:00:00,47.042
2022-09-19 03:00:00,47.22
2022-09-19 04:00:00,47.306
2022-09-19 05:00:00,47.337
2022-09-19 06:00:00,47.287
2022-09-19 07:00:00,47.208
2022-09-19 08:00:00,47.339
2022-09-19 09:00:00,47.373
2022-09-19 10:00:00,47.374
2022-09-19 11:00:00,47.358
2022-09-19 12:00:00,47.265
2022-09-19 13:00:00,47.133
2022-09-19 14:00:00,47.075
2022-09-19 15:00:00,46.868
2022-09-19 16:00:00,46.143
2022-09-19 17:00:00,46.007
2022-09-19 18:00:00,45.895
2022-09-19 19:00:00,44.793
2022-09-19 20:00:00,44.247
2022-09-19 21:00:00,43.668
2022-09-19 22:00:00,43.485
2022-09-19 23:00:00,43.347
2022-09-20 00:00:00,43.159
2022-09-20 01:00:00,42.901
2022-09-20 02:00:00,42.459
2022-09-20 03:00:00,41.966
2022-09-20 04:00:00,41.382
2022-09-20 05:00:00,39.47
2022-09-20 06:00:00,36.24
2022-09-20 07:00:00,28.701
2022-09-20 08:00:00,26.907
2022-09-20 09:00:00,28.474
2022-09-20 10:00:00,24.079
2022-09-20 11:00:00,18.734
2022-09-20 12:00:00,13.828
2022-09-20 13:00:00,10.861
2022-09-20 14:00:00,9.133
2022-09-20 15:00:00,7.689
2022-09-20 16:00:00,6.274
2022-09-20 17:00:00,7.188
2022-09-20 18:00:00,9.224
2022-09-20 19:00:00,9.553
2022-09-20 20:00:00,8.906
2022-09-20 21:00:00,7.93
2022-09-20 22:00:00,6.756
2022-09-20 23:00:00,4.921
2022-09-21 00:00:00,3.386
2022-09-21 01:00:00,2.579
2022-09-21 02:00:00,2.122
2022-09-21 03:00:00,1.644
2022-09-21 04:00:00,1.156
2022-09-21 05:00:00,0.655
2022-09-21 06:00:00,0.395
2022-09-21 07:00:00,0.154
2022-09-21 08:00:00,0.006
2022-09-21 09:00:00,0.0
2022-09-21 10:00:00,0.0
2022-09-21 11:00:00,0.01
2022-09-21 12:00:00,0.114
2022-09-21 13:00:00,0.481
2022-09-21 14:00:00,1.283
2022-09-21 15:00:00,2.734
2022-09-21 16:00:00,5.13
2022-09-21 17:00:00,9.732
2022-09-21 18:00:00,14.377
2022-09-21 19:00:00,17.167
2022-09-21 20:00:00,19.096
2022-09-21 21:00:00,20.591
2022-09-21 22:00:00,21.536
2022-09-21 23:00:00,22.768
2022-09-22 00:00:00,22.911
2022-09-22 01:00:00,22.169
2022-09-22 02:00:00,21.517
2022-09-22 03:00:00,21.15
2022-09-22 04:00:00,20.625
2022-09-22 05:00:00,19.733
2022-09-22 06:00:00,17.717
2022-09-22 07:00:00,13.129
2022-09-22 08:00:00,14.13
2022-09-22 09:00:00,19.146
2022-09-22 10:00:00,21.903
2022-09-22 11:00:00,24.04
2022-09-22 12:00:00,25.988
2022-09-22 13:00:00,27.101
2022-09-22 14:00:00,26.694
2022-09-22 15:00:00,24.781
2022-09-22 16:00:00,21.511
2022-09-22 17:00:00,20.626
2022-09-22 18:00:00,24.037
2022-09-22 19:00:00,27.086
2022-09-22 20:00:00,28.473
2022-09-22 21:00:00,30.394
2022-09-22 22:00:00,29.575
2022-09-22 23:00:00,27.613
2022-09-23 00:00:00,28.097
2022-09-23 01:00:00,37.098
2022-09-23 02:00:00,40.014
2022-09-23 03:00:00,39.914
2022-09-23 04:00:00,40.134
2022-09-23 05:00:00,39.364
2022-09-23 06:00:00,37.786
2022-09-23 07:00:00,35.52
2022-09-23 08:00:00,43.289
2022-09-23 09:00:00,43.662
2022-09-23 10:00:00,43.028
2022-09-23 11:00:00,43.163
2022-09-23 12:00:00,43.377
2022-09-23 13:00:00,42.732
2022-09-23 14:00:00,41.104
2022-09-23 15:00:00,37.59
2022-09-23 16:00:00,31.299
2022-09-23 17:00:00,24.631
2022-09-23 18:00:00,21.333
2022-09-23 19:00:00,18.312
2022-09-23 20:00:00,16.665
2022-09-23 21:00:00,16.816
2022-09-23 22:00:00,17.11
2022-09-23 23:00:00,17.487
2022-09-24 00:00:00,17.387
2022-09-24 01:00:00,16.424
2022-09-24 02:00:00,15.475
2022-09-24 03:00:00,15.182
2022-09-24 04:00:00,16.309
2022-09-24 05:00:00,18.938
2022-09-24 06:00:00,20.625
2022-09-24 07:00:00,13.579
2022-09-24 08:00:00,8.742
2022-09-24 09:00:00,10.833
2022-09-24 10:00:00,12.293
2022-09-24 11:00:00,13.234
2022-09-24 12:00:00,13.333
2022-09-24 13:00:00,13.024
2022-09-24 14:00:00,12.857
2022-09-24 15:00:00,11.205
2022-09-24 16:00:00,9.855
2022-09-24 17:00:00,9.762
2022-09-24 18:00:00,10.083
2022-09-24 19:00:00,11.452
2022-09-24 20:00:00,13.401
2022-09-24 21:00:00,13.837
2022-09-24 22:00:00,13.837
2022-09-24 23:00:00,12.499
2022-09-25 00:00:00,10.921
2022-09-25 01:00:00,9.59
2022-09-25 02:00:00,8.798
2022-09-25 03:00:00,8.444
2022-09-25 04:00:00,8.358
2022-09-25 05:00:00,7.927
2022-09-25 06:00:00,7.109
2022-09-25 07:00:00,3.523
2022-09-25 08:00:00,2.023
2022-09-25 09:00:00,6.659
2022-09-25 10:00:00,9.388
2022-09-25 11:00:00,10.429
2022-09-25 12:00:00,10.856
2022-09-25 13:00:00,10.466
2022-09-25 14:00:00,9.221
2022-09-25 15:00:00,7.908
2022-09-25 16:00:00,6.943
2022-09-25 17:00:00,7.567
2022-09-25 18:00:00,8.655
2022-09-25 19:00:00,9.462
2022-09-25 20:00:00,10.889
2022-09-25 21:00:00,11.872
2022-09-25 22:00:00,11.576
2022-09-25 23:00:00,11.138
2022-09-26 00:00:00,10.767
2022-09-26 01:00:00,10.382
2022-09-26 02:00:00,9.899000000000001
2022-09-26 03:00:00,9.276
2022-09-26 04:00:00,9.145
2022-09-26 05:00:00,7.998
2022-09-26 06:00:00,5.838
2022-09-26 07:00:00,2.003
2022-09-26 08:00:00,0.8140000000000001
2022-09-26 09:00:00,0.779
2022-09-26 10:00:00,0.211
2022-09-26 11:00:00,0.092
2022-09-26 12:00:00,0.07
2022-09-26 13:00:00,0.066
2022-09-26 14:00:00,0.068
2022-09-26 15:00:00,0.06
2022-09-26 16:00:00,0.051
2022-09-26 17:00:00,0.147
2022-09-26 18:00:00,0.607
2022-09-26 19:00:00,1.507
2022-09-26 20:00:00,2.238
2022-09-26 21:00:00,2.355
2022-09-26 22:00:00,2.437
2022-09-26 23:00:00,2.559
2022-09-27 00:00:00,2.256
2022-09-27 01:00:00,2.934
2022-09-27 02:00:00,3.776
2022-09-27 03:00:00,3.075
2022-09-27 04:00:00,3.102
2022-09-27 05:00:00,3.419
2022-09-27 06:00:00,2.544
2022-09-27 07:00:00,0.922
2022-09-27 08:00:00,0.141
2022-09-27 09:00:00,0.03
2022-09-27 10:00:00,0.004
2022-09-27 11:00:00,0.0
2022-09-27 12:00:00,0.0
2022-09-27 13:00:00,0.003
2022-09-27 14:00:00,0.001
2022-09-27 15:00:00,0.01
2022-09-27 16:00:00,0.326
2022-09-27 17:00:00,1.227
2022-09-27 18:00:00,2.192
2022-09-27 19:00:00,2.684
2022-09-27 20:00:00,2.525
2022-09-27 21:00:00,2.449
2022-09-27 22:00:00,2.659
2022-09-27 23:00:00,2.114
2022-09-28 00:00:00,1.862
2022-09-28 01:00:00,1.652
2022-09-28 02:00:00,1.481
2022-09-28 03:00:00,0.9500000000000001
2022-09-28 04:00:00,1.159
2022-09-28 05:00:00,1.782
2022-09-28 06:00:00,1.988
2022-09-28 07:00:00,1.174
2022-09-28 08:00:00,0.308
2022-09-28 09:00:00,0.475
2022-09-28 10:00:00,1.007
2022-09-28 11:00:00,1.48
2022-09-28 12:00:00,2.114
2022-09-28 13:00:00,2.731
2022-09-28 14:00:00,2.961
2022-09-28 15:00:00,3.137
2022-09-28 16:00:00,3.944
2022-09-28 17:00:00,7.343
2022-09-28 18:00:00,11.165
2022-09-28 19:00:00,12.292
2022-09-28 20:00:00,12.047
2022-09-28 21:00:00,11.932
2022-09-28 22:00:00,11.385
2022-09-28 23:00:00,11.008
2022-09-29 00:00:00,10.552
2022-09-29 01:00:00,10.077
2022-09-29 02:00:00,9.769
2022-09-29 03:00:00,9.797
2022-09-29 04:00:00,10.273
2022-09-29 05:00:00,10.097
2022-09-29 06:00:00,9.339
2022-09-29 07:00:00,5.663
2022-09-29 08:00:00,6.709
2022-09-29 09:00:00,6.469
2022-09-29 10:00:00,5.379
2022-09-29 11:00:00,5.285
2022-09-29 12:00:00,5.918
2022-09-29 13:00:00,6.971
2022-09-29 14:00:00,8.527
2022-09-29 15:00:00,10.581
2022-09-29 16:00:00,12.864
2022-09-29 17:00:00,15.819
2022-09-29 18:00:00,17.047
2022-09-29 19:00:00,16.89
2022-09-29 20:00:00,17.527
2022-09-29 21:00:00,17.058
2022-09-29 22:00:00,16.419
2022-09-29 23:00:00,16.404
2022-09-30 00:00:00,16.179
2022-09-30 01:00:00,15.899
2022-09-30 02:00:00,15.785
2022-09-30 03:00:00,15.439
2022-09-30 04:00:00,14.876
2022-09-30 05:00:00,13.807
2022-09-30 06:00:00,11.875
2022-09-30 07:00:00,7.578
2022-09-30 08:00:00,9.324
2022-09-30 09:00:00,10.18
2022-09-30 10:00:00,10.509
2022-09-30 11:00:00,11.196
2022-09-30 12:00:00,12.04
2022-09-30 13:00:00,12.5
2022-09-30 14:00:00,12.499
2022-09-30 15:00:00,12.395
2022-09-30 16:00:00,11.667
2022-09-30 17:00:00,13.163
2022-09-30 18:00:00,15.393
2022-09-30 19:00:00,14.868
2022-09-30 20:00:00,13.797
2022-09-30 21:00:00,12.849
2022-09-30 22:00:00,12.293
2022-09-30 23:00:00,12.799
2022-10-01 00:00:00,12.76
2022-10-01 01:00:00,11.397
2022-10-01 02:00:00,9.854
2022-10-01 03:00:00,8.788
2022-10-01 04:00:00,7.798
2022-10-01 05:00:00,6.761
2022-10-01 06:00:00,6.242
2022-10-01 07:00:00,3.982
2022-10-01 08:00:00,5.605
2022-10-01 09:00:00,9.539
2022-10-01 10:00:00,10.295
2022-10-01 11:00:00,11.137
2022-10-01 12:00:00,12.454
2022-10-01 13:00:00,13.696
2022-10-01 14:00:00,14.149
2022-10-01 15:00:00,11.829
2022-10-01 16:00:00,10.624
2022-10-01 17:00:00,12.304
2022-10-01 18:00:00,14.588
2022-10-01 19:00:00,17.893
2022-10-01 20:00:00,17.893
2022-10-01 21:00:00,16.125
2022-10-01 22:00:00,18.312
2022-10-01 23:00:00,23.345
2022-10-02 00:00:00,25.785
2022-10-02 01:00:00,27.494
2022-10-02 02:00:00,31.768
2022-10-02 03:00:00,34.723
2022-10-02 04:00:00,36.253
2022-10-02 05:00:00,37.399
2022-10-02 06:00:00,36.191
2022-10-02 07:00:00,30.634
2022-10-02 08:00:00,26.028
2022-10-02 09:00:00,23.593
2022-10-02 10:00:00,23.299
2022-10-02 11:00:00,20.347
2022-10-02 12:00:00,19.4
2022-10-02 13:00:00,21.515
2022-10-02 14:00:00,27.613
2022-10-02 15:00:00,26.455
2022-10-02 16:00:00,20.334
2022-10-02 17:00:00,9.538
2022-10-02 18:00:00,3.616
2022-10-02 19:00:00,1.192
2022-10-02 20:00:00,0.432
2022-10-02 21:00:00,0.463
2022-10-02 22:00:00,1.08
2022-10-02 23:00:00,1.947
2022-10-03 00:00:00,2.24
2022-10-03 01:00:00,2.017
2022-10-03 02:00:00,2.02
2022-10-03 03:00:00,2.997
2022-10-03 04:00:00,3.265
2022-10-03 05:00:00,2.804
2022-10-03 06:00:00,5.779
2022-10-03 07:00:00,6.23
2022-10-03 08:00:00,6.102
2022-10-03 09:00:00,6.791
2022-10-03 10:00:00,8.443
2022-10-03 11:00:00,10.416
2022-10-03 12:00:00,9.207
2022-10-03 13:00:00,7.959
2022-10-03 14:00:00,12.575
2022-10-03 15:00:00,33.084
2022-10-03 16:00:00,45.28
2022-10-03 17:00:00,46.987
2022-10-03 18:00:00,47.272
2022-10-03 19:00:00,47.324
2022-10-03 20:00:00,47.327
2022-10-03 21:00:00,47.292
2022-10-03 22:00:00,47.273
2022-10-03 23:00:00,47.336
2022-10-04 00:00:00,47.374
2022-10-04 01:00:00,47.352
2022-10-04 02:00:00,47.278
2022-10-04 03:00:00,47.151
2022-10-04 04:00:00,47.043
2022-10-04 05:00:00,47.049
2022-10-04 06:00:00,47.302
2022-10-04 07:00:00,47.358
2022-10-04 08:00:00,47.353
2022-10-04 09:00:00,47.364
2022-10-04 10:00:00,47.176
2022-10-04 11:00:00,46.925
2022-10-04 12:00:00,46.8
2022-10-04 13:00:00,46.703
2022-10-04 14:00:00,46.63
2022-10-04 15:00:00,46.534
2022-10-04 16:00:00,46.402
2022-10-04 17:00:00,45.892
2022-10-04 18:00:00,44.937
2022-10-04 19:00:00,43.958
2022-10-04 20:00:00,42.939
2022-10-04 21:00:00,42.761
2022-10-04 22:00:00,42.817
2022-10-04 23:00:00,43.042
2022-10-05 00:00:00,43.413
2022-10-05 01:00:00,43.507
2022-10-05 02:00:00,43.366
2022-10-05 03:00:00,43.503
2022-10-05 04:00:00,43.526
2022-10-05 05:00:00,42.133
2022-10-05 06:00:00,38.59
2022-10-05 07:00:00,33.085
2022-10-05 08:00:00,38.511
2022-10-05 09:00:00,39.845
2022-10-05 10:00:00,39.367
2022-10-05 11:00:00,38.049
2022-10-05 12:00:00,36.56
2022-10-05 13:00:00,37.252
2022-10-05 14:00:00,36.328
2022-10-05 15:00:00,29.7
2022-10-05 16:00:00,23.902
2022-10-05 17:00:00,27.614
2022-10-05 18:00:00,30.103
2022-10-05 19:00:00,28.213
2022-10-05 20:00:00,25.348
2022-10-05 21:00:00,25.1
2022-10-05 22:00:00,26.276
2022-10-05 23:00:00,26.576
2022-10-06 00:00:00,27.207
2022-10-06 01:00:00,27.375
2022-10-06 02:00:00,27.238
2022-10-06 03:00:00,26.038
2022-10-06 04:00:00,24.457
2022-10-06 05:00:00,22.169
2022-10-06 06:00:00,19.495
2022-10-06 07:00:00,13.991
2022-10-06 08:00:00,9.633
2022-10-06 09:00:00,9.632
2022-10-06 10:00:00,7.82
2022-10-06 11:00:00,6.659
2022-10-06 12:00:00,7.432
2022-10-06 13:00:00,7.801
2022-10-06 14:00:00,7.535
2022-10-06 15:00:00,7.949
2022-10-06 16:00:00,5.903
2022-10-06 17:00:00,2.976
2022-10-06 18:00:00,1.033
2022-10-06 19:00:00,0.464
2022-10-06 20:00:00,0.55
2022-10-06 21:00:00,1.385
2022-10-06 22:00:00,3.782
2022-10-06 23:00:00,7.655
2022-10-07 00:00:00,11.375
2022-10-07 01:00:00,14.669
2022-10-07 02:00:00,17.239
2022-10-07 03:00:00,18.27
2022-10-07 04:00:00,17.513
2022-10-07 05:00:00,14.292
2022-10-07 06:00:00,9.48
2022-10-07 07:00:00,4.451
2022-10-07 08:00:00,1.39
2022-10-07 09:00:00,0.402
2022-10-07 10:00:00,0.142
2022-10-07 11:00:00,0.06
2022-10-07 12:00:00,0.042
2022-10-07 13:00:00,0.07
2022-10-07 14:00:00,0.162
2022-10-07 15:00:00,0.254
2022-10-07 16:00:00,0.347
2022-10-07 17:00:00,0.489
2022-10-07 18:00:00,0.605
2022-10-07 19:00:00,0.91
2022-10-07 20:00:00,1.645
2022-10-07 21:00:00,3.209
2022-10-07 22:00:00,5.684
2022-10-07 23:00:00,7.597
2022-10-08 00:00:00,8.359
2022-10-08 01:00:00,7.641
2022-10-08 02:00:00,6.658
2022-10-08 03:00:00,5.672
2022-10-08 04:00:00,4.905
2022-10-08 05:00:00,4.359
2022-10-08 06:00:00,4.292
2022-10-08 07:00:00,2.939
2022-10-08 08:00:00,1.501
2022-10-08 09:00:00,3.963
2022-10-08 10:00:00,5.609
2022-10-08 11:00:00,6.834
2022-10-08 12:00:00,8.731
2022-10-08 13:00:00,11.366
2022-10-08 14:00:00,14.102
2022-10-08 15:00:00,15.701
2022-10-08 16:00:00,14.988
2022-10-08 17:00:00,17.048
2022-10-08 18:00:00,20.072
2022-10-08 19:00:00,22.421
2022-10-08 20:00:00,23.531
2022-10-08 21:00:00,23.543
2022-10-08 22:00:00,22.912
2022-10-08 23:00:00,20.629
2022-10-09 00:00:00,17.757
2022-10-09 01:00:00,15.784
2022-10-09 02:00:00,14.638
2022-10-09 03:00:00,14.375
2022-10-09 04:00:00,14.259
2022-10-09 05:00:00,13.882
2022-10-09 06:00:00,12.414
2022-10-09 07:00:00,11.862
2022-10-09 08:00:00,12.5
2022-10-09 09:00:00,17.793
2022-10-09 10:00:00,24.149
2022-10-09 11:00:00,30.393
2022-10-09 12:00:00,36.101
2022-10-09 13:00:00,41.216
2022-10-09 14:00:00,43.421
2022-10-09 15:00:00,43.832
2022-10-09 16:00:00,42.684
2022-10-09 17:00:00,39.996
2022-10-09 18:00:00,35.062
2022-10-09 19:00:00,32.204
2022-10-09 20:00:00,33.457
2022-10-09 21:00:00,37.863
2022-10-09 22:00:00,41.986
2022-10-09 23:00:00,41.437
2022-10-10 00:00:00,39.553
2022-10-10 01:00:00,36.553
2022-10-10 02:00:00,32.284
2022-10-10 03:00:00,28.523
2022-10-10 04:00:00,28.028
2022-10-10 05:00:00,31.877
2022-10-10 06:00:00,34.522
2022-10-10 07:00:00,34.449
2022-10-10 08:00:00,38.584
2022-10-10 09:00:00,43.817
2022-10-10 10:00:00,45.328
2022-10-10 11:00:00,45.88
2022-10-10 12:00:00,46.25
2022-10-10 13:00:00,46.453
2022-10-10 14:00:00,46.161
2022-10-10 15:00:00,45.084
2022-10-10 16:00:00,42.01
2022-10-10 17:00:00,37.873
2022-10-10 18:00:00,34.769
2022-10-10 19:00:00,31.661
2022-10-10 20:00:00,29.12
2022-10-10 21:00:00,26.703
2022-10-10 22:00:00,24.513
2022-10-10 23:00:00,22.17
2022-10-11 00:00:00,19.882
2022-10-11 01:00:00,16.755
2022-10-11 02:00:00,12.867
2022-10-11 03:00:00,9.55
2022-10-11 04:00:00,7.566
2022-10-11 05:00:00,6.559
2022-10-11 06:00:00,5.519
2022-10-11 07:00:00,4.144
2022-10-11 08:00:00,2.804
2022-10-11 09:00:00,2.892
2022-10-11 10:00:00,3.09
2022-10-11 11:00:00,3.739
2022-10-11 12:00:00,4.909
2022-10-11 13:00:00,5.96
2022-10-11 14:00:00,6.972
2022-10-11 15:00:00,7.876
2022-10-11 16:00:00,8.832
2022-10-11 17:00:00,9.119
2022-10-11 18:00:00,6.728
2022-10-11 19:00:00,4.399
2022-10-11 20:00:00,2.669
2022-10-11 21:00:00,1.571
2022-10-11 22:00:00,1.12
2022-10-11 23:00:00,1.394
2022-10-12 00:00:00,2.293
2022-10-12 01:00:00,3.304
2022-10-12 02:00:00,4.105
2022-10-12 03:00:00,4.848
2022-10-12 04:00:00,5.848
2022-10-12 05:00:00,6.218
2022-10-12 06:00:00,4.948
2022-10-12 07:00:00,2.52
2022-10-12 08:00:00,0.393
2022-10-12 09:00:00,0.042
2022-10-12 10:00:00,0.001
2022-10-12 11:00:00,0.0
2022-10-12 12:00:00,0.0
2022-10-12 13:00:00,0.001
2022-10-12 14:00:00,0.025
2022-10-12 15:00:00,0.077
2022-10-12 16:00:00,0.358
2022-10-12 17:00:00,1.384
2022-10-12 18:00:00,1.995
2022-10-12 19:00:00,2.254
2022-10-12 20:00:00,2.15
2022-10-12 21:00:00,2.14
2022-10-12 22:00:00,2.104
2022-10-12 23:00:00,1.912
2022-10-13 00:00:00,1.41
2022-10-13 01:00:00,0.885
2022-10-13 02:00:00,0.416
2022-10-13 03:00:00,0.103
2022-10-13 04:00:00,0.006
2022-10-13 05:00:00,0.001
2022-10-13 06:00:00,0.003
2022-10-13 07:00:00,0.012
2022-10-13 08:00:00,0.007
2022-10-13 09:00:00,0.01
2022-10-13 10:00:00,0.014
2022-10-13 11:00:00,0.019
2022-10-13 12:00:00,0.022
2022-10-13 13:00:00,0.009000000000000001
2022-10-13 14:00:00,0.005
2022-10-13 15:00:00,0.004
2022-10-13 16:00:00,0.026
2022-10-13 17:00:00,0.244
2022-10-13 18:00:00,0.914
2022-10-13 19:00:00,1.816
2022-10-13 20:00:00,1.772
2022-10-13 21:00:00,1.255
2022-10-13 22:00:00,0.8
2022-10-13 23:00:00,0.585
2022-10-14 00:00:00,0.487
2022-10-14 01:00:00,0.168
2022-10-14 02:00:00,0.037
2022-10-14 03:00:00,0.012
2022-10-14 04:00:00,0.004
2022-10-14 05:00:00,0.001
2022-10-14 06:00:00,0.003
2022-10-14 07:00:00,0.039
2022-10-14 08:00:00,0.017
2022-10-14 09:00:00,0.018
2022-10-14 10:00:00,0.003
2022-10-14 11:00:00,0.0
2022-10-14 12:00:00,0.0
2022-10-14 13:00:00,0.0
2022-10-14 14:00:00,0.001
2022-10-14 15:00:00,0.002
2022-10-14 16:00:00,0.005
2022-10-14 17:00:00,0.046
2022-10-14 18:00:00,0.198
2022-10-14 19:00:00,0.392
2022-10-14 20:00:00,0.449
2022-10-14 21:00:00,0.476
2022-10-14 22:00:00,0.393
2022-10-14 23:00:00,0.204
2022-10-15 00:00:00,0.096
2022-10-15 01:00:00,0.042
2022-10-15 02:00:00,0.017
2022-10-15 03:00:00,0.008
2022-10-15 04:00:00,0.015
2022-10-15 05:00:00,0.053
2022-10-15 06:00:00,0.13
2022-10-15 07:00:00,0.128
2022-10-15 08:00:00,0.033
2022-10-15 09:00:00,0.028
2022-10-15 10:00:00,0.01
2022-10-15 11:00:00,0.001
2022-10-15 12:00:00,0.0
2022-10-15 13:00:00,0.0
2022-10-15 14:00:00,0.0
2022-10-15 15:00:00,0.0
2022-10-15 16:00:00,0.001
2022-10-15 17:00:00,0.007
2022-10-15 18:00:00,0.011
2022-10-15 19:00:00,0.012
2022-10-15 20:00:00,0.006
2022-10-15 21:00:00,0.001
2022-10-15 22:00:00,0.001
2022-10-15 23:00:00,0.001
2022-10-16 00:00:00,0.006
2022-10-16 01:00:00,0.015
2022-10-16 02:00:00,0.058
2022-10-16 03:00:00,0.257
2022-10-16 04:00:00,1.483
2022-10-16 05:00:00,4.604
2022-10-16 06:00:00,9.16
2022-10-16 07:00:00,12.761
2022-10-16 08:00:00,14.443
2022-10-16 09:00:00,22.425
2022-10-16 10:00:00,26.475
2022-10-16 11:00:00,29.982
2022-10-16 12:00:00,32.988
2022-10-16 13:00:00,35.597
2022-10-16 14:00:00,38.078
2022-10-16 15:00:00,39.21
2022-10-16 16:00:00,38.73
2022-10-16 17:00:00,39.043
2022-10-16 18:00:00,39.507
2022-10-16 19:00:00,40.648
2022-10-16 20:00:00,41.706
2022-10-16 21:00:00,41.903
2022-10-16 22:00:00,41.082
2022-10-16 23:00:00,39.688
2022-10-17 00:00:00,39.654
2022-10-17 01:00:00,39.609
2022-10-17 02:00:00,38.677
2022-10-17 03:00:00,38.035
2022-10-17 04:00:00,37.659
2022-10-17 05:00:00,34.44
2022-10-17 06:00:00,28.733
2022-10-17 07:00:00,19.93
2022-10-17 08:00:00,16.827
2022-10-17 09:00:00,26.861
2022-10-17 10:00:00,33.447
2022-10-17 11:00:00,38.376
2022-10-17 12:00:00,40.544
2022-10-17 13:00:00,40.544
2022-10-17 14:00:00,39.773
2022-10-17 15:00:00,38.009
2022-10-17 16:00:00,34.797
2022-10-17 17:00:00,33.188
2022-10-17 18:00:00,32.145
2022-10-17 19:00:00,30.972
2022-10-17 20:00:00,28.654
2022-10-17 21:00:00,24.778
2022-10-17 22:00:00,21.187
2022-10-17 23:00:00,18.598
2022-10-18 00:00:00,17.099
2022-10-18 01:00:00,14.387
2022-10-18 02:00:00,10.273
2022-10-18 03:00:00,6.487
2022-10-18 04:00:00,3.634
2022-10-18 05:00:00,1.701
2022-10-18 06:00:00,1.057
2022-10-18 07:00:00,1.417
2022-10-18 08:00:00,1.598
2022-10-18 09:00:00,4.188
2022-10-18 10:00:00,7.271
2022-10-18 11:00:00,9.64
2022-10-18 12:00:00,11.582
2022-10-18 13:00:00,12.656
2022-10-18 14:00:00,12.802
2022-10-18 15:00:00,11.859
2022-10-18 16:00:00,10.767
2022-10-18 17:00:00,11.04
2022-10-18 18:00:00,8.854
2022-10-18 19:00:00,6.658
2022-10-18 20:00:00,5.101
2022-10-18 21:00:00,4.139
2022-10-18 22:00:00,3.473
2022-10-18 23:00:00,3.478
2022-10-19 00:00:00,3.749
2022-10-19 01:00:00,3.846
2022-10-19 02:00:00,4.061
2022-10-19 03:00:00,4.464
2022-10-19 04:00:00,5.007
2022-10-19 05:00:00,5.335
2022-10-19 06:00:00,4.697
2022-10-19 07:00:00,3.245
2022-10-19 08:00:00,0.906
2022-10-19 09:00:00,0.271
2022-10-19 10:00:00,0.391
2022-10-19 11:00:00,0.342
2022-10-19 12:00:00,0.466
2022-10-19 13:00:00,0.675
2022-10-19 14:00:00,0.968
2022-10-19 15:00:00,1.625
2022-10-19 16:00:00,3.416
2022-10-19 17:00:00,6.58
2022-10-19 18:00:00,8.939
2022-10-19 19:00:00,12.311
2022-10-19 20:00:00,16.013
2022-10-19 21:00:00,17.773
2022-10-19 22:00:00,17.892
2022-10-19 23:00:00,17.297
2022-10-20 00:00:00,16.042
2022-10-20 01:00:00,14.036
2022-10-20 02:00:00,11.944
2022-10-20 03:00:00,10.179
2022-10-20 04:00:00,8.232
2022-10-20 05:00:00,6.305
2022-10-20 06:00:00,4.895
2022-10-20 07:00:00,2.729
2022-10-20 08:00:00,0.973
2022-10-20 09:00:00,2.614
2022-10-20 10:00:00,5.828
2022-10-20 11:00:00,8.688
2022-10-20 12:00:00,11.482
2022-10-20 13:00:00,13.24
2022-10-20 14:00:00,14.093
2022-10-20 15:00:00,14.249
2022-10-20 16:00:00,14.93
2022-10-20 17:00:00,17.892
2022-10-20 18:00:00,20.077
2022-10-20 19:00:00,21.044
2022-10-20 20:00:00,20.879
2022-10-20 21:00:00,20.053
2022-10-20 22:00:00,18.886
2022-10-20 23:00:00,18.192
2022-10-21 00:00:00,17.481
2022-10-21 01:00:00,16.681
2022-10-21 02:00:00,15.554
2022-10-21 03:00:00,13.849
2022-10-21 04:00:00,11.687
2022-10-21 05:00:00,9.396
2022-10-21 06:00:00,7.159
2022-10-21 07:00:00,3.991
2022-10-21 08:00:00,2.024
2022-10-21 09:00:00,3.47
2022-10-21 10:00:00,3.234
2022-10-21 11:00:00,2.821
2022-10-21 12:00:00,2.566
2022-10-21 13:00:00,2.398
2022-10-21 14:00:00,2.176
2022-10-21 15:00:00,2.134
2022-10-21 16:00:00,2.593
2022-10-21 17:00:00,4.346
2022-10-21 18:00:00,6.154
2022-10-21 19:00:00,8.119
2022-10-21 20:00:00,9.764
2022-10-21 21:00:00,10.781
2022-10-21 22:00:00,11.138
2022-10-21 23:00:00,10.724
2022-10-22 00:00:00,10.18
2022-10-22 01:00:00,9.505
2022-10-22 02:00:00,8.742
2022-10-22 03:00:00,8.233
2022-10-22 04:00:00,8.029
2022-10-22 05:00:00,8.195
2022-10-22 06:00:00,8.462
2022-10-22 07:00:00,6.512
2022-10-22 08:00:00,2.241
2022-10-22 09:00:00,0.903
2022-10-22 10:00:00,1.785
2022-10-22 11:00:00,2.468
2022-10-22 12:00:00,4.205
2022-10-22 13:00:00,7.433
2022-10-22 14:00:00,12.655
2022-10-22 15:00:00,17.878
2022-10-22 16:00:00,21.242
2022-10-22 17:00:00,24.627
2022-10-22 18:00:00,25.012
2022-10-22 19:00:00,26.314
2022-10-22 20:00:00,28.113
2022-10-22 21:00:00,29.305
2022-10-22 22:00:00,29.914
2022-10-22 23:00:00,29.956
2022-10-23 00:00:00,28.465
2022-10-23 01:00:00,26.221
2022-10-23 02:00:00,23.901
2022-10-23 03:00:00,21.081
2022-10-23 04:00:00,17.99
2022-10-23 05:00:00,14.871
2022-10-23 06:00:00,12.069
2022-10-23 07:00:00,9.116
2022-10-23 08:00:00,5.98
2022-10-23 09:00:00,6.756
2022-10-23 10:00:00,8.655
2022-10-23 11:00:00,9.659
2022-10-23 12:00:00,10.651
2022-10-23 13:00:00,12.657
2022-10-23 14:00:00,14.178
2022-10-23 15:00:00,13.405
2022-10-23 16:00:00,11.724
2022-10-23 17:00:00,14.637
2022-10-23 18:00:00,18.511
2022-10-23 19:00:00,21.489
2022-10-23 20:00:00,23.128
2022-10-23 21:00:00,22.532
2022-10-23 22:00:00,19.877
2022-10-23 23:00:00,17.338
2022-10-24 00:00:00,14.876
2022-10-24 01:00:00,12.191
2022-10-24 02:00:00,9.854
2022-10-24 03:00:00,8.043
2022-10-24 04:00:00,6.986
2022-10-24 05:00:00,6.709
2022-10-24 06:00:00,8.351
2022-10-24 07:00:00,6.508
2022-10-24 08:00:00,3.413
2022-10-24 09:00:00,2.305
2022-10-24 10:00:00,1.07
2022-10-24 11:00:00,0.433
2022-10-24 12:00:00,0.23
2022-10-24 13:00:00,0.17
2022-10-24 14:00:00,0.109
2022-10-24 15:00:00,0.037
2022-10-24 16:00:00,0.007
2022-10-24 17:00:00,0.023
2022-10-24 18:00:00,0.075
2022-10-24 19:00:00,0.079
2022-10-24 20:00:00,0.118
2022-10-24 21:00:00,0.243
2022-10-24 22:00:00,0.481
2022-10-24 23:00:00,0.615
2022-10-25 00:00:00,0.613
2022-10-25 01:00:00,0.639
2022-10-25 02:00:00,0.751
2022-10-25 03:00:00,1.046
2022-10-25 04:00:00,1.708
2022-10-25 05:00:00,2.794
2022-10-25 06:00:00,4.232
2022-10-25 07:00:00,5.507
2022-10-25 08:00:00,4.451
2022-10-25 09:00:00,7.282
2022-10-25 10:00:00,9.631
2022-10-25 11:00:00,11.638
2022-10-25 12:00:00,13.883
2022-10-25 13:00:00,15.501
2022-10-25 14:00:00,16.718
2022-10-25 15:00:00,16.999
2022-10-25 16:00:00,18.313
2022-10-25 17:00:00,22.08
2022-10-25 18:00:00,22.963
2022-10-25 19:00:00,22.355
2022-10-25 20:00:00,21.489
2022-10-25 21:00:00,20.664
2022-10-25 22:00:00,19.769
2022-10-25 23:00:00,19.404
2022-10-26 00:00:00,18.248
2022-10-26 01:00:00,17.052
2022-10-26 02:00:00,16.078
2022-10-26 03:00:00,15.498
2022-10-26 04:00:00,15.036
2022-10-26 05:00:00,14.375
2022-10-26 06:00:00,13.228
2022-10-26 07:00:00,10.943
2022-10-26 08:00:00,6.881
2022-10-26 09:00:00,7.216
2022-10-26 10:00:00,7.291
2022-10-26 11:00:00,5.841
2022-10-26 12:00:00,3.925
2022-10-26 13:00:00,2.076
2022-10-26 14:00:00,0.853
2022-10-26 15:00:00,0.323
2022-10-26 16:00:00,0.32
2022-10-26 17:00:00,0.558
2022-10-26 18:00:00,0.626
2022-10-26 19:00:00,0.449
2022-10-26 20:00:00,0.217
2022-10-26 21:00:00,0.065
2022-10-26 22:00:00,0.014
2022-10-26 23:00:00,0.007
2022-10-27 00:00:00,0.113
2022-10-27 01:00:00,1.355
2022-10-27 02:00:00,4.537
2022-10-27 03:00:00,8.675
2022-10-27 04:00:00,12.055
2022-10-27 05:00:00,13.613
2022-10-27 06:00:00,15.354
2022-10-27 07:00:00,15.964
2022-10-27 08:00:00,14.988
2022-10-27 09:00:00,18.284
2022-10-27 10:00:00,20.032
2022-10-27 11:00:00,22.045
2022-10-27 12:00:00,23.468
2022-10-27 13:00:00,24.717
2022-10-27 14:00:00,25.445
2022-10-27 15:00:00,24.631
2022-10-27 16:00:00,21.868
2022-10-27 17:00:00,23.159
2022-10-27 18:00:00,23.035
2022-10-27 19:00:00,22.045
2022-10-27 20:00:00,22.169
2022-10-27 21:00:00,22.731
2022-10-27 22:00:00,23.16
2022-10-27 23:00:00,23.857
2022-10-28 00:00:00,24.059
2022-10-28 01:00:00,24.457
2022-10-28 02:00:00,24.809
2022-10-28 03:00:00,24.863
2022-10-28 04:00:00,24.457
2022-10-28 05:00:00,23.469
2022-10-28 06:00:00,22.777
2022-10-28 07:00:00,19.287
2022-10-28 08:00:00,14.895
2022-10-28 09:00:00,16.876
2022-10-28 10:00:00,17.239
2022-10-28 11:00:00,18.03
2022-10-28 12:00:00,19.128
2022-10-28 13:00:00,20.619
2022-10-28 14:00:00,21.577
2022-10-28 15:00:00,20.934
2022-10-28 16:00:00,19.522
2022-10-28 17:00:00,21.58
2022-10-28 18:00:00,23.207
2022-10-28 19:00:00,23.159
2022-10-28 20:00:00,23.036
2022-10-28 21:00:00,22.912
2022-10-28 22:00:00,22.557
2022-10-28 23:00:00,21.887
2022-10-29 00:00:00,20.522
2022-10-29 01:00:00,18.854
2022-10-29 02:00:00,16.945
2022-10-29 03:00:00,15.595
2022-10-29 04:00:00,16.043
2022-10-29 05:00:00,16.536
2022-10-29 06:00:00,16.071
2022-10-29 07:00:00,14.029
2022-10-29 08:00:00,8.743
2022-10-29 09:00:00,7.448
2022-10-29 10:00:00,5.684
2022-10-29 11:00:00,3.873
2022-10-29 12:00:00,2.9
2022-10-29 13:00:00,2.459
2022-10-29 14:00:00,2.236
2022-10-29 15:00:00,2.14
2022-10-29 16:00:00,2.49
2022-10-29 17:00:00,2.607
2022-10-29 18:00:00,2.34
2022-10-29 19:00:00,1.997
2022-10-29 20:00:00,1.528
2022-10-29 21:00:00,1.043
2022-10-29 22:00:00,0.5640000000000001
2022-10-29 23:00:00,0.481
2022-10-30 00:00:00,0.588
2022-10-30 01:00:00,0.7020000000000001
2022-10-30 02:00:00,0.775
2022-10-30 03:00:00,0.585
2022-10-30 04:00:00,0.522
2022-10-30 05:00:00,0.449
2022-10-30 06:00:00,0.279
2022-10-30 07:00:00,0.194
2022-10-30 08:00:00,0.037
2022-10-30 09:00:00,0.01
2022-10-30 10:00:00,0.01
2022-10-30 11:00:00,0.023
2022-10-30 12:00:00,0.047
2022-10-30 13:00:00,0.094
2022-10-30 14:00:00,0.114
2022-10-30 15:00:00,0.08
2022-10-30 16:00:00,0.038
2022-10-30 17:00:00,0.002
2022-10-30 18:00:00,0.0
2022-10-30 19:00:00,0.001
2022-10-30 20:00:00,0.017
2022-10-30 21:00:00,0.065
2022-10-30 22:00:00,0.082
2022-10-30 23:00:00,0.044
2022-10-31 00:00:00,0.023
2022-10-31 01:00:00,0.034
2022-10-31 02:00:00,0.021
2022-10-31 03:00:00,0.005
2022-10-31 04:00:00,0.003
2022-10-31 05:00:00,0.005
2022-10-31 06:00:00,0.014
2022-10-31 07:00:00,0.05
2022-10-31 08:00:00,0.024
2022-10-31 09:00:00,0.012
2022-10-31 10:00:00,0.101
2022-10-31 11:00:00,0.368
2022-10-31 12:00:00,0.605
2022-10-31 13:00:00,0.744
2022-10-31 14:00:00,0.598
2022-10-31 15:00:00,0.395
2022-10-31 16:00:00,0.748
2022-10-31 17:00:00,1.642
2022-10-31 18:00:00,3.505
2022-10-31 19:00:00,7.023
2022-10-31 20:00:00,12.656
2022-10-31 21:00:00,16.984
2022-10-31 22:00:00,20.319
2022-10-31 23:00:00,21.365
2022-11-01 00:00:00,21.087
2022-11-01 01:00:00,19.563
2022-11-01 02:00:00,17.61
2022-11-01 03:00:00,15.669
2022-11-01 04:00:00,13.475
2022-11-01 05:00:00,10.151
2022-11-01 06:00:00,9.223
2022-11-01 07:00:00,10.51
2022-11-01 08:00:00,8.789
2022-11-01 09:00:00,11.039
2022-11-01 10:00:00,11.139
2022-11-01 11:00:00,11.808
2022-11-01 12:00:00,11.798
2022-11-01 13:00:00,10.781
2022-11-01 14:00:00,9.374
2022-11-01 15:00:00,7.803
2022-11-01 16:00:00,7.309
2022-11-01 17:00:00,7.502
2022-11-01 18:00:00,5.736
2022-11-01 19:00:00,3.871
2022-11-01 20:00:00,2.618
2022-11-01 21:00:00,2.006
2022-11-01 22:00:00,1.342
2022-11-01 23:00:00,0.613
2022-11-02 00:00:00,0.351
2022-11-02 01:00:00,0.313
2022-11-02 02:00:00,0.273
2022-11-02 03:00:00,0.151
2022-11-02 04:00:00,0.079
2022-11-02 05:00:00,0.045
2022-11-02 06:00:00,0.031
2022-11-02 07:00:00,0.069
2022-11-02 08:00:00,0.113
2022-11-02 09:00:00,0.166
2022-11-02 10:00:00,1.09
2022-11-02 11:00:00,1.386
2022-11-02 12:00:00,1.347
2022-11-02 13:00:00,1.164
2022-11-02 14:00:00,0.663
2022-11-02 15:00:00,0.246
2022-11-02 16:00:00,0.147
2022-11-02 17:00:00,0.16
2022-11-02 18:00:00,0.256
2022-11-02 19:00:00,0.716
2022-11-02 20:00:00,2.239
2022-11-02 21:00:00,4.991
2022-11-02 22:00:00,8.842
2022-11-02 23:00:00,9.762
2022-11-03 00:00:00,7.501
2022-11-03 01:00:00,6.15
2022-11-03 02:00:00,8.748
2022-11-03 03:00:00,16.014
2022-11-03 04:00:00,24.457
2022-11-03 05:00:00,32.008
2022-11-03 06:00:00,35.693
2022-11-03 07:00:00,37.34
2022-11-03 08:00:00,39.637
2022-11-03 09:00:00,40.535
2022-11-03 10:00:00,40.308
2022-11-03 11:00:00,38.971
2022-11-03 12:00:00,37.421
2022-11-03 13:00:00,35.69
2022-11-03 14:00:00,33.863
2022-11-03 15:00:00,31.515
2022-11-03 16:00:00,29.371
2022-11-03 17:00:00,29.198
2022-11-03 18:00:00,31.49
2022-11-03 19:00:00,32.722
2022-11-03 20:00:00,32.149
2022-11-03 21:00:00,29.823
2022-11-03 22:00:00,26.983
2022-11-03 23:00:00,25.172
2022-11-04 00:00:00,24.491
2022-11-04 01:00:00,24.359
2022-11-04 02:00:00,23.345
2022-11-04 03:00:00,22.413
2022-11-04 04:00:00,22.401
2022-11-04 05:00:00,21.382
2022-11-04 06:00:00,18.976
2022-11-04 07:00:00,14.877
2022-11-04 08:00:00,9.356
2022-11-04 09:00:00,9.048
2022-11-04 10:00:00,8.256
2022-11-04 11:00:00,7.937
2022-11-04 12:00:00,7.988
2022-11-04 13:00:00,8.342
2022-11-04 14:00:00,8.251
2022-11-04 15:00:00,7.974
2022-11-04 16:00:00,8.527
2022-11-04 17:00:00,11.726
2022-11-04 18:00:00,14.135
2022-11-04 19:00:00,16.014
2022-11-04 20:00:00,17.358
2022-11-04 21:00:00,17.774
2022-11-04 22:00:00,17.482
2022-11-04 23:00:00,17.358
2022-11-05 00:00:00,17.403
2022-11-05 01:00:00,17.774
2022-11-05 02:00:00,18.832
2022-11-05 03:00:00,20.042
2022-11-05 04:00:00,21.703
2022-11-05 05:00:00,21.489
2022-11-05 06:00:00,21.105
2022-11-05 07:00:00,19.935
2022-11-05 08:00:00,12.292
2022-11-05 09:00:00,15.219
2022-11-05 10:00:00,15.466
2022-11-05 11:00:00,14.951
2022-11-05 12:00:00,16.062
2022-11-05 13:00:00,16.791
2022-11-05 14:00:00,15.915
2022-11-05 15:00:00,12.538
2022-11-05 16:00:00,10.179
2022-11-05 17:00:00,8.023
2022-11-05 18:00:00,5.394
2022-11-05 19:00:00,3.652
2022-11-05 20:00:00,2.69
2022-11-05 21:00:00,2.48
2022-11-05 22:00:00,2.857
2022-11-05 23:00:00,3.798
2022-11-06 00:00:00,5.053
2022-11-06 01:00:00,6.494
2022-11-06 02:00:00,8.213
2022-11-06 03:00:00,10.368
2022-11-06 04:00:00,11.356
2022-11-06 05:00:00,10.942
2022-11-06 06:00:00,10.093
2022-11-06 07:00:00,9.243
2022-11-06 08:00:00,6.541
2022-11-06 09:00:00,6.378
2022-11-06 10:00:00,10.782
2022-11-06 11:00:00,16.921
2022-11-06 12:00:00,20.891
2022-11-06 13:00:00,21.579
2022-11-06 14:00:00,20.556
2022-11-06 15:00:00,20.096
2022-11-06 16:00:00,22.354
2022-11-06 17:00:00,24.175
2022-11-06 18:00:00,24.469
2022-11-06 19:00:00,24.498
2022-11-06 20:00:00,24.333
2022-11-06 21:00:00,24.112
2022-11-06 22:00:00,21.909
2022-11-06 23:00:00,20.014
2022-11-07 00:00:00,19.875
2022-11-07 01:00:00,20.9
2022-11-07 02:00:00,21.618
2022-11-07 03:00:00,23.209
2022-11-07 04:00:00,23.063
2022-11-07 05:00:00,18.312
2022-11-07 06:00:00,13.13
2022-11-07 07:00:00,10.509
2022-11-07 08:00:00,5.757
2022-11-07 09:00:00,4.167
2022-11-07 10:00:00,4.71
2022-11-07 11:00:00,4.931
2022-11-07 12:00:00,5.179
2022-11-07 13:00:00,5.389
2022-11-07 14:00:00,5.387
2022-11-07 15:00:00,4.95
2022-11-07 16:00:00,5.749
2022-11-07 17:00:00,8.643
2022-11-07 18:00:00,11.139
2022-11-07 19:00:00,11.89
2022-11-07 20:00:00,11.835
2022-11-07 21:00:00,12.176
2022-11-07 22:00:00,12.825
2022-11-07 23:00:00,11.834
2022-11-08 00:00:00,9.14
2022-11-08 01:00:00,6.746
2022-11-08 02:00:00,5.033
2022-11-08 03:00:00,3.822
2022-11-08 04:00:00,2.905
2022-11-08 05:00:00,2.126
2022-11-08 06:00:00,1.345
2022-11-08 07:00:00,0.674
2022-11-08 08:00:00,0.079
2022-11-08 09:00:00,0.0
2022-11-08 10:00:00,0.022
2022-11-08 11:00:00,0.378
2022-11-08 12:00:00,0.898
2022-11-08 13:00:00,1.373
2022-11-08 14:00:00,1.8
2022-11-08 15:00:00,2.258
2022-11-08 16:00:00,3.439
2022-11-08 17:00:00,4.04
2022-11-08 18:00:00,4.008
2022-11-08 19:00:00,3.948
2022-11-08 20:00:00,3.796
2022-11-08 21:00:00,3.625
2022-11-08 22:00:00,3.445
2022-11-08 23:00:00,3.547
2022-11-09 00:00:00,3.554
2022-11-09 01:00:00,3.519
2022-11-09 02:00:00,3.031
2022-11-09 03:00:00,2.345
2022-11-09 04:00:00,1.902
2022-11-09 05:00:00,1.53
2022-11-09 06:00:00,1.598
2022-11-09 07:00:00,2.161
2022-11-09 08:00:00,2.564
2022-11-09 09:00:00,2.065
2022-11-09 10:00:00,2.003
2022-11-09 11:00:00,3.231
2022-11-09 12:00:00,4.921
2022-11-09 13:00:00,5.195
2022-11-09 14:00:00,4.233
2022-11-09 15:00:00,3.628
2022-11-09 16:00:00,3.654
2022-11-09 17:00:00,4.159
2022-11-09 18:00:00,5.704
2022-11-09 19:00:00,7.991
2022-11-09 20:00:00,10.511
2022-11-09 21:00:00,11.647
2022-11-09 22:00:00,11.582
2022-11-09 23:00:00,9.948
2022-11-10 00:00:00,8.171
2022-11-10 01:00:00,6.776
2022-11-10 02:00:00,5.473
2022-11-10 03:00:00,3.925
2022-11-10 04:00:00,3.429
2022-11-10 05:00:00,4.092
2022-11-10 06:00:00,4.733
2022-11-10 07:00:00,5.24
2022-11-10 08:00:00,3.861
2022-11-10 09:00:00,3.705
2022-11-10 10:00:00,3.568
2022-11-10 11:00:00,2.804
2022-11-10 12:00:00,2.077
2022-11-10 13:00:00,1.769
2022-11-10 14:00:00,1.668
2022-11-10 15:00:00,1.732
2022-11-10 16:00:00,2.611
2022-11-10 17:00:00,4.733
2022-11-10 18:00:00,7.488
2022-11-10 19:00:00,9.657
2022-11-10 20:00:00,10.633
2022-11-10 21:00:00,11.383
2022-11-10 22:00:00,13.015
2022-11-10 23:00:00,13.109
2022-11-11 00:00:00,12.047
2022-11-11 01:00:00,10.005
2022-11-11 02:00:00,7.503
2022-11-11 03:00:00,5.5
2022-11-11 04:00:00,4.397
2022-11-11 05:00:00,4.638
2022-11-11 06:00:00,5.933
2022-11-11 07:00:00,7.353
2022-11-11 08:00:00,6.049
2022-11-11 09:00:00,5.735
2022-11-11 10:00:00,7.923
2022-11-11 11:00:00,9.037
2022-11-11 12:00:00,9.948
2022-11-11 13:00:00,10.858
2022-11-11 14:00:00,11.056
2022-11-11 15:00:00,10.709
2022-11-11 16:00:00,13.591
2022-11-11 17:00:00,18.762
2022-11-11 18:00:00,20.502
2022-11-11 19:00:00,21.282
2022-11-11 20:00:00,21.457
2022-11-11 21:00:00,22.045
2022-11-11 22:00:00,25.988
2022-11-11 23:00:00,30.927
2022-11-12 00:00:00,33.183
2022-11-12 01:00:00,32.509
2022-11-12 02:00:00,31.66
2022-11-12 03:00:00,33.644
2022-11-12 04:00:00,34.518
2022-11-12 05:00:00,34.567
2022-11-12 06:00:00,34.963
2022-11-12 07:00:00,32.827
2022-11-12 08:00:00,27.733
2022-11-12 09:00:00,26.841
2022-11-12 10:00:00,26.635
2022-11-12 11:00:00,24.545
2022-11-12 12:00:00,20.257
2022-11-12 13:00:00,17.685
2022-11-12 14:00:00,24.105
2022-11-12 15:00:00,42.037
2022-11-12 16:00:00,46.623
2022-11-12 17:00:00,46.893
2022-11-12 18:00:00,47.235
2022-11-12 19:00:00,47.368
2022-11-12 20:00:00,47.366
2022-11-12 21:00:00,47.366
2022-11-12 22:00:00,47.337
2022-11-12 23:00:00,47.223
2022-11-13 00:00:00,47.012
2022-11-13 01:00:00,46.597
2022-11-13 02:00:00,46.176
2022-11-13 03:00:00,45.656
2022-11-13 04:00:00,45.104
2022-11-13 05:00:00,44.497
2022-11-13 06:00:00,43.885
2022-11-13 07:00:00,42.466
2022-11-13 08:00:00,43.624
2022-11-13 09:00:00,44.159
2022-11-13 10:00:00,43.324
2022-11-13 11:00:00,41.46
2022-11-13 12:00:00,38.723
2022-11-13 13:00:00,34.95
2022-11-13 14:00:00,32.457
2022-11-13 15:00:00,32.827
2022-11-13 16:00:00,32.884
2022-11-13 17:00:00,31.923
2022-11-13 18:00:00,29.189
2022-11-13 19:00:00,27.057
2022-11-13 20:00:00,24.457
2022-11-13 21:00:00,21.489
2022-11-13 22:00:00,19.635
2022-11-13 23:00:00,18.431
2022-11-14 00:00:00,18.854
2022-11-14 01:00:00,18.386
2022-11-14 02:00:00,19.275
2022-11-14 03:00:00,20.934
2022-11-14 04:00:00,20.806
2022-11-14 05:00:00,19.525
2022-11-14 06:00:00,18.011
2022-11-14 07:00:00,15.102
2022-11-14 08:00:00,8.664
2022-11-14 09:00:00,8.529
2022-11-14 10:00:00,7.862
2022-11-14 11:00:00,7.516
2022-11-14 12:00:00,6.162
2022-11-14 13:00:00,4.976
2022-11-14 14:00:00,4.346
2022-11-14 15:00:00,3.895
2022-11-14 16:00:00,4.476
2022-11-14 17:00:00,5.238
2022-11-14 18:00:00,4.932
2022-11-14 19:00:00,4.575
2022-11-14 20:00:00,4.815
2022-11-14 21:00:00,6.139
2022-11-14 22:00:00,9.05
2022-11-14 23:00:00,12.897
2022-11-15 00:00:00,16.643
2022-11-15 01:00:00,19.209
2022-11-15 02:00:00,20.054
2022-11-15 03:00:00,19.474
2022-11-15 04:00:00,18.404
2022-11-15 05:00:00,16.553
2022-11-15 06:00:00,14.412
2022-11-15 07:00:00,12.761
2022-11-15 08:00:00,7.232
2022-11-15 09:00:00,5.875
2022-11-15 10:00:00,10.511
2022-11-15 11:00:00,17.611
2022-11-15 12:00:00,21.868
2022-11-15 13:00:00,24.223
2022-11-15 14:00:00,23.457
2022-11-15 15:00:00,18.735
2022-11-15 16:00:00,17.006
2022-11-15 17:00:00,16.852
2022-11-15 18:00:00,16.014
2022-11-15 19:00:00,14.486
2022-11-15 20:00:00,12.681
2022-11-15 21:00:00,10.894
2022-11-15 22:00:00,8.579
2022-11-15 23:00:00,6.724
2022-11-16 00:00:00,6.217
2022-11-16 01:00:00,6.534
2022-11-16 02:00:00,7.206
2022-11-16 03:00:00,7.564
2022-11-16 04:00:00,7.038
2022-11-16 05:00:00,6.709
2022-11-16 06:00:00,7.149
2022-11-16 07:00:00,8.317
2022-11-16 08:00:00,5.849
2022-11-16 09:00:00,3.174
2022-11-16 10:00:00,4.198
2022-11-16 11:00:00,8.608
2022-11-16 12:00:00,8.526
2022-11-16 13:00:00,7.48
2022-11-16 14:00:00,5.469
2022-11-16 15:00:00,4.585
2022-11-16 16:00:00,6.097
2022-11-16 17:00:00,8.181
2022-11-16 18:00:00,10.593
2022-11-16 19:00:00,14.252
2022-11-16 20:00:00,17.304
2022-11-16 21:00:00,19.096
2022-11-16 22:00:00,19.334
2022-11-16 23:00:00,17.56
2022-11-17 00:00:00,14.375
2022-11-17 01:00:00,11.682
2022-11-17 02:00:00,9.703
2022-11-17 03:00:00,8.163
2022-11-17 04:00:00,6.563
2022-11-17 05:00:00,4.977
2022-11-17 06:00:00,3.782
2022-11-17 07:00:00,3.096
2022-11-17 08:00:00,1.645
2022-11-17 09:00:00,1.327
2022-11-17 10:00:00,4.991
2022-11-17 11:00:00,6.223
2022-11-17 12:00:00,6.241
2022-11-17 13:00:00,5.818
2022-11-17 14:00:00,4.932
2022-11-17 15:00:00,2.915
2022-11-17 16:00:00,1.354
2022-11-17 17:00:00,0.366
2022-11-17 18:00:00,0.128
2022-11-17 19:00:00,0.373
2022-11-17 20:00:00,1.617
2022-11-17 21:00:00,3.835
2022-11-17 22:00:00,5.656
2022-11-17 23:00:00,5.066
2022-11-18 00:00:00,2.874
2022-11-18 01:00:00,0.811
2022-11-18 02:00:00,0.052
2022-11-18 03:00:00,0.0
2022-11-18 04:00:00,0.0
2022-11-18 05:00:00,0.015
2022-11-18 06:00:00,0.162
2022-11-18 07:00:00,1.278
2022-11-18 08:00:00,2.655
2022-11-18 09:00:00,2.545
2022-11-18 10:00:00,5.256
2022-11-18 11:00:00,7.007
2022-11-18 12:00:00,7.802
2022-11-18 13:00:00,8.951
2022-11-18 14:00:00,9.587
2022-11-18 15:00:00,10.369
2022-11-18 16:00:00,11.938
2022-11-18 17:00:00,13.374
2022-11-18 18:00:00,13.167
2022-11-18 19:00:00,12.078
2022-11-18 20:00:00,10.88
2022-11-18 21:00:00,9.861
2022-11-18 22:00:00,9.046
2022-11-18 23:00:00,7.967
2022-11-19 00:00:00,6.908
2022-11-19 01:00:00,6.513
2022-11-19 02:00:00,5.574
2022-11-19 03:00:00,4.267
2022-11-19 04:00:00,3.943
2022-11-19 05:00:00,3.893
2022-11-19 06:00:00,3.108
2022-11-19 07:00:00,2.38
2022-11-19 08:00:00,2.318
2022-11-19 09:00:00,1.698
2022-11-19 10:00:00,1.439
2022-11-19 11:00:00,1.73
2022-11-19 12:00:00,1.091
2022-11-19 13:00:00,0.346
2022-11-19 14:00:00,0.027
2022-11-19 15:00:00,0.002
2022-11-19 16:00:00,0.167
2022-11-19 17:00:00,1.368
2022-11-19 18:00:00,2.249
2022-11-19 19:00:00,2.241
2022-11-19 20:00:00,1.73
2022-11-19 21:00:00,1.137
2022-11-19 22:00:00,0.612
2022-11-19 23:00:00,0.166
2022-11-20 00:00:00,0.028
2022-11-20 01:00:00,0.083
2022-11-20 02:00:00,0.9560000000000001
2022-11-20 03:00:00,4.032
2022-11-20 04:00:00,8.233
2022-11-20 05:00:00,10.08
2022-11-20 06:00:00,9.286
2022-11-20 07:00:00,7.192
2022-11-20 08:00:00,3.354
2022-11-20 09:00:00,1.098
2022-11-20 10:00:00,0.12
2022-11-20 11:00:00,0.034
2022-11-20 12:00:00,0.125
2022-11-20 13:00:00,0.399
2022-11-20 14:00:00,1.295
2022-11-20 15:00:00,2.641
2022-11-20 16:00:00,3.069
2022-11-20 17:00:00,2.713
2022-11-20 18:00:00,3.396
2022-11-20 19:00:00,5.353
2022-11-20 20:00:00,7.504
2022-11-20 21:00:00,8.531
2022-11-20 22:00:00,8.664
2022-11-20 23:00:00,8.327
2022-11-21 00:00:00,6.178
2022-11-21 01:00:00,4.581
2022-11-21 02:00:00,3.053
2022-11-21 03:00:00,1.355
2022-11-21 04:00:00,0.794
2022-11-21 05:00:00,2.103
2022-11-21 06:00:00,6.109
2022-11-21 07:00:00,13.14
2022-11-21 08:00:00,19.759
2022-11-21 09:00:00,24.456
2022-11-21 10:00:00,26.413
2022-11-21 11:00:00,27.91
2022-11-21 12:00:00,27.722
2022-11-21 13:00:00,28.687
2022-11-21 14:00:00,30.772
2022-11-21 15:00:00,30.183
2022-11-21 16:00:00,30.099
2022-11-21 17:00:00,29.636
2022-11-21 18:00:00,28.283
2022-11-21 19:00:00,25.985
2022-11-21 20:00:00,22.355
2022-11-21 21:00:00,19.871
2022-11-21 22:00:00,19.827
2022-11-21 23:00:00,22.346
2022-11-22 00:00:00,25.272
2022-11-22 01:00:00,23.902
2022-11-22 02:00:00,25.01
2022-11-22 03:00:00,27.375
2022-11-22 04:00:00,28.024
2022-11-22 05:00:00,25.659
2022-11-22 06:00:00,21.922
2022-11-22 07:00:00,18.262
2022-11-22 08:00:00,12.545
2022-11-22 09:00:00,7.575
2022-11-22 10:00:00,6.504
2022-11-22 11:00:00,5.146
2022-11-22 12:00:00,3.75
2022-11-22 13:00:00,3.123
2022-11-22 14:00:00,3.397
2022-11-22 15:00:00,3.979
2022-11-22 16:00:00,4.441
2022-11-22 17:00:00,4.868
2022-11-22 18:00:00,5.949
2022-11-22 19:00:00,6.803
2022-11-22 20:00:00,6.89
2022-11-22 21:00:00,4.143
2022-11-22 22:00:00,2.521
2022-11-22 23:00:00,3.113
2022-11-23 00:00:00,5.787
2022-11-23 01:00:00,10.209
2022-11-23 02:00:00,13.329
2022-11-23 03:00:00,12.867
2022-11-23 04:00:00,10.248
2022-11-23 05:00:00,7.946
2022-11-23 06:00:00,7.202
2022-11-23 07:00:00,7.617
2022-11-23 08:00:00,5.685
2022-11-23 09:00:00,4.723
2022-11-23 10:00:00,4.921
2022-11-23 11:00:00,3.848
2022-11-23 12:00:00,2.71
2022-11-23 13:00:00,2.277
2022-11-23 14:00:00,1.886
2022-11-23 15:00:00,0.846
2022-11-23 16:00:00,0.112
2022-11-23 17:00:00,0.025
2022-11-23 18:00:00,0.227
2022-11-23 19:00:00,0.6990000000000001
2022-11-23 20:00:00,1.347
2022-11-23 21:00:00,3.47
2022-11-23 22:00:00,6.956
2022-11-23 23:00:00,8.898
2022-11-24 00:00:00,8.715
2022-11-24 01:00:00,7.325
2022-11-24 02:00:00,6.589
2022-11-24 03:00:00,6.353
2022-11-24 04:00:00,6.064
2022-11-24 05:00:00,5.183
2022-11-24 06:00:00,4.104
2022-11-24 07:00:00,3.379
2022-11-24 08:00:00,2.582
2022-11-24 09:00:00,4.474
2022-11-24 10:00:00,13.859
2022-11-24 11:00:00,22.248
2022-11-24 12:00:00,24.887
2022-11-24 13:00:00,25.594
2022-11-24 14:00:00,24.543
2022-11-24 15:00:00,21.11
2022-11-24 16:00:00,22.912
2022-11-24 17:00:00,27.497
2022-11-24 18:00:00,29.886
2022-11-24 19:00:00,32.256
2022-11-24 20:00:00,33.992
2022-11-24 21:00:00,34.852
2022-11-24 22:00:00,34.891
2022-11-24 23:00:00,35.539
2022-11-25 00:00:00,36.415
2022-11-25 01:00:00,37.388
2022-11-25 02:00:00,37.829
2022-11-25 03:00:00,37.442
2022-11-25 04:00:00,36.676
2022-11-25 05:00:00,35.662
2022-11-25 06:00:00,35.619
2022-11-25 07:00:00,35.462
2022-11-25 08:00:00,31.768
2022-11-25 09:00:00,36.718
2022-11-25 10:00:00,39.702
2022-11-25 11:00:00,37.843
2022-11-25 12:00:00,33.223
2022-11-25 13:00:00,26.566
2022-11-25 14:00:00,20.256
2022-11-25 15:00:00,14.169
2022-11-25 16:00:00,13.611
2022-11-25 17:00:00,18.975
2022-11-25 18:00:00,21.798
2022-11-25 19:00:00,20.811
2022-11-25 20:00:00,20.124
2022-11-25 21:00:00,19.591
2022-11-25 22:00:00,20.379
2022-11-25 23:00:00,22.777
2022-11-26 00:00:00,26.248
2022-11-26 01:00:00,29.987
2022-11-26 02:00:00,31.28
2022-11-26 03:00:00,32.113
2022-11-26 04:00:00,32.732
2022-11-26 05:00:00,32.501
2022-11-26 06:00:00,31.709
2022-11-26 07:00:00,29.649
2022-11-26 08:00:00,22.911
2022-11-26 09:00:00,22.354
2022-11-26 10:00:00,17.596
2022-11-26 11:00:00,13.61
2022-11-26 12:00:00,11.041
2022-11-26 13:00:00,10.059
2022-11-26 14:00:00,8.798
2022-11-26 15:00:00,8.124
2022-11-26 16:00:00,11.583
2022-11-26 17:00:00,14.101
2022-11-26 18:00:00,12.129
2022-11-26 19:00:00,10.071
2022-11-26 20:00:00,9.223
2022-11-26 21:00:00,9.592
2022-11-26 22:00:00,10.572
2022-11-26 23:00:00,12.366
2022-11-27 00:00:00,14.878
2022-11-27 01:00:00,18.013
2022-11-27 02:00:00,20.503
2022-11-27 03:00:00,24.333
2022-11-27 04:00:00,27.91
2022-11-27 05:00:00,31.877
2022-11-27 06:00:00,35.176
2022-11-27 07:00:00,37.381
2022-11-27 08:00:00,38.218
2022-11-27 09:00:00,38.503
2022-11-27 10:00:00,37.533
2022-11-27 11:00:00,34.937
2022-11-27 12:00:00,33.707
2022-11-27 13:00:00,33.442
2022-11-27 14:00:00,33.441
2022-11-27 15:00:00,34.411
2022-11-27 16:00:00,34.675
2022-11-27 17:00:00,34.238
2022-11-27 18:00:00,33.208
2022-11-27 19:00:00,34.201
2022-11-27 20:00:00,35.115
2022-11-27 21:00:00,35.981
2022-11-27 22:00:00,37.717
2022-11-27 23:00:00,38.791
2022-11-28 00:00:00,37.506
2022-11-28 01:00:00,35.636
2022-11-28 02:00:00,32.562
2022-11-28 03:00:00,29.417
2022-11-28 04:00:00,24.719
2022-11-28 05:00:00,20.502
2022-11-28 06:00:00,16.066
2022-11-28 07:00:00,11.162
2022-11-28 08:00:00,6.683
2022-11-28 09:00:00,3.267
2022-11-28 10:00:00,1.326
2022-11-28 11:00:00,1.774
2022-11-28 12:00:00,2.139
2022-11-28 13:00:00,5.963
2022-11-28 14:00:00,16.171
2022-11-28 15:00:00,27.292
2022-11-28 16:00:00,35.195
2022-11-28 17:00:00,40.074
2022-11-28 18:00:00,43.133
2022-11-28 19:00:00,44.183
2022-11-28 20:00:00,44.732
2022-11-28 21:00:00,45.023
2022-11-28 22:00:00,45.187
2022-11-28 23:00:00,45.541
2022-11-29 00:00:00,46.258
2022-11-29 01:00:00,46.97
2022-11-29 02:00:00,47.247
2022-11-29 03:00:00,47.357
2022-11-29 04:00:00,47.364
2022-11-29 05:00:00,47.37
2022-11-29 06:00:00,47.074
2022-11-29 07:00:00,46.893
2022-11-29 08:00:00,47.062
2022-11-29 09:00:00,47.154
2022-11-29 10:00:00,47.165
2022-11-29 11:00:00,47.039
2022-11-29 12:00:00,46.777
2022-11-29 13:00:00,46.496
2022-11-29 14:00:00,46.011
2022-11-29 15:00:00,45.654
2022-11-29 16:00:00,45.165
2022-11-29 17:00:00,44.226
2022-11-29 18:00:00,43.94
2022-11-29 19:00:00,44.114
2022-11-29 20:00:00,44.24
2022-11-29 21:00:00,44.221
2022-11-29 22:00:00,44.326
2022-11-29 23:00:00,44.167
2022-11-30 00:00:00,43.749
2022-11-30 01:00:00,43.173
2022-11-30 02:00:00,41.825
2022-11-30 03:00:00,39.777
2022-11-30 04:00:00,37.724
2022-11-30 05:00:00,35.694
2022-11-30 06:00:00,33.715
2022-11-30 07:00:00,32.938
2022-11-30 08:00:00,35.601
2022-11-30 09:00:00,35.834
2022-11-30 10:00:00,34.912
2022-11-30 11:00:00,32.723
2022-11-30 12:00:00,29.503
2022-11-30 13:00:00,26.222
2022-11-30 14:00:00,23.93
2022-11-30 15:00:00,22.025
2022-11-30 16:00:00,18.119
2022-11-30 17:00:00,13.884
2022-11-30 18:00:00,12.396
2022-11-30 19:00:00,11.8
2022-11-30 20:00:00,11.951
2022-11-30 21:00:00,11.958
2022-11-30 22:00:00,11.834
2022-11-30 23:00:00,13.611
2022-12-01 00:00:00,17.503
2022-12-01 01:00:00,18.312
2022-12-01 02:00:00,17.108
2022-12-01 03:00:00,16.111
2022-12-01 04:00:00,14.006
2022-12-01 05:00:00,12.106
2022-12-01 06:00:00,11.569
2022-12-01 07:00:00,11.252
2022-12-01 08:00:00,12.491
2022-12-01 09:00:00,16.163
2022-12-01 10:00:00,17.965
2022-12-01 11:00:00,18.57
2022-12-01 12:00:00,18.318
2022-12-01 13:00:00,17.754
2022-12-01 14:00:00,16.911
2022-12-01 15:00:00,15.63
2022-12-01 16:00:00,14.811
2022-12-01 17:00:00,16.534
2022-12-01 18:00:00,18.028
2022-12-01 19:00:00,18.855
2022-12-01 20:00:00,18.192
2022-12-01 21:00:00,16.702
2022-12-01 22:00:00,15.572
2022-12-01 23:00:00,15.497
2022-12-02 00:00:00,14.375
2022-12-02 01:00:00,12.501
2022-12-02 02:00:00,10.982
2022-12-02 03:00:00,8.444
2022-12-02 04:00:00,6.046
2022-12-02 05:00:00,4.06
2022-12-02 06:00:00,2.295
2022-12-02 07:00:00,1.736
2022-12-02 08:00:00,0.704
2022-12-02 09:00:00,0.145
2022-12-02 10:00:00,0.49
2022-12-02 11:00:00,2.075
2022-12-02 12:00:00,4.454
2022-12-02 13:00:00,7.502
2022-12-02 14:00:00,10.368
2022-12-02 15:00:00,11.383
2022-12-02 16:00:00,13.025
2022-12-02 17:00:00,14.127
2022-12-02 18:00:00,13.883
2022-12-02 19:00:00,14.921
2022-12-02 20:00:00,16.701
2022-12-02 21:00:00,17.773
2022-12-02 22:00:00,17.239
2022-12-02 23:00:00,17.501
2022-12-03 00:00:00,18.484
2022-12-03 01:00:00,16.709
2022-12-03 02:00:00,15.811
2022-12-03 03:00:00,16.304
2022-12-03 04:00:00,14.703
2022-12-03 05:00:00,14.258
2022-12-03 06:00:00,14.355
2022-12-03 07:00:00,13.567
2022-12-03 08:00:00,11.255
2022-12-03 09:00:00,8.581
2022-12-03 10:00:00,9.591
2022-12-03 11:00:00,16.704
2022-12-03 12:00:00,21.922
2022-12-03 13:00:00,25.001
2022-12-03 14:00:00,24.043
2022-12-03 15:00:00,20.978
2022-12-03 16:00:00,19.098
2022-12-03 17:00:00,19.179
2022-12-03 18:00:00,18.906
2022-12-03 19:00:00,19.538
2022-12-03 20:00:00,21.691
2022-12-03 21:00:00,23.882
2022-12-03 22:00:00,24.505
2022-12-03 23:00:00,23.015
2022-12-04 00:00:00,20.934
2022-12-04 01:00:00,19.785
2022-12-04 02:00:00,17.893
2022-12-04 03:00:00,15.499
2022-12-04 04:00:00,14.345
2022-12-04 05:00:00,13.57
2022-12-04 06:00:00,12.995
2022-12-04 07:00:00,12.918
2022-12-04 08:00:00,10.368
2022-12-04 09:00:00,9.719
2022-12-04 10:00:00,10.666
2022-12-04 11:00:00,9.764
2022-12-04 12:00:00,9.503
2022-12-04 13:00:00,9.387
2022-12-04 14:00:00,8.656
2022-12-04 15:00:00,7.823
2022-12-04 16:00:00,7.655
2022-12-04 17:00:00,7.837
2022-12-04 18:00:00,7.213
2022-12-04 19:00:00,5.005
2022-12-04 20:00:00,3.117
2022-12-04 21:00:00,2.564
2022-12-04 22:00:00,3.414
2022-12-04 23:00:00,5.461
2022-12-05 00:00:00,8.444
2022-12-05 01:00:00,11.807
2022-12-05 02:00:00,15.272
2022-12-05 03:00:00,17.772
2022-12-05 04:00:00,18.422
2022-12-05 05:00:00,16.015
2022-12-05 06:00:00,11.924
2022-12-05 07:00:00,7.955
2022-12-05 08:00:00,4.061
2022-12-05 09:00:00,3.11
2022-12-05 10:00:00,2.992
2022-12-05 11:00:00,3.126
2022-12-05 12:00:00,4.013
2022-12-05 13:00:00,5.337
2022-12-05 14:00:00,6.332
2022-12-05 15:00:00,7.112
2022-12-05 16:00:00,9.297
2022-12-05 17:00:00,12.84
2022-12-05 18:00:00,16.077
2022-12-05 19:00:00,18.012
2022-12-05 20:00:00,18.976
2022-12-05 21:00:00,20.502
2022-12-05 22:00:00,22.122
2022-12-05 23:00:00,23.53
2022-12-06 00:00:00,24.506
2022-12-06 01:00:00,24.553
2022-12-06 02:00:00,24.125
2022-12-06 03:00:00,23.355
2022-12-06 04:00:00,22.576
2022-12-06 05:00:00,20.811
2022-12-06 06:00:00,18.953
2022-12-06 07:00:00,18.191
2022-12-06 08:00:00,14.102
2022-12-06 09:00:00,14.587
2022-12-06 10:00:00,19.763
2022-12-06 11:00:00,20.809
2022-12-06 12:00:00,21.154
2022-12-06 13:00:00,19.74
2022-12-06 14:00:00,15.771
2022-12-06 15:00:00,12.014
2022-12-06 16:00:00,11.039
2022-12-06 17:00:00,12.367
2022-12-06 18:00:00,15.387
2022-12-06 19:00:00,18.678
2022-12-06 20:00:00,21.797
2022-12-06 21:00:00,24.573
2022-12-06 22:00:00,25.807
2022-12-06 23:00:00,26.109
2022-12-07 00:00:00,25.658
2022-12-07 01:00:00,24.397
2022-12-07 02:00:00,23.593
2022-12-07 03:00:00,22.76
2022-12-07 04:00:00,21.434
2022-12-07 05:00:00,21.037
2022-12-07 06:00:00,21.489
2022-12-07 07:00:00,21.488
2022-12-07 08:00:00,15.893
2022-12-07 09:00:00,9.825
2022-12-07 10:00:00,11.478
2022-12-07 11:00:00,12.293
2022-12-07 12:00:00,12.322
2022-12-07 13:00:00,10.511
2022-12-07 14:00:00,7.099
2022-12-07 15:00:00,4.224
2022-12-07 16:00:00,2.181
2022-12-07 17:00:00,1.299
2022-12-07 18:00:00,1.014
2022-12-07 19:00:00,0.839
2022-12-07 20:00:00,0.68
2022-12-07 21:00:00,0.686
2022-12-07 22:00:00,0.72
2022-12-07 23:00:00,0.616
2022-12-08 00:00:00,0.381
2022-12-08 01:00:00,0.137
2022-12-08 02:00:00,0.041
2022-12-08 03:00:00,0.011
2022-12-08 04:00:00,0.002
2022-12-08 05:00:00,0.001
2022-12-08 06:00:00,0.001
2022-12-08 07:00:00,0.004
2022-12-08 08:00:00,0.032
2022-12-08 09:00:00,0.053
2022-12-08 10:00:00,0.166
2022-12-08 11:00:00,0.927
2022-12-08 12:00:00,1.55
2022-12-08 13:00:00,1.826
2022-12-08 14:00:00,1.657
2022-12-08 15:00:00,1.265
2022-12-08 16:00:00,0.787
2022-12-08 17:00:00,0.908
2022-12-08 18:00:00,1.349
2022-12-08 19:00:00,1.783
2022-12-08 20:00:00,2.505
2022-12-08 21:00:00,4.118
2022-12-08 22:00:00,6.378
2022-12-08 23:00:00,8.683
2022-12-09 00:00:00,10.942
2022-12-09 01:00:00,13.072
2022-12-09 02:00:00,15.004
2022-12-09 03:00:00,15.644
2022-12-09 04:00:00,15.265
2022-12-09 05:00:00,13.985
2022-12-09 06:00:00,11.582
2022-12-09 07:00:00,9.194
2022-12-09 08:00:00,6.37
2022-12-09 09:00:00,4.109
2022-12-09 10:00:00,3.619
2022-12-09 11:00:00,3.057
2022-12-09 12:00:00,2.731
2022-12-09 13:00:00,2.388
2022-12-09 14:00:00,1.568
2022-12-09 15:00:00,0.601
2022-12-09 16:00:00,0.022
2022-12-09 17:00:00,0.004
2022-12-09 18:00:00,0.06
2022-12-09 19:00:00,0.116
2022-12-09 20:00:00,0.125
2022-12-09 21:00:00,0.151
2022-12-09 22:00:00,0.224
2022-12-09 23:00:00,0.232
2022-12-10 00:00:00,0.14
2022-12-10 01:00:00,0.055
2022-12-10 02:00:00,0.016
2022-12-10 03:00:00,0.005
2022-12-10 04:00:00,0.003
2022-12-10 05:00:00,0.038
2022-12-10 06:00:00,0.614
2022-12-10 07:00:00,2.322
2022-12-10 08:00:00,4.884
2022-12-10 09:00:00,5.899
2022-12-10 10:00:00,8.529
2022-12-10 11:00:00,17.631
2022-12-10 12:00:00,35.043
2022-12-10 13:00:00,43.465
2022-12-10 14:00:00,45.482
2022-12-10 15:00:00,45.51
2022-12-10 16:00:00,44.915
2022-12-10 17:00:00,43.677
2022-12-10 18:00:00,42.916
2022-12-10 19:00:00,42.281
2022-12-10 20:00:00,40.995
2022-12-10 21:00:00,39.425
2022-12-10 22:00:00,37.804
2022-12-10 23:00:00,35.908
2022-12-11 00:00:00,33.817
2022-12-11 01:00:00,32.284
2022-12-11 02:00:00,31.015
2022-12-11 03:00:00,29.428
2022-12-11 04:00:00,28.065
2022-12-11 05:00:00,25.866
2022-12-11 06:00:00,23.113
2022-12-11 07:00:00,20.084
2022-12-11 08:00:00,12.904
2022-12-11 09:00:00,13.611
2022-12-11 10:00:00,11.239
2022-12-11 11:00:00,9.134
2022-12-11 12:00:00,7.512
2022-12-11 13:00:00,5.388
2022-12-11 14:00:00,3.733
2022-12-11 15:00:00,2.804
2022-12-11 16:00:00,1.928
2022-12-11 17:00:00,0.917
2022-12-11 18:00:00,0.708
2022-12-11 19:00:00,0.709
2022-12-11 20:00:00,0.514
2022-12-11 21:00:00,0.534
2022-12-11 22:00:00,1.281
2022-12-11 23:00:00,2.309
2022-12-12 00:00:00,3.643
2022-12-12 01:00:00,4.518
2022-12-12 02:00:00,5.82
2022-12-12 03:00:00,6.581
2022-12-12 04:00:00,8.528
2022-12-12 05:00:00,12.294
2022-12-12 06:00:00,15.271
2022-12-12 07:00:00,15.497
2022-12-12 08:00:00,13.623
2022-12-12 09:00:00,20.379
2022-12-12 10:00:00,22.17
2022-12-12 11:00:00,20.258
2022-12-12 12:00:00,22.17
2022-12-12 13:00:00,26.931
2022-12-12 14:00:00,30.972
2022-12-12 15:00:00,31.388
2022-12-12 16:00:00,31.472
2022-12-12 17:00:00,30.754
2022-12-12 18:00:00,28.85
2022-12-12 19:00:00,27.733
2022-12-12 20:00:00,27.494
2022-12-12 21:00:00,27.216
2022-12-12 22:00:00,26.156
2022-12-12 23:00:00,25.255
2022-12-13 00:00:00,24.143
2022-12-13 01:00:00,22.414
2022-12-13 02:00:00,21.605
2022-12-13 03:00:00,21.633
2022-12-13 04:00:00,22.245
2022-12-13 05:00:00,22.97
2022-12-13 06:00:00,24.194
2022-12-13 07:00:00,27.342
2022-12-13 08:00:00,32.929
2022-12-13 09:00:00,43.554
2022-12-13 10:00:00,46.822
2022-12-13 11:00:00,47.254
2022-12-13 12:00:00,47.338
2022-12-13 13:00:00,47.318
2022-12-13 14:00:00,47.19
2022-12-13 15:00:00,46.868
2022-12-13 16:00:00,46.389
2022-12-13 17:00:00,46.127
2022-12-13 18:00:00,46.06
2022-12-13 19:00:00,45.616
2022-12-13 20:00:00,45.052
2022-12-13 21:00:00,44.275
2022-12-13 22:00:00,43.467
2022-12-13 23:00:00,42.334
2022-12-14 00:00:00,40.033
2022-12-14 01:00:00,37.507
2022-12-14 02:00:00,35.211
2022-12-14 03:00:00,31.531
2022-12-14 04:00:00,26.997
2022-12-14 05:00:00,22.483
2022-12-14 06:00:00,17.608
2022-12-14 07:00:00,14.076
2022-12-14 08:00:00,11.447
2022-12-14 09:00:00,10.646
2022-12-14 10:00:00,9.295
2022-12-14 11:00:00,8.657
2022-12-14 12:00:00,8.545
2022-12-14 13:00:00,8.593
2022-12-14 14:00:00,8.867
2022-12-14 15:00:00,9.006
2022-12-14 16:00:00,8.212
2022-12-14 17:00:00,5.341
2022-12-14 18:00:00,3.281
2022-12-14 19:00:00,3.529
2022-12-14 20:00:00,6.199
2022-12-14 21:00:00,10.534
2022-12-14 22:00:00,15.236
2022-12-14 23:00:00,18.975
2022-12-15 00:00:00,21.616
2022-12-15 01:00:00,23.592
2022-12-15 02:00:00,26.117
2022-12-15 03:00:00,27.027
2022-12-15 04:00:00,26.265
2022-12-15 05:00:00,24.819
2022-12-15 06:00:00,25.022
2022-12-15 07:00:00,24.528
2022-12-15 08:00:00,18.392
2022-12-15 09:00:00,14.228
2022-12-15 10:00:00,18.003
2022-12-15 11:00:00,29.703
2022-12-15 12:00:00,39.537
2022-12-15 13:00:00,42.605
2022-12-15 14:00:00,43.086
2022-12-15 15:00:00,43.255
2022-12-15 16:00:00,43.419
2022-12-15 17:00:00,43.111
2022-12-15 18:00:00,42.482
2022-12-15 19:00:00,41.222
2022-12-15 20:00:00,40.017
2022-12-15 21:00:00,38.267
2022-12-15 22:00:00,35.989
2022-12-15 23:00:00,31.392
2022-12-16 00:00:00,28.456
2022-12-16 01:00:00,26.639
2022-12-16 02:00:00,25.627
2022-12-16 03:00:00,24.18
2022-12-16 04:00:00,22.324
2022-12-16 05:00:00,21.295
2022-12-16 06:00:00,21.092
2022-12-16 07:00:00,19.828
2022-12-16 08:00:00,13.612
2022-12-16 09:00:00,12.656
2022-12-16 10:00:00,11.483
2022-12-16 11:00:00,10.274
2022-12-16 12:00:00,8.398
2022-12-16 13:00:00,6.551
2022-12-16 14:00:00,4.403
2022-12-16 15:00:00,3.053
2022-12-16 16:00:00,2.848
2022-12-16 17:00:00,3.823
2022-12-16 18:00:00,5.992
2022-12-16 19:00:00,10.519
2022-12-16 20:00:00,17.554
2022-12-16 21:00:00,23.593
2022-12-16 22:00:00,27.166
2022-12-16 23:00:00,30.617
2022-12-17 00:00:00,33.187
2022-12-17 01:00:00,34.792
2022-12-17 02:00:00,36.572
2022-12-17 03:00:00,37.305
2022-12-17 04:00:00,38.213
2022-12-17 05:00:00,40.702
2022-12-17 06:00:00,42.392
2022-12-17 07:00:00,42.812
2022-12-17 08:00:00,43.944
2022-12-17 09:00:00,44.39
2022-12-17 10:00:00,44.417
2022-12-17 11:00:00,44.659
2022-12-17 12:00:00,44.798
2022-12-17 13:00:00,44.611
2022-12-17 14:00:00,44.203
2022-12-17 15:00:00,43.685
2022-12-17 16:00:00,42.511
2022-12-17 17:00:00,40.691
2022-12-17 18:00:00,39.55
2022-12-17 19:00:00,39.431
2022-12-17 20:00:00,40.576
2022-12-17 21:00:00,40.992
2022-12-17 22:00:00,41.142
2022-12-17 23:00:00,41.527
2022-12-18 00:00:00,42.572
2022-12-18 01:00:00,43.656
2022-12-18 02:00:00,42.901
2022-12-18 03:00:00,40.757
2022-12-18 04:00:00,38.433
2022-12-18 05:00:00,35.101
2022-12-18 06:00:00,29.883
2022-12-18 07:00:00,25.66
2022-12-18 08:00:00,23.165
2022-12-18 09:00:00,29.426
2022-12-18 10:00:00,29.941
2022-12-18 11:00:00,30.948
2022-12-18 12:00:00,31.395
2022-12-18 13:00:00,30.139
2022-12-18 14:00:00,25.052
2022-12-18 15:00:00,15.783
2022-12-18 16:00:00,7.176
2022-12-18 17:00:00,2.565
2022-12-18 18:00:00,0.588
2022-12-18 19:00:00,0.062
2022-12-18 20:00:00,0.004
2022-12-18 21:00:00,0.006
2022-12-18 22:00:00,0.011
2022-12-18 23:00:00,0.002
2022-12-19 00:00:00,0.0
2022-12-19 01:00:00,0.0
2022-12-19 02:00:00,0.001
2022-12-19 03:00:00,0.007
2022-12-19 04:00:00,0.023
2022-12-19 05:00:00,0.06
2022-12-19 06:00:00,0.128
2022-12-19 07:00:00,0.332
2022-12-19 08:00:00,0.707
2022-12-19 09:00:00,0.8190000000000001
2022-12-19 10:00:00,1.508
2022-12-19 11:00:00,2.279
2022-12-19 12:00:00,2.294
2022-12-19 13:00:00,1.811
2022-12-19 14:00:00,1.35
2022-12-19 15:00:00,1.975
2022-12-19 16:00:00,4.558
2022-12-19 17:00:00,6.477
2022-12-19 18:00:00,6.04
2022-12-19 19:00:00,4.817
2022-12-19 20:00:00,3.733
2022-12-19 21:00:00,3.424
2022-12-19 22:00:00,3.629
2022-12-19 23:00:00,4.239
2022-12-20 00:00:00,5.195
2022-12-20 01:00:00,6.658
2022-12-20 02:00:00,8.166
2022-12-20 03:00:00,8.324
2022-12-20 04:00:00,6.722
2022-12-20 05:00:00,7.378
2022-12-20 06:00:00,11.397
2022-12-20 07:00:00,15.784
2022-12-20 08:00:00,16.956
2022-12-20 09:00:00,16.303
2022-12-20 10:00:00,13.992
2022-12-20 11:00:00,11.873
2022-12-20 12:00:00,11.179
2022-12-20 13:00:00,9.471
2022-12-20 14:00:00,9.528
2022-12-20 15:00:00,14.46
2022-12-20 16:00:00,19.097
2022-12-20 17:00:00,20.379
2022-12-20 18:00:00,20.731
2022-12-20 19:00:00,21.438
2022-12-20 20:00:00,20.379
2022-12-20 21:00:00,18.975
2022-12-20 22:00:00,17.358
2022-12-20 23:00:00,16.426
2022-12-21 00:00:00,17.773
2022-12-21 01:00:00,20.257
2022-12-21 02:00:00,22.597
2022-12-21 03:00:00,24.282
2022-12-21 04:00:00,24.722
2022-12-21 05:00:00,26.194
2022-12-21 06:00:00,28.398
2022-12-21 07:00:00,31.326
2022-12-21 08:00:00,28.75
2022-12-21 09:00:00,34.444
2022-12-21 10:00:00,34.778
2022-12-21 11:00:00,33.186
2022-12-21 12:00:00,30.91
2022-12-21 13:00:00,27.741
2022-12-21 14:00:00,24.457
2022-12-21 15:00:00,20.934
2022-12-21 16:00:00,18.313
2022-12-21 17:00:00,16.834
2022-12-21 18:00:00,16.013
2022-12-21 19:00:00,16.635
2022-12-21 20:00:00,18.012
2022-12-21 21:00:00,19.151
2022-12-21 22:00:00,19.917
2022-12-21 23:00:00,20.976
2022-12-22 00:00:00,22.778
2022-12-22 01:00:00,25.103
2022-12-22 02:00:00,28.455
2022-12-22 03:00:00,31.39
2022-12-22 04:00:00,32.981
2022-12-22 05:00:00,33.084
2022-12-22 06:00:00,32.373
2022-12-22 07:00:00,31.217
2022-12-22 08:00:00,31.406
2022-12-22 09:00:00,38.173
2022-12-22 10:00:00,42.198
2022-12-22 11:00:00,43.914
2022-12-22 12:00:00,44.397
2022-12-22 13:00:00,44.612
2022-12-22 14:00:00,44.83
2022-12-22 15:00:00,44.577
2022-12-22 16:00:00,43.069
2022-12-22 17:00:00,41.665
2022-12-22 18:00:00,40.499
2022-12-22 19:00:00,39.232
2022-12-22 20:00:00,38.13
2022-12-22 21:00:00,37.239
2022-12-22 22:00:00,37.127
2022-12-22 23:00:00,37.097
2022-12-23 00:00:00,36.327
2022-12-23 01:00:00,35.688
2022-12-23 02:00:00,33.676
2022-12-23 03:00:00,33.012
2022-12-23 04:00:00,33.496
2022-12-23 05:00:00,35.428
2022-12-23 06:00:00,38.193
2022-12-23 07:00:00,40.124
2022-12-23 08:00:00,41.661
2022-12-23 09:00:00,43.41
2022-12-23 10:00:00,43.976
2022-12-23 11:00:00,43.875
2022-12-23 12:00:00,43.419
2022-12-23 13:00:00,43.005
2022-12-23 14:00:00,42.638
2022-12-23 15:00:00,42.318
2022-12-23 16:00:00,40.417
2022-12-23 17:00:00,37.667
2022-12-23 18:00:00,37.019
2022-12-23 19:00:00,37.35
2022-12-23 20:00:00,37.952
2022-12-23 21:00:00,38.647
2022-12-23 22:00:00,38.897
2022-12-23 23:00:00,38.107
2022-12-24 00:00:00,37.109
2022-12-24 01:00:00,37.098
2022-12-24 02:00:00,37.649
2022-12-24 03:00:00,39.63
2022-12-24 04:00:00,38.564
2022-12-24 05:00:00,38.106
2022-12-24 06:00:00,36.713
2022-12-24 07:00:00,35.426
2022-12-24 08:00:00,37.099
2022-12-24 09:00:00,41.405
2022-12-24 10:00:00,42.259
2022-12-24 11:00:00,42.174
2022-12-24 12:00:00,41.487
2022-12-24 13:00:00,40.561
2022-12-24 14:00:00,39.612
2022-12-24 15:00:00,37.832
2022-12-24 16:00:00,34.996
2022-12-24 17:00:00,34.671
2022-12-24 18:00:00,36.765
2022-12-24 19:00:00,38.674
2022-12-24 20:00:00,38.181
2022-12-24 21:00:00,37.393
2022-12-24 22:00:00,36.933
2022-12-24 23:00:00,35.708
2022-12-25 00:00:00,35.475
2022-12-25 01:00:00,35.288
2022-12-25 02:00:00,34.8
2022-12-25 03:00:00,34.179
2022-12-25 04:00:00,33.528
2022-12-25 05:00:00,32.37
2022-12-25 06:00:00,29.703
2022-12-25 07:00:00,26.534
2022-12-25 08:00:00,19.523
2022-12-25 09:00:00,19.706
2022-12-25 10:00:00,17.772
2022-12-25 11:00:00,15.271
2022-12-25 12:00:00,13.72
2022-12-25 13:00:00,12.967
2022-12-25 14:00:00,11.139
2022-12-25 15:00:00,9.135
2022-12-25 16:00:00,7.718
2022-12-25 17:00:00,8.36
2022-12-25 18:00:00,9.522
2022-12-25 19:00:00,9.91
2022-12-25 20:00:00,10.459
2022-12-25 21:00:00,10.523
2022-12-25 22:00:00,10.274
2022-12-25 23:00:00,9.947
2022-12-26 00:00:00,9.946
2022-12-26 01:00:00,10.701
2022-12-26 02:00:00,12.067
2022-12-26 03:00:00,13.611
2022-12-26 04:00:00,14.486
2022-12-26 05:00:00,14.598
2022-12-26 06:00:00,14.124
2022-12-26 07:00:00,13.207
2022-12-26 08:00:00,11.014
2022-12-26 09:00:00,9.763
2022-12-26 10:00:00,9.713
2022-12-26 11:00:00,8.605
2022-12-26 12:00:00,7.676
2022-12-26 13:00:00,7.222
2022-12-26 14:00:00,7.006
2022-12-26 15:00:00,7.13
2022-12-26 16:00:00,7.859
2022-12-26 17:00:00,7.931
2022-12-26 18:00:00,7.692
2022-12-26 19:00:00,7.919
2022-12-26 20:00:00,8.442
2022-12-26 21:00:00,8.928
2022-12-26 22:00:00,9.523
2022-12-26 23:00:00,10.367
2022-12-27 00:00:00,11.217
2022-12-27 01:00:00,11.183
2022-12-27 02:00:00,9.987
2022-12-27 03:00:00,8.442
2022-12-27 04:00:00,6.378
2022-12-27 05:00:00,4.46
2022-12-27 06:00:00,2.876
2022-12-27 07:00:00,2.077
2022-12-27 08:00:00,1.826
2022-12-27 09:00:00,1.159
2022-12-27 10:00:00,1.365
2022-12-27 11:00:00,2.59
2022-12-27 12:00:00,4.338
2022-12-27 13:00:00,6.572
2022-12-27 14:00:00,9.445
2022-12-27 15:00:00,12.43
2022-12-27 16:00:00,17.238
2022-12-27 17:00:00,23.159
2022-12-27 18:00:00,25.404
2022-12-27 19:00:00,25.85
2022-12-27 20:00:00,25.454
2022-12-27 21:00:00,26.534
2022-12-27 22:00:00,27.733
2022-12-27 23:00:00,29.082
2022-12-28 00:00:00,30.902
2022-12-28 01:00:00,32.298
2022-12-28 02:00:00,33.212
2022-12-28 03:00:00,32.827
2022-12-28 04:00:00,30.661
2022-12-28 05:00:00,27.188
2022-12-28 06:00:00,22.788
2022-12-28 07:00:00,18.976
2022-12-28 08:00:00,12.76
2022-12-28 09:00:00,10.828
2022-12-28 10:00:00,12.45
2022-12-28 11:00:00,13.525
2022-12-28 12:00:00,15.835
2022-12-28 13:00:00,18.013
2022-12-28 14:00:00,19.387
2022-12-28 15:00:00,17.646
2022-12-28 16:00:00,15.448
2022-12-28 17:00:00,12.762
2022-12-28 18:00:00,10.098
2022-12-28 19:00:00,8.758
2022-12-28 20:00:00,8.432
2022-12-28 21:00:00,8.529
2022-12-28 22:00:00,8.942
2022-12-28 23:00:00,9.373
2022-12-29 00:00:00,9.463
2022-12-29 01:00:00,9.28
2022-12-29 02:00:00,9.459
2022-12-29 03:00:00,9.948
2022-12-29 04:00:00,10.329
2022-12-29 05:00:00,11.241
2022-12-29 06:00:00,12.838
2022-12-29 07:00:00,14.878
2022-12-29 08:00:00,13.574
2022-12-29 09:00:00,7.392
2022-12-29 10:00:00,9.092
2022-12-29 11:00:00,13.133
2022-12-29 12:00:00,16.827
2022-12-29 13:00:00,19.534
2022-12-29 14:00:00,19.969
2022-12-29 15:00:00,19.189
2022-12-29 16:00:00,19.108
2022-12-29 17:00:00,19.401
2022-12-29 18:00:00,18.193
2022-12-29 19:00:00,17.038
2022-12-29 20:00:00,16.979
2022-12-29 21:00:00,17.196
2022-12-29 22:00:00,16.845
2022-12-29 23:00:00,15.785
2022-12-30 00:00:00,14.596
2022-12-30 01:00:00,13.573
2022-12-30 02:00:00,12.264
2022-12-30 03:00:00,10.715
2022-12-30 04:00:00,9.383
2022-12-30 05:00:00,8.234
2022-12-30 06:00:00,7.057
2022-12-30 07:00:00,6.1
2022-12-30 08:00:00,5.177
2022-12-30 09:00:00,3.389
2022-12-30 10:00:00,3.169
2022-12-30 11:00:00,3.559
2022-12-30 12:00:00,4.625
2022-12-30 13:00:00,5.964
2022-12-30 14:00:00,6.962
2022-12-30 15:00:00,7.201
2022-12-30 16:00:00,7.776
2022-12-30 17:00:00,7.638
2022-12-30 18:00:00,7.129
2022-12-30 19:00:00,6.588
2022-12-30 20:00:00,6.374
2022-12-30 21:00:00,6.776
2022-12-30 22:00:00,7.646
2022-12-30 23:00:00,9.114
2022-12-31 00:00:00,10.367
2022-12-31 01:00:00,11.04
2022-12-31 02:00:00,11.489
2022-12-31 03:00:00,11.619
2022-12-31 04:00:00,11.258
2022-12-31 05:00:00,10.721
2022-12-31 06:00:00,10.509
2022-12-31 07:00:00,10.627
2022-12-31 08:00:00,9.763
2022-12-31 09:00:00,5.386
2022-12-31 10:00:00,4.345
2022-12-31 11:00:00,8.202
2022-12-31 12:00:00,10.737
2022-12-31 13:00:00,9.316
2022-12-31 14:00:00,5.955
2022-12-31 15:00:00,3.953
2022-12-31 16:00:00,2.817
2022-12-31 17:00:00,2.357
2022-12-31 18:00:00,2.306
2022-12-31 19:00:00,2.601
2022-12-31 20:00:00,3.431
2022-12-31 21:00:00,4.798
2022-12-31 22:00:00,6.648
2022-12-31 23:00:00,10.016
2023-01-01 00:00:00,14.873
2023-01-01 01:00:00,18.855
2023-01-01 02:00:00,21.594
2023-01-01 03:00:00,22.692
2023-01-01 04:00:00,23.79
2023-01-01 05:00:00,23.864
2023-01-01 06:00:00,22.367
2023-01-01 07:00:00,20.077
